1	38 
2	45 
3	30 
4	29 
5	33 
6	30 
7	68 
8	2 
9	4 
10	87 
11	39 
12	78 
13	3 
14	11 
15	24 
16	79 
17	78 
18	45 
19	66 
20	23 
21	70 
22	1 
23	45 
24	30 
25	42 
26	63 
27	90 
28	2 
29	63 
30	60 
31	68 
32	61 
33	52 
34	73 
35	19 
36	61 
37	19 
38	39 
39	1 
40	44 
41	73 
42	51 
43	51 
44	87 
45	80 
46	81 
47	61 
48	54 
49	25 
50	85 
51	3 
52	45 
53	2 
54	40 
55	33 
56	81 
57	33 
58	93 
59	78 
60	86 
61	59 
62	16 
63	89 
64	40 
65	59 
66	85 
67	52 
68	93 
69	52 
70	69 
71	15 
72	23 
73	13 
74	63 
75	78 
76	14 
77	93 
78	4 
79	18 
80	21 
81	79 
82	45 
83	61 
84	13 
85	8 
86	68 
87	79 
88	23 
89	73 
90	51 
91	6 
92	8 
93	1 
94	91 
95	3 
96	33 
97	11 
98	70 
99	34 
100	36 
101	61 
102	66 
103	79 
104	80 
105	51 
106	79 
107	65 
108	22 
109	87 
110	47 
111	69 
112	31 
113	13 
114	55 
115	15 
116	23 
117	25 
118	87 
119	19 
120	73 
121	66 
122	57 
123	74 
124	74 
125	18 
126	73 
127	86 
128	80 
129	1 
130	2 
131	56 
132	30 
133	36 
134	7 
135	85 
136	51 
137	29 
138	81 
139	3 
140	19 
141	84 
142	93 
143	73 
144	15 
145	39 
146	88 
147	23 
148	39 
149	19 
150	47 
151	6 
152	32 
153	33 
154	68 
155	78 
156	69 
157	11 
158	79 
159	76 
160	18 
161	72 
162	66 
163	2 
164	16 
165	14 
166	44 
167	89 
168	24 
169	29 
170	42 
171	23 
172	33 
173	4 
174	39 
175	79 
176	85 
177	76 
178	88 
179	25 
180	23 
181	51 
182	62 
183	2 
184	61 
185	84 
186	52 
187	91 
188	87 
189	1 
190	92 
191	80 
192	9 
193	38 
194	65 
195	13 
196	92 
197	44 
198	29 
199	53 
200	18 
201	43 
202	51 
203	66 
204	23 
205	56 
206	45 
207	79 
208	66 
209	18 
210	19 
211	7 
212	33 
213	42 
214	1 
215	34 
216	42 
217	79 
218	45 
219	18 
220	62 
221	12 
222	63 
223	9 
224	2 
225	72 
226	56 
227	50 
228	56 
229	90 
230	48 
231	72 
232	16 
233	89 
234	23 
235	80 
236	73 
237	86 
238	23 
239	41 
240	61 
241	78 
242	2 
243	59 
244	87 
245	13 
246	52 
247	93 
248	44 
249	2 
250	79 
251	41 
252	29 
253	24 
254	41 
255	66 
256	45 
257	49 
258	1 
259	88 
260	61 
261	52 
262	28 
263	4 
264	68 
265	63 
266	49 
267	85 
268	1 
269	33 
270	27 
271	25 
272	66 
273	93 
274	10 
275	85 
276	27 
277	66 
278	87 
279	45 
280	29 
281	73 
282	82 
283	15 
284	45 
285	4 
286	11 
287	11 
288	26 
289	23 
290	19 
291	78 
292	72 
293	73 
294	39 
295	87 
296	28 
297	69 
298	67 
299	18 
300	4 
301	80 
302	62 
303	85 
304	32 
305	43 
306	66 
307	76 
308	80 
309	85 
310	19 
311	43 
312	1 
313	23 
314	89 
315	34 
316	80 
317	19 
318	8 
319	85 
320	79 
321	66 
322	69 
323	18 
324	14 
325	66 
326	33 
327	1 
328	93 
329	39 
330	79 
331	19 
332	39 
333	85 
334	2 
335	48 
336	88 
337	89 
338	85 
339	78 
340	78 
341	19 
342	85 
343	51 
344	69 
345	79 
346	32 
347	72 
348	32 
349	4 
350	4 
351	79 
352	23 
353	39 
354	82 
355	18 
356	4 
357	33 
358	66 
359	28 
360	66 
361	24 
362	4 
363	79 
364	65 
365	18 
366	54 
367	29 
368	1 
369	2 
370	62 
371	42 
372	85 
373	79 
374	23 
375	27 
376	73 
377	6 
378	11 
379	1 
380	76 
381	80 
382	53 
383	46 
384	61 
385	50 
386	26 
387	41 
388	55 
389	17 
390	37 
391	56 
392	37 
393	88 
394	4 
395	80 
396	18 
397	24 
398	21 
399	29 
400	79 
401	19 
402	7 
403	27 
404	13 
405	6 
406	33 
407	36 
408	76 
409	31 
410	21 
411	15 
412	78 
413	29 
414	85 
415	23 
416	65 
417	8 
418	73 
419	1 
420	75 
421	4 
422	69 
423	39 
424	18 
425	93 
426	9 
427	17 
428	29 
429	37 
430	4 
431	71 
432	86 
433	75 
434	32 
435	52 
436	19 
437	28 
438	73 
439	18 
440	88 
441	93 
442	32 
443	68 
444	19 
445	30 
446	54 
447	23 
448	23 
449	69 
450	20 
451	28 
452	15 
453	2 
454	61 
455	14 
456	45 
457	78 
458	49 
459	19 
460	19 
461	55 
462	93 
463	83 
464	52 
465	63 
466	17 
467	45 
468	86 
469	8 
470	4 
471	39 
472	39 
473	16 
474	57 
475	48 
476	19 
477	45 
478	32 
479	19 
480	52 
481	21 
482	8 
483	69 
484	87 
485	18 
486	4 
487	57 
488	78 
489	6 
490	18 
491	26 
492	83 
493	51 
494	51 
495	40 
496	45 
497	3 
498	44 
499	19 
500	48 
501	37 
502	11 
503	13 
504	50 
505	1 
506	69 
507	87 
508	15 
509	40 
510	67 
511	24 
512	44 
513	77 
514	1 
515	37 
516	42 
517	78 
518	32 
519	39 
520	73 
521	39 
522	51 
523	23 
524	78 
525	57 
526	1 
527	47 
528	78 
529	33 
530	79 
531	24 
532	80 
533	45 
534	29 
535	52 
536	60 
537	66 
538	18 
539	45 
540	51 
541	45 
542	36 
543	1 
544	32 
545	42 
546	32 
547	8 
548	18 
549	4 
550	88 
551	56 
552	93 
553	88 
554	73 
555	68 
556	36 
557	36 
558	44 
559	5 
560	40 
561	18 
562	66 
563	29 
564	3 
565	18 
566	64 
567	79 
568	4 
569	70 
570	59 
571	79 
572	19 
573	72 
574	43 
575	51 
576	39 
577	9 
578	19 
579	73 
580	1 
581	66 
582	39 
583	42 
584	40 
585	38 
586	3 
587	73 
588	29 
589	31 
590	29 
591	51 
592	90 
593	21 
594	85 
595	59 
596	9 
597	74 
598	29 
599	80 
600	40 
601	35 
602	32 
603	91 
604	1 
605	2 
606	40 
607	88 
608	1 
609	80 
610	89 
611	36 
612	80 
613	3 
614	68 
615	66 
616	33 
617	81 
618	42 
619	87 
620	8 
621	42 
622	40 
623	4 
624	60 
625	51 
626	15 
627	43 
628	85 
629	85 
630	39 
631	53 
632	34 
633	38 
634	15 
635	8 
636	62 
637	53 
638	54 
639	85 
640	13 
641	18 
642	2 
643	52 
644	34 
645	1 
646	63 
647	39 
648	79 
649	85 
650	2 
651	69 
652	69 
653	91 
654	33 
655	34 
656	32 
657	11 
658	13 
659	57 
660	63 
661	27 
662	18 
663	10 
664	42 
665	68 
666	18 
667	41 
668	23 
669	66 
670	45 
671	61 
672	45 
673	45 
674	93 
675	69 
676	12 
677	9 
678	1 
679	13 
680	71 
681	52 
682	2 
683	36 
684	30 
685	42 
686	3 
687	39 
688	20 
689	80 
690	66 
691	1 
692	23 
693	18 
694	46 
695	3 
696	23 
697	45 
698	79 
699	82 
700	80 
701	15 
702	80 
703	86 
704	87 
705	44 
706	21 
707	49 
708	75 
709	81 
710	45 
711	44 
712	44 
713	30 
714	18 
715	27 
716	6 
717	53 
718	68 
719	7 
720	60 
721	78 
722	58 
723	18 
724	79 
725	79 
726	11 
727	64 
728	85 
729	72 
730	87 
731	51 
732	23 
733	79 
734	46 
735	93 
736	83 
737	88 
738	7 
739	35 
740	93 
741	45 
742	80 
743	64 
744	39 
745	17 
746	85 
747	93 
748	36 
749	66 
750	63 
751	1 
752	52 
753	66 
754	19 
755	48 
756	45 
757	73 
758	2 
759	80 
760	78 
761	18 
762	39 
763	55 
764	13 
765	17 
766	79 
767	9 
768	64 
769	90 
770	2 
771	5 
772	83 
773	4 
774	53 
775	1 
776	55 
777	34 
778	77 
779	1 
780	26 
781	65 
782	51 
783	67 
784	56 
785	78 
786	65 
787	68 
788	9 
789	9 
790	79 
791	79 
792	25 
793	62 
794	64 
795	69 
796	45 
797	69 
798	77 
799	51 
800	85 
801	79 
802	23 
803	75 
804	73 
805	71 
806	15 
807	38 
808	73 
809	29 
810	33 
811	19 
812	80 
813	3 
814	70 
815	73 
816	13 
817	23 
818	64 
819	3 
820	75 
821	33 
822	42 
823	66 
824	4 
825	73 
826	13 
827	76 
828	25 
829	69 
830	18 
831	4 
832	71 
833	48 
834	45 
835	80 
836	45 
837	45 
838	1 
839	15 
840	39 
841	19 
842	14 
843	85 
844	82 
845	24 
846	35 
847	46 
848	2 
849	19 
850	70 
851	78 
852	32 
853	69 
854	42 
855	80 
856	3 
857	51 
858	93 
859	79 
860	79 
861	80 
862	1 
863	33 
864	36 
865	39 
866	58 
867	59 
868	78 
869	63 
870	37 
871	19 
872	4 
873	90 
874	37 
875	13 
876	82 
877	81 
878	80 
879	73 
880	33 
881	19 
882	73 
883	31 
884	85 
885	51 
886	66 
887	1 
888	72 
889	48 
890	87 
891	80 
892	1 
893	36 
894	19 
895	90 
896	88 
897	77 
898	4 
899	67 
900	39 
901	39 
902	68 
903	80 
904	1 
905	4 
906	51 
907	1 
908	61 
909	49 
910	42 
911	77 
912	52 
913	80 
914	19 
915	87 
916	33 
917	77 
918	5 
919	20 
920	69 
921	78 
922	67 
923	79 
924	2 
925	38 
926	23 
927	85 
928	88 
929	9 
930	33 
931	5 
932	15 
933	52 
934	53 
935	66 
936	12 
937	28 
938	36 
939	80 
940	80 
941	81 
942	34 
943	29 
944	51 
945	60 
946	71 
947	78 
948	19 
949	87 
950	23 
951	1 
952	87 
953	39 
954	23 
955	49 
956	12 
957	85 
958	66 
959	39 
960	87 
961	6 
962	54 
963	19 
964	57 
965	35 
966	4 
967	92 
968	65 
969	79 
970	31 
971	19 
972	46 
973	23 
974	44 
975	74 
976	4 
977	51 
978	64 
979	72 
980	73 
981	38 
982	23 
983	93 
984	73 
985	45 
986	19 
987	86 
988	71 
989	6 
990	40 
991	61 
992	46 
993	80 
994	79 
995	80 
996	14 
997	42 
998	37 
999	60 
1000	87 
1001	64 
1002	80 
1003	18 
1004	69 
1005	85 
1006	79 
1007	67 
1008	2 
1009	19 
1010	2 
1011	80 
1012	87 
1013	74 
1014	93 
1015	4 
1016	3 
1017	78 
1018	87 
1019	66 
1020	78 
1021	18 
1022	83 
1023	33 
1024	51 
1025	25 
1026	85 
1027	39 
1028	91 
1029	40 
1030	12 
1031	82 
1032	61 
1033	24 
1034	79 
1035	2 
1036	85 
1037	78 
1038	62 
1039	58 
1040	93 
1041	44 
1042	25 
1043	23 
1044	32 
1045	79 
1046	61 
1047	38 
1048	53 
1049	88 
1050	4 
1051	54 
1052	47 
1053	18 
1054	39 
1055	78 
1056	18 
1057	78 
1058	33 
1059	79 
1060	78 
1061	51 
1062	78 
1063	29 
1064	51 
1065	29 
1066	3 
1067	11 
1068	33 
1069	91 
1070	10 
1071	85 
1072	45 
1073	31 
1074	85 
1075	51 
1076	1 
1077	66 
1078	42 
1079	13 
1080	29 
1081	43 
1082	38 
1083	80 
1084	4 
1085	80 
1086	19 
1087	44 
1088	18 
1089	79 
1090	80 
1091	77 
1092	9 
1093	73 
1094	3 
1095	40 
1096	34 
1097	23 
1098	85 
1099	69 
1100	80 
1101	88 
1102	86 
1103	14 
1104	79 
1105	57 
1106	90 
1107	63 
1108	66 
1109	66 
1110	52 
1111	91 
1112	87 
1113	52 
1114	39 
1115	18 
1116	36 
1117	39 
1118	17 
1119	21 
1120	47 
1121	51 
1122	48 
1123	7 
1124	18 
1125	23 
1126	85 
1127	32 
1128	51 
1129	71 
1130	18 
1131	45 
1132	41 
1133	13 
1134	10 
1135	11 
1136	30 
1137	64 
1138	13 
1139	19 
1140	17 
1141	18 
1142	30 
1143	37 
1144	35 
1145	42 
1146	15 
1147	69 
1148	87 
1149	36 
1150	85 
1151	9 
1152	41 
1153	33 
1154	56 
1155	8 
1156	1 
1157	87 
1158	46 
1159	54 
1160	66 
1161	71 
1162	30 
1163	18 
1164	32 
1165	18 
1166	79 
1167	18 
1168	36 
1169	33 
1170	76 
1171	22 
1172	80 
1173	22 
1174	30 
1175	74 
1176	24 
1177	5 
1178	85 
1179	73 
1180	11 
1181	21 
1182	71 
1183	72 
1184	11 
1185	78 
1186	80 
1187	71 
1188	88 
1189	83 
1190	28 
1191	4 
1192	15 
1193	90 
1194	29 
1195	62 
1196	4 
1197	18 
1198	22 
1199	85 
1200	80 
1201	19 
1202	23 
1203	14 
1204	41 
1205	44 
1206	11 
1207	46 
1208	87 
1209	69 
1210	87 
1211	18 
1212	64 
1213	19 
1214	50 
1215	69 
1216	62 
1217	88 
1218	38 
1219	2 
1220	60 
1221	93 
1222	61 
1223	40 
1224	23 
1225	72 
1226	13 
1227	88 
1228	78 
1229	30 
1230	21 
1231	33 
1232	51 
1233	69 
1234	78 
1235	40 
1236	73 
1237	78 
1238	52 
1239	19 
1240	85 
1241	80 
1242	1 
1243	33 
1244	66 
1245	69 
1246	23 
1247	11 
1248	1 
1249	2 
1250	82 
1251	19 
1252	46 
1253	5 
1254	23 
1255	51 
1256	85 
1257	73 
1258	75 
1259	4 
1260	93 
1261	69 
1262	44 
1263	85 
1264	73 
1265	33 
1266	69 
1267	21 
1268	69 
1269	4 
1270	53 
1271	53 
1272	2 
1273	51 
1274	26 
1275	36 
1276	93 
1277	13 
1278	50 
1279	6 
1280	19 
1281	66 
1282	4 
1283	53 
1284	19 
1285	79 
1286	18 
1287	78 
1288	92 
1289	18 
1290	41 
1291	91 
1292	40 
1293	66 
1294	40 
1295	3 
1296	2 
1297	13 
1298	79 
1299	4 
1300	51 
1301	44 
1302	33 
1303	32 
1304	50 
1305	40 
1306	63 
1307	79 
1308	79 
1309	5 
1310	37 
1311	58 
1312	85 
1313	60 
1314	8 
1315	6 
1316	30 
1317	19 
1318	25 
1319	92 
1320	36 
1321	18 
1322	93 
1323	66 
1324	79 
1325	1 
1326	51 
1327	1 
1328	87 
1329	80 
1330	51 
1331	79 
1332	13 
1333	33 
1334	73 
1335	3 
1336	44 
1337	2 
1338	66 
1339	13 
1340	32 
1341	71 
1342	84 
1343	51 
1344	4 
1345	70 
1346	42 
1347	36 
1348	1 
1349	64 
1350	15 
1351	1 
1352	39 
1353	87 
1354	68 
1355	18 
1356	72 
1357	1 
1358	16 
1359	29 
1360	33 
1361	39 
1362	55 
1363	32 
1364	66 
1365	52 
1366	66 
1367	47 
1368	22 
1369	1 
1370	13 
1371	52 
1372	2 
1373	80 
1374	56 
1375	39 
1376	73 
1377	42 
1378	44 
1379	64 
1380	85 
1381	66 
1382	29 
1383	33 
1384	52 
1385	9 
1386	30 
1387	32 
1388	51 
1389	45 
1390	23 
1391	66 
1392	77 
1393	52 
1394	29 
1395	45 
1396	73 
1397	12 
1398	51 
1399	13 
1400	19 
1401	18 
1402	53 
1403	79 
1404	66 
1405	39 
1406	42 
1407	30 
1408	81 
1409	44 
1410	29 
1411	17 
1412	69 
1413	11 
1414	80 
1415	79 
1416	69 
1417	80 
1418	79 
1419	93 
1420	66 
1421	56 
1422	51 
1423	34 
1424	51 
1425	87 
1426	7 
1427	71 
1428	29 
1429	77 
1430	45 
1431	29 
1432	51 
1433	26 
1434	78 
1435	23 
1436	39 
1437	2 
1438	3 
1439	18 
1440	22 
1441	66 
1442	80 
1443	19 
1444	24 
1445	85 
1446	17 
1447	2 
1448	85 
1449	51 
1450	23 
1451	32 
1452	62 
1453	74 
1454	3 
1455	4 
1456	30 
1457	87 
1458	33 
1459	79 
1460	85 
1461	15 
1462	40 
1463	23 
1464	32 
1465	4 
1466	45 
1467	81 
1468	15 
1469	23 
1470	82 
1471	50 
1472	34 
1473	4 
1474	4 
1475	39 
1476	2 
1477	7 
1478	80 
1479	57 
1480	79 
1481	15 
1482	91 
1483	78 
1484	32 
1485	63 
1486	73 
1487	52 
1488	42 
1489	53 
1490	44 
1491	80 
1492	79 
1493	32 
1494	39 
1495	17 
1496	80 
1497	31 
1498	23 
1499	18 
1500	32 
1501	14 
1502	24 
1503	79 
1504	93 
1505	47 
1506	91 
1507	56 
1508	66 
1509	64 
1510	93 
1511	15 
1512	33 
1513	18 
1514	52 
1515	39 
1516	93 
1517	29 
1518	52 
1519	54 
1520	58 
1521	15 
1522	29 
1523	85 
1524	11 
1525	69 
1526	90 
1527	79 
1528	78 
1529	52 
1530	19 
1531	15 
1532	73 
1533	33 
1534	15 
1535	1 
1536	29 
1537	32 
1538	19 
1539	6 
1540	46 
1541	92 
1542	31 
1543	78 
1544	51 
1545	84 
1546	58 
1547	73 
1548	24 
1549	87 
1550	29 
1551	8 
1552	51 
1553	88 
1554	42 
1555	4 
1556	53 
1557	4 
1558	79 
1559	80 
1560	32 
1561	78 
1562	80 
1563	38 
1564	71 
1565	6 
1566	13 
1567	8 
1568	18 
1569	79 
1570	43 
1571	19 
1572	68 
1573	29 
1574	8 
1575	23 
1576	33 
1577	4 
1578	27 
1579	27 
1580	73 
1581	4 
1582	4 
1583	8 
1584	18 
1585	10 
1586	93 
1587	51 
1588	10 
1589	4 
1590	1 
1591	80 
1592	32 
1593	39 
1594	56 
1595	44 
1596	9 
1597	86 
1598	33 
1599	43 
1600	90 
1601	18 
1602	82 
1603	33 
1604	20 
1605	79 
1606	19 
1607	78 
1608	15 
1609	78 
1610	93 
1611	92 
1612	78 
1613	79 
1614	42 
1615	4 
1616	33 
1617	65 
1618	87 
1619	86 
1620	79 
1621	64 
1622	24 
1623	69 
1624	37 
1625	27 
1626	33 
1627	79 
1628	15 
1629	9 
1630	40 
1631	18 
1632	32 
1633	18 
1634	51 
1635	15 
1636	45 
1637	91 
1638	79 
1639	45 
1640	55 
1641	26 
1642	29 
1643	84 
1644	93 
1645	20 
1646	33 
1647	22 
1648	80 
1649	80 
1650	52 
1651	85 
1652	73 
1653	85 
1654	79 
1655	79 
1656	39 
1657	33 
1658	73 
1659	80 
1660	24 
1661	23 
1662	79 
1663	33 
1664	15 
1665	20 
1666	33 
1667	34 
1668	21 
1669	47 
1670	88 
1671	21 
1672	45 
1673	80 
1674	93 
1675	79 
1676	79 
1677	36 
1678	80 
1679	61 
1680	79 
1681	44 
1682	50 
1683	52 
1684	85 
1685	33 
1686	79 
1687	51 
1688	3 
1689	88 
1690	86 
1691	29 
1692	33 
1693	79 
1694	1 
1695	85 
1696	86 
1697	2 
1698	45 
1699	15 
1700	90 
1701	32 
1702	87 
1703	53 
1704	36 
1705	18 
1706	19 
1707	87 
1708	69 
1709	53 
1710	56 
1711	93 
1712	63 
1713	45 
1714	66 
1715	34 
1716	2 
1717	79 
1718	60 
1719	2 
1720	42 
1721	80 
1722	24 
1723	40 
1724	45 
1725	87 
1726	13 
1727	78 
1728	19 
1729	29 
1730	42 
1731	79 
1732	70 
1733	2 
1734	36 
1735	93 
1736	29 
1737	1 
1738	24 
1739	32 
1740	93 
1741	2 
1742	36 
1743	29 
1744	15 
1745	45 
1746	73 
1747	51 
1748	88 
1749	85 
1750	9 
1751	15 
1752	15 
1753	33 
1754	32 
1755	29 
1756	25 
1757	79 
1758	29 
1759	69 
1760	48 
1761	13 
1762	23 
1763	51 
1764	42 
1765	79 
1766	88 
1767	78 
1768	79 
1769	4 
1770	23 
1771	33 
1772	79 
1773	85 
1774	4 
1775	66 
1776	6 
1777	70 
1778	79 
1779	80 
1780	69 
1781	53 
1782	69 
1783	79 
1784	56 
1785	18 
1786	2 
1787	23 
1788	69 
1789	88 
1790	77 
1791	21 
1792	8 
1793	53 
1794	1 
1795	20 
1796	14 
1797	2 
1798	18 
1799	71 
1800	40 
1801	1 
1802	30 
1803	64 
1804	13 
1805	72 
1806	39 
1807	23 
1808	79 
1809	18 
1810	53 
1811	32 
1812	78 
1813	15 
1814	1 
1815	87 
1816	1 
1817	79 
1818	27 
1819	32 
1820	24 
1821	84 
1822	18 
1823	15 
1824	39 
1825	87 
1826	23 
1827	51 
1828	39 
1829	78 
1830	15 
1831	45 
1832	2 
1833	78 
1834	25 
1835	20 
1836	15 
1837	44 
1838	44 
1839	78 
1840	72 
1841	66 
1842	84 
1843	39 
1844	77 
1845	38 
1846	85 
1847	25 
1848	13 
1849	78 
1850	13 
1851	77 
1852	78 
1853	48 
1854	88 
1855	58 
1856	29 
1857	93 
1858	69 
1859	62 
1860	77 
1861	3 
1862	13 
1863	23 
1864	23 
1865	13 
1866	85 
1867	85 
1868	73 
1869	77 
1870	73 
1871	69 
1872	66 
1873	25 
1874	51 
1875	2 
1876	73 
1877	41 
1878	53 
1879	2 
1880	2 
1881	79 
1882	2 
1883	34 
1884	40 
1885	87 
1886	21 
1887	16 
1888	30 
1889	25 
1890	56 
1891	1 
1892	39 
1893	39 
1894	45 
1895	16 
1896	53 
1897	1 
1898	73 
1899	75 
1900	13 
1901	35 
1902	52 
1903	7 
1904	78 
1905	2 
1906	44 
1907	19 
1908	73 
1909	1 
1910	1 
1911	29 
1912	9 
1913	73 
1914	69 
1915	23 
1916	35 
1917	69 
1918	32 
1919	79 
1920	53 
1921	18 
1922	87 
1923	4 
1924	86 
1925	85 
1926	80 
1927	87 
1928	79 
1929	32 
1930	19 
1931	33 
1932	88 
1933	1 
1934	2 
1935	37 
1936	93 
1937	80 
1938	3 
1939	3 
1940	23 
1941	44 
1942	24 
1943	22 
1944	73 
1945	40 
1946	78 
1947	90 
1948	88 
1949	32 
1950	32 
1951	66 
1952	4 
1953	15 
1954	69 
1955	52 
1956	24 
1957	36 
1958	40 
1959	25 
1960	19 
1961	31 
1962	87 
1963	40 
1964	85 
1965	79 
1966	44 
1967	43 
1968	15 
1969	45 
1970	33 
1971	40 
1972	46 
1973	60 
1974	24 
1975	86 
1976	21 
1977	85 
1978	63 
1979	66 
1980	32 
1981	71 
1982	51 
1983	9 
1984	19 
1985	19 
1986	80 
1987	52 
1988	78 
1989	73 
1990	14 
1991	39 
1992	76 
1993	26 
1994	24 
1995	72 
1996	79 
1997	2 
1998	29 
1999	77 
2000	68 
2001	93 
2002	3 
2003	66 
2004	85 
2005	15 
2006	15 
2007	19 
2008	39 
2009	14 
2010	45 
2011	70 
2012	18 
2013	51 
2014	2 
2015	66 
2016	4 
2017	18 
2018	2 
2019	87 
2020	45 
2021	29 
2022	18 
2023	16 
2024	13 
2025	19 
2026	52 
2027	32 
2028	86 
2029	73 
2030	3 
2031	30 
2032	92 
2033	9 
2034	4 
2035	93 
2036	15 
2037	4 
2038	78 
2039	13 
2040	13 
2041	15 
2042	61 
2043	2 
2044	63 
2045	39 
2046	18 
2047	32 
2048	73 
2049	85 
2050	71 
2051	86 
2052	80 
2053	88 
2054	22 
2055	79 
2056	66 
2057	41 
2058	78 
2059	76 
2060	53 
2061	10 
2062	51 
2063	79 
2064	29 
2065	45 
2066	52 
2067	86 
2068	77 
2069	86 
2070	93 
2071	44 
2072	47 
2073	2 
2074	88 
2075	78 
2076	56 
2077	78 
2078	19 
2079	80 
2080	71 
2081	84 
2082	19 
2083	73 
2084	11 
2085	78 
2086	30 
2087	16 
2088	11 
2089	80 
2090	80 
2091	77 
2092	85 
2093	79 
2094	62 
2095	36 
2096	80 
2097	42 
2098	52 
2099	50 
2100	45 
2101	54 
2102	78 
2103	32 
2104	16 
2105	1 
2106	18 
2107	56 
2108	88 
2109	65 
2110	80 
2111	13 
2112	79 
2113	93 
2114	41 
2115	66 
2116	70 
2117	85 
2118	69 
2119	19 
2120	4 
2121	23 
2122	66 
2123	73 
2124	27 
2125	30 
2126	85 
2127	35 
2128	65 
2129	61 
2130	19 
2131	9 
2132	4 
2133	86 
2134	44 
2135	13 
2136	39 
2137	90 
2138	86 
2139	75 
2140	18 
2141	3 
2142	87 
2143	23 
2144	23 
2145	88 
2146	43 
2147	63 
2148	24 
2149	80 
2150	93 
2151	66 
2152	71 
2153	69 
2154	73 
2155	39 
2156	78 
2157	45 
2158	69 
2159	48 
2160	10 
2161	85 
2162	90 
2163	80 
2164	69 
2165	52 
2166	68 
2167	32 
2168	36 
2169	4 
2170	73 
2171	85 
2172	18 
2173	51 
2174	79 
2175	73 
2176	65 
2177	18 
2178	53 
2179	34 
2180	61 
2181	23 
2182	78 
2183	19 
2184	19 
2185	51 
2186	58 
2187	2 
2188	29 
2189	80 
2190	78 
2191	35 
2192	53 
2193	4 
2194	76 
2195	36 
2196	39 
2197	46 
2198	90 
2199	56 
2200	29 
2201	39 
2202	39 
2203	50 
2204	79 
2205	77 
2206	44 
2207	18 
2208	33 
2209	40 
2210	25 
2211	34 
2212	1 
2213	69 
2214	69 
2215	80 
2216	10 
2217	19 
2218	2 
2219	64 
2220	33 
2221	29 
2222	13 
2223	3 
2224	70 
2225	60 
2226	19 
2227	39 
2228	73 
2229	11 
2230	51 
2231	42 
2232	65 
2233	93 
2234	79 
2235	46 
2236	43 
2237	4 
2238	66 
2239	46 
2240	4 
2241	19 
2242	3 
2243	69 
2244	51 
2245	82 
2246	36 
2247	53 
2248	29 
2249	39 
2250	6 
2251	15 
2252	45 
2253	68 
2254	51 
2255	42 
2256	72 
2257	53 
2258	26 
2259	3 
2260	11 
2261	3 
2262	39 
2263	3 
2264	8 
2265	56 
2266	1 
2267	37 
2268	75 
2269	39 
2270	6 
2271	73 
2272	18 
2273	84 
2274	93 
2275	65 
2276	2 
2277	13 
2278	73 
2279	35 
2280	73 
2281	51 
2282	22 
2283	38 
2284	3 
2285	19 
2286	33 
2287	77 
2288	8 
2289	90 
2290	37 
2291	85 
2292	18 
2293	45 
2294	29 
2295	79 
2296	66 
2297	77 
2298	38 
2299	30 
2300	20 
2301	73 
2302	39 
2303	88 
2304	68 
2305	33 
2306	91 
2307	35 
2308	4 
2309	75 
2310	13 
2311	73 
2312	18 
2313	76 
2314	68 
2315	64 
2316	4 
2317	73 
2318	19 
2319	1 
2320	40 
2321	76 
2322	73 
2323	52 
2324	18 
2325	13 
2326	63 
2327	58 
2328	86 
2329	72 
2330	85 
2331	20 
2332	31 
2333	11 
2334	79 
2335	93 
2336	87 
2337	38 
2338	1 
2339	72 
2340	93 
2341	32 
2342	91 
2343	1 
2344	39 
2345	73 
2346	39 
2347	3 
2348	19 
2349	11 
2350	19 
2351	56 
2352	69 
2353	90 
2354	86 
2355	48 
2356	80 
2357	69 
2358	79 
2359	9 
2360	20 
2361	58 
2362	66 
2363	6 
2364	78 
2365	44 
2366	69 
2367	77 
2368	19 
2369	6 
2370	73 
2371	73 
2372	36 
2373	42 
2374	13 
2375	90 
2376	65 
2377	85 
2378	3 
2379	29 
2380	85 
2381	80 
2382	93 
2383	78 
2384	73 
2385	44 
2386	78 
2387	52 
2388	87 
2389	80 
2390	85 
2391	15 
2392	78 
2393	26 
2394	23 
2395	79 
2396	52 
2397	75 
2398	3 
2399	56 
2400	48 
2401	61 
2402	4 
2403	63 
2404	68 
2405	29 
2406	33 
2407	69 
2408	15 
2409	93 
2410	18 
2411	18 
2412	13 
2413	41 
2414	66 
2415	80 
2416	15 
2417	63 
2418	45 
2419	66 
2420	32 
2421	46 
2422	13 
2423	21 
2424	43 
2425	2 
2426	23 
2427	87 
2428	78 
2429	3 
2430	69 
2431	14 
2432	75 
2433	3 
2434	47 
2435	73 
2436	85 
2437	45 
2438	88 
2439	36 
2440	93 
2441	19 
2442	20 
2443	42 
2444	4 
2445	4 
2446	62 
2447	79 
2448	33 
2449	29 
2450	71 
2451	31 
2452	79 
2453	88 
2454	29 
2455	90 
2456	39 
2457	18 
2458	32 
2459	13 
2460	69 
2461	80 
2462	42 
2463	11 
2464	87 
2465	65 
2466	82 
2467	51 
2468	87 
2469	77 
2470	2 
2471	15 
2472	23 
2473	71 
2474	19 
2475	30 
2476	52 
2477	9 
2478	69 
2479	27 
2480	2 
2481	53 
2482	43 
2483	45 
2484	33 
2485	78 
2486	61 
2487	35 
2488	27 
2489	56 
2490	86 
2491	51 
2492	4 
2493	51 
2494	16 
2495	56 
2496	51 
2497	11 
2498	79 
2499	69 
2500	3 
2501	35 
2502	88 
2503	72 
2504	42 
2505	19 
2506	80 
2507	18 
2508	72 
2509	23 
2510	51 
2511	40 
2512	79 
2513	69 
2514	87 
2515	80 
2516	20 
2517	18 
2518	80 
2519	85 
2520	82 
2521	88 
2522	9 
2523	78 
2524	78 
2525	80 
2526	42 
2527	73 
2528	19 
2529	18 
2530	41 
2531	41 
2532	63 
2533	48 
2534	1 
2535	32 
2536	88 
2537	93 
2538	79 
2539	79 
2540	33 
2541	13 
2542	2 
2543	35 
2544	78 
2545	44 
2546	93 
2547	22 
2548	85 
2549	82 
2550	88 
2551	79 
2552	4 
2553	23 
2554	41 
2555	3 
2556	70 
2557	73 
2558	37 
2559	46 
2560	2 
2561	23 
2562	85 
2563	85 
2564	45 
2565	79 
2566	93 
2567	47 
2568	93 
2569	93 
2570	73 
2571	9 
2572	3 
2573	2 
2574	22 
2575	32 
2576	39 
2577	73 
2578	13 
2579	18 
2580	27 
2581	3 
2582	51 
2583	82 
2584	9 
2585	79 
2586	1 
2587	33 
2588	78 
2589	86 
2590	33 
2591	37 
2592	1 
2593	65 
2594	51 
2595	51 
2596	75 
2597	66 
2598	19 
2599	93 
2600	45 
2601	66 
2602	79 
2603	4 
2604	27 
2605	66 
2606	66 
2607	88 
2608	44 
2609	21 
2610	37 
2611	19 
2612	13 
2613	77 
2614	1 
2615	4 
2616	19 
2617	4 
2618	4 
2619	51 
2620	66 
2621	53 
2622	64 
2623	19 
2624	45 
2625	18 
2626	30 
2627	45 
2628	80 
2629	14 
2630	78 
2631	18 
2632	93 
2633	15 
2634	44 
2635	1 
2636	62 
2637	52 
2638	93 
2639	4 
2640	93 
2641	93 
2642	14 
2643	32 
2644	38 
2645	80 
2646	4 
2647	4 
2648	30 
2649	33 
2650	66 
2651	39 
2652	13 
2653	30 
2654	71 
2655	31 
2656	85 
2657	80 
2658	23 
2659	77 
2660	63 
2661	80 
2662	79 
2663	86 
2664	79 
2665	85 
2666	33 
2667	39 
2668	91 
2669	18 
2670	78 
2671	85 
2672	64 
2673	52 
2674	19 
2675	22 
2676	51 
2677	79 
2678	24 
2679	1 
2680	73 
2681	82 
2682	45 
2683	93 
2684	19 
2685	86 
2686	33 
2687	19 
2688	21 
2689	66 
2690	86 
2691	30 
2692	45 
2693	63 
2694	79 
2695	13 
2696	86 
2697	63 
2698	93 
2699	66 
2700	51 
2701	1 
2702	80 
2703	39 
2704	85 
2705	80 
2706	18 
2707	31 
2708	21 
2709	18 
2710	45 
2711	2 
2712	23 
2713	3 
2714	39 
2715	45 
2716	69 
2717	33 
2718	69 
2719	1 
2720	19 
2721	69 
2722	64 
2723	8 
2724	42 
2725	36 
2726	18 
2727	19 
2728	44 
2729	48 
2730	53 
2731	15 
2732	69 
2733	52 
2734	48 
2735	73 
2736	23 
2737	18 
2738	79 
2739	66 
2740	93 
2741	85 
2742	24 
2743	2 
2744	2 
2745	23 
2746	68 
2747	75 
2748	90 
2749	73 
2750	93 
2751	18 
2752	45 
2753	80 
2754	29 
2755	18 
2756	69 
2757	85 
2758	69 
2759	33 
2760	21 
2761	87 
2762	86 
2763	4 
2764	40 
2765	45 
2766	93 
2767	85 
2768	65 
2769	36 
2770	6 
2771	77 
2772	18 
2773	15 
2774	77 
2775	32 
2776	80 
2777	36 
2778	13 
2779	42 
2780	45 
2781	78 
2782	79 
2783	52 
2784	31 
2785	18 
2786	2 
2787	39 
2788	24 
2789	73 
2790	1 
2791	66 
2792	4 
2793	2 
2794	87 
2795	66 
2796	66 
2797	41 
2798	72 
2799	29 
2800	69 
2801	80 
2802	51 
2803	24 
2804	45 
2805	86 
2806	39 
2807	78 
2808	51 
2809	37 
2810	2 
2811	68 
2812	66 
2813	63 
2814	44 
2815	18 
2816	45 
2817	73 
2818	64 
2819	45 
2820	32 
2821	38 
2822	66 
2823	86 
2824	1 
2825	18 
2826	88 
2827	15 
2828	19 
2829	22 
2830	2 
2831	80 
2832	22 
2833	6 
2834	42 
2835	69 
2836	2 
2837	18 
2838	80 
2839	93 
2840	32 
2841	66 
2842	23 
2843	18 
2844	40 
2845	80 
2846	18 
2847	4 
2848	39 
2849	35 
2850	73 
2851	80 
2852	79 
2853	66 
2854	73 
2855	2 
2856	85 
2857	40 
2858	73 
2859	29 
2860	19 
2861	85 
2862	73 
2863	22 
2864	79 
2865	39 
2866	69 
2867	42 
2868	87 
2869	19 
2870	42 
2871	85 
2872	39 
2873	56 
2874	32 
2875	45 
2876	77 
2877	9 
2878	63 
2879	82 
2880	42 
2881	20 
2882	79 
2883	66 
2884	4 
2885	73 
2886	14 
2887	1 
2888	52 
2889	88 
2890	22 
2891	66 
2892	4 
2893	32 
2894	73 
2895	45 
2896	4 
2897	18 
2898	88 
2899	78 
2900	27 
2901	63 
2902	69 
2903	11 
2904	4 
2905	88 
2906	14 
2907	79 
2908	15 
2909	69 
2910	45 
2911	45 
2912	36 
2913	21 
2914	22 
2915	86 
2916	1 
2917	73 
2918	22 
2919	88 
2920	18 
2921	88 
2922	48 
2923	48 
2924	41 
2925	69 
2926	51 
2927	6 
2928	52 
2929	64 
2930	31 
2931	61 
2932	19 
2933	32 
2934	69 
2935	40 
2936	87 
2937	69 
2938	61 
2939	38 
2940	22 
2941	29 
2942	2 
2943	63 
2944	4 
2945	73 
2946	19 
2947	85 
2948	27 
2949	32 
2950	51 
2951	2 
2952	18 
2953	20 
2954	2 
2955	52 
2956	82 
2957	15 
2958	79 
2959	36 
2960	37 
2961	45 
2962	45 
2963	85 
2964	24 
2965	19 
2966	18 
2967	4 
2968	32 
2969	69 
2970	3 
2971	78 
2972	62 
2973	80 
2974	36 
2975	79 
2976	1 
2977	93 
2978	24 
2979	85 
2980	21 
2981	32 
2982	39 
2983	19 
2984	66 
2985	1 
2986	32 
2987	2 
2988	73 
2989	38 
2990	46 
2991	66 
2992	40 
2993	52 
2994	18 
2995	42 
2996	73 
2997	68 
2998	93 
2999	40 
3000	51 
3001	21 
3002	85 
3003	38 
3004	32 
3005	23 
3006	9 
3007	51 
3008	15 
3009	80 
3010	80 
3011	2 
3012	78 
3013	52 
3014	35 
3015	29 
3016	42 
3017	31 
3018	51 
3019	2 
3020	80 
3021	13 
3022	85 
3023	66 
3024	73 
3025	29 
3026	19 
3027	6 
3028	82 
3029	2 
3030	85 
3031	6 
3032	73 
3033	29 
3034	80 
3035	51 
3036	56 
3037	79 
3038	19 
3039	2 
3040	78 
3041	52 
3042	88 
3043	1 
3044	93 
3045	80 
3046	56 
3047	66 
3048	80 
3049	19 
3050	93 
3051	39 
3052	32 
3053	19 
3054	35 
3055	56 
3056	3 
3057	66 
3058	56 
3059	32 
3060	37 
3061	85 
3062	33 
3063	4 
3064	77 
3065	90 
3066	3 
3067	42 
3068	42 
3069	33 
3070	39 
3071	66 
3072	86 
3073	69 
3074	8 
3075	88 
3076	35 
3077	39 
3078	18 
3079	39 
3080	39 
3081	73 
3082	78 
3083	61 
3084	23 
3085	3 
3086	78 
3087	79 
3088	18 
3089	23 
3090	56 
3091	73 
3092	19 
3093	13 
3094	1 
3095	69 
3096	32 
3097	63 
3098	2 
3099	18 
3100	90 
3101	46 
3102	78 
3103	44 
3104	30 
3105	1 
3106	13 
3107	18 
3108	23 
3109	29 
3110	32 
3111	45 
3112	23 
3113	32 
3114	64 
3115	21 
3116	87 
3117	2 
3118	85 
3119	1 
3120	15 
3121	45 
3122	80 
3123	35 
3124	22 
3125	4 
3126	22 
3127	73 
3128	93 
3129	80 
3130	33 
3131	66 
3132	51 
3133	87 
3134	33 
3135	51 
3136	73 
3137	42 
3138	18 
3139	73 
3140	73 
3141	23 
3142	73 
3143	40 
3144	73 
3145	73 
3146	85 
3147	39 
3148	52 
3149	79 
3150	69 
3151	61 
3152	53 
3153	69 
3154	9 
3155	4 
3156	25 
3157	53 
3158	32 
3159	40 
3160	52 
3161	41 
3162	73 
3163	80 
3164	19 
3165	8 
3166	53 
3167	69 
3168	66 
3169	68 
3170	2 
3171	13 
3172	85 
3173	46 
3174	45 
3175	4 
3176	66 
3177	2 
3178	1 
3179	45 
3180	77 
3181	72 
3182	85 
3183	33 
3184	18 
3185	1 
3186	73 
3187	40 
3188	45 
3189	51 
3190	4 
3191	40 
3192	69 
3193	30 
3194	38 
3195	53 
3196	86 
3197	52 
3198	93 
3199	42 
3200	73 
3201	66 
3202	39 
3203	15 
3204	3 
3205	68 
3206	86 
3207	45 
3208	87 
3209	78 
3210	39 
3211	69 
3212	51 
3213	82 
3214	69 
3215	82 
3216	93 
3217	32 
3218	71 
3219	51 
3220	1 
3221	29 
3222	78 
3223	21 
3224	86 
3225	78 
3226	68 
3227	69 
3228	71 
3229	88 
3230	69 
3231	23 
3232	85 
3233	66 
3234	53 
3235	51 
3236	18 
3237	15 
3238	42 
3239	9 
3240	19 
3241	41 
3242	9 
3243	37 
3244	15 
3245	11 
3246	4 
3247	45 
3248	1 
3249	2 
3250	69 
3251	77 
3252	51 
3253	9 
3254	93 
3255	37 
3256	90 
3257	69 
3258	9 
3259	69 
3260	73 
3261	82 
3262	51 
3263	93 
3264	42 
3265	90 
3266	6 
3267	38 
3268	78 
3269	19 
3270	78 
3271	53 
3272	18 
3273	64 
3274	71 
3275	80 
3276	29 
3277	6 
3278	22 
3279	85 
3280	87 
3281	30 
3282	19 
3283	88 
3284	56 
3285	32 
3286	88 
3287	69 
3288	29 
3289	80 
3290	78 
3291	29 
3292	80 
3293	63 
3294	8 
3295	21 
3296	52 
3297	24 
3298	68 
3299	66 
3300	33 
3301	15 
3302	35 
3303	78 
3304	77 
3305	93 
3306	18 
3307	19 
3308	11 
3309	93 
3310	18 
3311	88 
3312	39 
3313	1 
3314	22 
3315	3 
3316	73 
3317	6 
3318	64 
3319	51 
3320	87 
3321	19 
3322	72 
3323	68 
3324	78 
3325	90 
3326	78 
3327	13 
3328	80 
3329	2 
3330	80 
3331	72 
3332	33 
3333	69 
3334	45 
3335	56 
3336	23 
3337	69 
3338	78 
3339	33 
3340	52 
3341	52 
3342	78 
3343	3 
3344	87 
3345	6 
3346	18 
3347	39 
3348	93 
3349	6 
3350	2 
3351	40 
3352	2 
3353	87 
3354	85 
3355	1 
3356	39 
3357	64 
3358	51 
3359	6 
3360	15 
3361	36 
3362	4 
3363	23 
3364	79 
3365	23 
3366	29 
3367	4 
3368	61 
3369	36 
3370	29 
3371	69 
3372	4 
3373	2 
3374	4 
3375	85 
3376	32 
3377	37 
3378	73 
3379	19 
3380	93 
3381	69 
3382	9 
3383	2 
3384	33 
3385	73 
3386	68 
3387	52 
3388	2 
3389	93 
3390	93 
3391	3 
3392	90 
3393	44 
3394	45 
3395	21 
3396	32 
3397	69 
3398	18 
3399	44 
3400	1 
3401	87 
3402	33 
3403	79 
3404	80 
3405	63 
3406	11 
3407	45 
3408	15 
3409	36 
3410	39 
3411	30 
3412	23 
3413	77 
3414	51 
3415	9 
3416	85 
3417	18 
3418	13 
3419	13 
3420	79 
3421	39 
3422	2 
3423	2 
3424	93 
3425	93 
3426	80 
3427	86 
3428	24 
3429	1 
3430	73 
3431	69 
3432	73 
3433	2 
3434	13 
3435	18 
3436	86 
3437	78 
3438	85 
3439	6 
3440	51 
3441	51 
3442	4 
3443	40 
3444	93 
3445	15 
3446	63 
3447	18 
3448	66 
3449	85 
3450	80 
3451	15 
3452	71 
3453	44 
3454	23 
3455	23 
3456	33 
3457	51 
3458	45 
3459	15 
3460	69 
3461	86 
3462	79 
3463	42 
3464	85 
3465	66 
3466	52 
3467	80 
3468	63 
3469	45 
3470	24 
3471	18 
3472	39 
3473	85 
3474	45 
3475	24 
3476	29 
3477	15 
3478	30 
3479	66 
3480	68 
3481	86 
3482	80 
3483	66 
3484	19 
3485	80 
3486	6 
3487	93 
3488	85 
3489	18 
3490	87 
3491	88 
3492	79 
3493	79 
3494	39 
3495	79 
3496	24 
3497	69 
3498	15 
3499	29 
3500	39 
3501	61 
3502	88 
3503	80 
3504	45 
3505	79 
3506	53 
3507	23 
3508	11 
3509	3 
3510	18 
3511	18 
3512	4 
3513	78 
3514	87 
3515	19 
3516	77 
3517	45 
3518	2 
3519	15 
3520	30 
3521	66 
3522	36 
3523	39 
3524	40 
3525	53 
3526	24 
3527	15 
3528	19 
3529	61 
3530	53 
3531	3 
3532	66 
3533	56 
3534	30 
3535	39 
3536	29 
3537	15 
3538	85 
3539	61 
3540	18 
3541	42 
3542	39 
3543	18 
3544	19 
3545	73 
3546	56 
3547	1 
3548	1 
3549	19 
3550	56 
3551	24 
3552	30 
3553	51 
3554	52 
3555	23 
3556	66 
3557	4 
3558	13 
3559	19 
3560	19 
3561	80 
3562	30 
3563	51 
3564	29 
3565	42 
3566	18 
3567	93 
3568	33 
3569	53 
3570	93 
3571	52 
3572	18 
3573	15 
3574	2 
3575	15 
3576	86 
3577	80 
3578	56 
3579	85 
3580	80 
3581	80 
3582	23 
3583	19 
3584	18 
3585	13 
3586	9 
3587	93 
3588	66 
3589	44 
3590	11 
3591	9 
3592	93 
3593	2 
3594	78 
3595	63 
3596	68 
3597	93 
3598	51 
3599	33 
3600	13 
3601	51 
3602	23 
3603	73 
3604	23 
3605	30 
3606	23 
3607	86 
3608	56 
3609	69 
3610	85 
3611	13 
3612	52 
3613	4 
3614	69 
3615	52 
3616	93 
3617	69 
3618	45 
3619	80 
3620	32 
3621	19 
3622	69 
3623	93 
3624	32 
3625	51 
3626	68 
3627	4 
3628	32 
3629	15 
3630	4 
3631	33 
3632	53 
3633	33 
3634	66 
3635	11 
3636	66 
3637	86 
3638	79 
3639	93 
3640	4 
3641	13 
3642	4 
3643	1 
3644	4 
3645	93 
3646	79 
3647	78 
3648	73 
3649	29 
3650	88 
3651	85 
3652	3 
3653	79 
3654	1 
3655	78 
3656	1 
3657	13 
3658	93 
3659	87 
3660	30 
3661	88 
3662	80 
3663	69 
3664	13 
3665	66 
3666	32 
3667	19 
3668	18 
3669	2 
3670	93 
3671	87 
3672	88 
3673	53 
3674	80 
3675	51 
3676	1 
3677	52 
3678	79 
3679	73 
3680	9 
3681	51 
3682	18 
3683	53 
3684	3 
3685	69 
3686	66 
3687	85 
3688	1 
3689	73 
3690	39 
3691	44 
3692	4 
3693	19 
3694	51 
3695	33 
3696	66 
3697	2 
3698	93 
3699	19 
3700	19 
3701	32 
3702	32 
3703	78 
3704	18 
3705	23 
3706	33 
3707	93 
3708	13 
3709	53 
3710	39 
3711	44 
3712	80 
3713	80 
3714	33 
3715	18 
3716	42 
3717	19 
3718	79 
3719	23 
3720	39 
3721	32 
3722	33 
3723	79 
3724	30 
3725	66 
3726	78 
3727	33 
3728	39 
3729	39 
3730	23 
3731	80 
3732	66 
3733	33 
3734	85 
3735	32 
3736	33 
3737	86 
3738	19 
3739	19 
3740	80 
3741	18 
3742	79 
3743	29 
3744	66 
3745	18 
3746	1 
3747	85 
3748	78 
3749	19 
3750	78 
3751	78 
3752	51 
3753	23 
3754	19 
3755	23 
3756	18 
3757	51 
3758	18 
3759	19 
3760	86 
3761	23 
3762	85 
3763	23 
3764	93 
3765	18 
3766	73 
3767	79 
3768	45 
3769	39 
3770	18 
3771	78 
3772	66 
3773	85 
3774	85 
3775	3 
3776	87 
3777	42 
3778	93 
3779	3 
3780	32 
3781	93 
3782	15 
3783	87 
3784	33 
3785	19 
3786	85 
3787	52 
3788	18 
3789	69 
3790	52 
3791	13 
3792	88 
3793	39 
3794	51 
3795	4 
3796	15 
3797	1 
3798	42 
3799	79 
3800	69 
3801	66 
3802	4 
3803	87 
3804	66 
3805	2 
3806	78 
3807	51 
3808	51 
3809	19 
3810	73 
3811	88 
3812	1 
3813	39 
3814	78 
3815	78 
3816	93 
3817	66 
3818	13 
3819	33 
3820	42 
3821	85 
3822	52 
3823	39 
3824	93 
3825	39 
3826	73 
3827	85 
3828	66 
3829	42 
3830	3 
3831	79 
3832	19 
3833	3 
3834	18 
3835	66 
3836	18 
3837	33 
3838	87 
3839	18 
3840	85 
3841	1 
3842	45 
3843	23 
3844	13 
3845	23 
3846	93 
3847	93 
3848	32 
3849	51 
3850	15 
3851	18 
3852	93 
3853	19 
3854	1 
3855	15 
3856	87 
3857	18 
3858	32 
3859	23 
3860	19 
3861	19 
3862	93 
3863	87 
3864	1 
3865	23 
3866	69 
3867	45 
3868	78 
3869	87 
3870	93 
3871	29 
3872	29 
3873	33 
3874	23 
3875	19 
3876	15 
3877	4 
3878	79 
3879	73 
3880	73 
3881	80 
3882	23 
3883	23 
3884	33 
3885	32 
3886	51 
3887	73 
3888	33 
3889	69 
3890	4 
3891	79 
3892	1 
3893	45 
3894	73 
3895	39 
3896	18 
3897	78 
3898	29 
3899	4 
3900	2 
3901	2 
3902	79 
3903	39 
3904	15 
3905	29 
3906	87 
3907	73 
3908	80 
3909	69 
3910	18 
3911	51 
3912	85 
3913	85 
3914	73 
3915	23 
3916	69 
3917	32 
3918	80 
3919	51 
3920	69 
3921	32 
3922	19 
3923	51 
3924	85 
3925	51 
3926	69 
3927	29 
3928	78 
3929	78 
3930	29 
3931	80 
3932	69 
3933	19 
3934	87 
3935	79 
3936	4 
3937	4 
3938	69 
3939	85 
3940	78 
3941	23 
3942	23 
3943	80 
3944	66 
3945	2 
3946	69 
3947	66 
3948	79 
3949	1 
3950	1 
3951	23 
3952	45 
3953	78 
3954	51 
3955	66 
3956	69 
3957	4 
3958	33 
3959	73 
3960	19 
3961	80 
3962	79 
3963	85 
3964	2 
3965	4 
3966	32 
3967	79 
3968	2 
3969	39 
3970	73 
3971	73 
3972	51 
3973	39 
3974	33 
3975	18 
3976	45 
3977	33 
3978	51 
3979	51 
3980	69 
3981	66 
3982	23 
3983	33 
3984	19 
3985	85 
3986	69 
3987	66 
3988	4 
3989	85 
3990	51 
3991	23 
3992	79 
3993	85 
3994	39 
3995	93 
3996	78 
3997	2 
3998	79 
3999	69 
4000	79 
