1	20 
2	13 
3	1 
4	21 
5	1 
6	16 
7	25 
8	23 
9	23 
10	32 
11	1 
12	25 
13	17 
14	6 
15	13 
16	10 
17	25 
18	2 
19	23 
20	33 
21	33 
22	27 
23	1 
24	25 
25	7 
26	9 
27	2 
28	22 
29	22 
30	31 
31	23 
32	23 
33	7 
34	33 
35	24 
36	25 
37	16 
38	25 
39	23 
40	28 
41	34 
42	14 
43	33 
44	34 
45	10 
46	12 
47	25 
48	2 
49	19 
50	28 
51	9 
52	11 
53	21 
54	5 
55	23 
56	21 
57	12 
58	25 
59	12 
60	8 
61	20 
62	1 
63	34 
64	14 
65	17 
66	12 
67	8 
68	33 
69	22 
70	29 
71	33 
72	33 
73	17 
74	23 
75	22 
76	10 
77	33 
78	10 
79	25 
80	10 
81	31 
82	6 
83	30 
84	19 
85	19 
86	17 
87	28 
88	16 
89	11 
90	1 
91	3 
92	25 
93	22 
94	9 
95	6 
96	16 
97	30 
98	1 
99	19 
100	17 
101	28 
102	9 
103	31 
104	19 
105	21 
106	21 
107	10 
108	11 
109	18 
110	23 
111	1 
112	25 
113	32 
114	19 
115	14 
116	11 
117	33 
118	10 
119	33 
120	16 
121	12 
122	29 
123	20 
124	29 
125	21 
126	26 
127	34 
128	30 
129	31 
130	10 
131	4 
132	21 
133	32 
134	4 
135	11 
136	17 
137	8 
138	23 
139	10 
140	8 
141	9 
142	25 
143	23 
144	10 
145	1 
146	25 
147	1 
148	32 
149	28 
150	21 
151	24 
152	21 
153	15 
154	25 
155	24 
156	33 
157	33 
158	18 
159	23 
160	21 
161	30 
162	20 
163	19 
164	31 
165	8 
166	4 
167	1 
168	17 
169	29 
170	12 
171	33 
172	1 
173	21 
174	1 
175	2 
176	2 
177	10 
178	1 
179	33 
180	12 
181	8 
182	23 
183	1 
184	10 
185	1 
186	24 
187	13 
188	28 
189	25 
190	1 
191	23 
192	12 
193	26 
194	5 
195	21 
196	1 
197	21 
198	33 
199	23 
200	18 
201	16 
202	25 
203	21 
204	7 
205	4 
206	31 
207	21 
208	31 
209	26 
210	25 
211	20 
212	21 
213	18 
214	2 
215	1 
216	1 
217	23 
218	17 
219	25 
220	13 
221	33 
222	23 
223	31 
224	5 
225	33 
226	15 
227	24 
228	22 
229	27 
230	12 
231	10 
232	21 
233	11 
234	33 
235	8 
236	31 
237	14 
238	7 
239	22 
240	33 
241	7 
242	2 
243	21 
244	25 
245	12 
246	25 
247	29 
248	25 
249	23 
250	33 
251	33 
252	23 
253	33 
254	25 
255	21 
256	25 
257	23 
258	6 
259	23 
260	2 
261	13 
262	27 
263	34 
264	5 
265	6 
266	11 
267	33 
268	8 
269	25 
270	1 
271	31 
272	23 
273	29 
274	25 
275	28 
276	33 
277	29 
278	21 
279	8 
280	18 
281	18 
282	10 
283	2 
284	23 
285	15 
286	33 
287	23 
288	31 
289	32 
290	12 
291	21 
292	2 
293	4 
294	25 
295	33 
296	33 
297	18 
298	32 
299	26 
300	11 
301	21 
302	17 
303	10 
304	1 
305	29 
306	9 
307	24 
308	2 
309	25 
310	1 
311	2 
312	10 
313	26 
314	20 
315	25 
316	1 
317	13 
318	1 
319	2 
320	28 
321	17 
322	1 
323	8 
324	15 
325	29 
326	19 
327	7 
328	33 
329	27 
330	9 
331	25 
332	26 
333	25 
334	30 
335	10 
336	33 
337	1 
338	34 
339	25 
340	1 
341	12 
342	25 
343	30 
344	25 
345	19 
346	21 
347	2 
348	17 
349	14 
350	33 
351	25 
352	2 
353	18 
354	10 
355	29 
356	10 
357	4 
358	3 
359	25 
360	22 
361	24 
362	21 
363	25 
364	25 
365	12 
366	25 
367	28 
368	33 
369	10 
370	17 
371	5 
372	28 
373	25 
374	26 
375	1 
376	11 
377	10 
378	16 
379	12 
380	24 
381	25 
382	29 
383	1 
384	12 
385	27 
386	25 
387	20 
388	27 
389	33 
390	3 
391	33 
392	1 
393	33 
394	31 
395	33 
396	10 
397	11 
398	3 
399	33 
400	17 
401	24 
402	31 
403	25 
404	4 
405	22 
406	27 
407	2 
408	25 
409	25 
410	33 
411	21 
412	1 
413	9 
414	34 
415	2 
416	1 
417	25 
418	1 
419	17 
420	32 
421	12 
422	19 
423	24 
424	8 
425	21 
426	5 
427	16 
428	25 
429	1 
430	15 
431	30 
432	31 
433	25 
434	33 
435	25 
436	5 
437	19 
438	13 
439	25 
440	15 
441	19 
442	3 
443	13 
444	21 
445	33 
446	18 
447	31 
448	28 
449	20 
450	6 
451	17 
452	21 
453	2 
454	8 
455	1 
456	23 
457	19 
458	33 
459	12 
460	28 
461	26 
462	2 
463	25 
464	25 
465	18 
466	3 
467	25 
468	25 
469	29 
470	1 
471	2 
472	1 
473	31 
474	33 
475	26 
476	33 
477	21 
478	15 
479	2 
480	24 
481	15 
482	18 
483	1 
484	3 
485	33 
486	26 
487	33 
488	23 
489	3 
490	25 
491	23 
492	27 
493	10 
494	21 
495	21 
496	24 
497	4 
498	10 
499	21 
500	22 
501	15 
502	2 
503	25 
504	10 
505	23 
506	21 
507	27 
508	22 
509	1 
510	29 
511	8 
512	16 
513	27 
514	21 
515	23 
516	13 
517	25 
518	11 
519	7 
520	25 
521	32 
522	27 
523	17 
524	7 
525	10 
526	25 
527	21 
528	14 
529	22 
530	22 
531	21 
532	18 
533	21 
534	28 
535	31 
536	23 
537	8 
538	33 
539	19 
540	29 
541	17 
542	1 
543	4 
544	1 
545	33 
546	23 
547	23 
548	3 
549	6 
550	14 
551	33 
552	2 
553	6 
554	24 
555	21 
556	18 
557	10 
558	21 
559	25 
560	3 
561	33 
562	15 
563	26 
564	2 
565	33 
566	6 
567	29 
568	17 
569	6 
570	14 
571	28 
572	21 
573	25 
574	25 
575	14 
576	10 
577	17 
578	21 
579	33 
580	15 
581	33 
582	29 
583	21 
584	6 
585	23 
586	33 
587	33 
588	17 
589	18 
590	1 
591	6 
592	29 
593	2 
594	16 
595	23 
596	23 
597	25 
598	25 
599	25 
600	18 
601	25 
602	21 
603	23 
604	28 
605	13 
606	2 
607	14 
608	28 
609	17 
610	21 
611	28 
612	33 
613	10 
614	12 
615	1 
616	1 
617	10 
618	25 
619	10 
620	33 
621	10 
622	13 
623	1 
624	1 
625	28 
626	8 
627	27 
628	29 
629	17 
630	25 
631	12 
632	21 
633	33 
634	17 
635	1 
636	10 
637	25 
638	2 
639	23 
640	23 
641	1 
642	1 
643	12 
644	23 
645	21 
646	25 
647	10 
648	24 
649	1 
650	21 
651	10 
652	18 
653	11 
654	17 
655	33 
656	1 
657	29 
658	18 
659	33 
660	2 
661	33 
662	31 
663	28 
664	21 
665	25 
666	23 
667	8 
668	24 
669	18 
670	23 
671	21 
672	15 
673	1 
674	25 
675	28 
676	1 
677	21 
678	28 
679	26 
680	14 
681	14 
682	1 
683	33 
684	29 
685	29 
686	15 
687	18 
688	12 
689	33 
690	25 
691	21 
692	27 
693	25 
694	33 
695	25 
696	23 
697	27 
698	19 
699	33 
700	25 
701	21 
702	10 
703	22 
704	1 
705	17 
706	14 
707	11 
708	33 
709	25 
710	1 
711	29 
712	25 
713	28 
714	27 
715	1 
716	1 
717	1 
718	25 
719	22 
720	18 
721	23 
722	25 
723	28 
724	25 
725	1 
726	24 
727	25 
728	25 
729	24 
730	15 
731	25 
732	25 
733	28 
734	12 
735	11 
736	24 
737	23 
738	14 
739	18 
740	21 
741	25 
742	21 
743	31 
744	21 
745	33 
746	25 
747	25 
748	33 
749	12 
750	23 
751	18 
752	15 
753	14 
754	8 
755	21 
756	31 
757	25 
758	21 
759	25 
760	33 
761	25 
762	21 
763	8 
764	1 
765	23 
766	21 
767	1 
768	27 
769	21 
770	28 
771	15 
772	21 
773	25 
774	24 
775	29 
776	21 
777	1 
778	33 
779	1 
780	12 
781	15 
782	14 
783	33 
784	14 
785	1 
786	23 
787	25 
788	17 
789	29 
790	28 
791	24 
792	33 
793	33 
794	33 
795	2 
796	33 
797	10 
798	25 
799	18 
800	21 
801	1 
802	14 
803	33 
804	1 
805	21 
806	18 
807	25 
808	1 
809	1 
810	21 
811	1 
812	21 
813	8 
814	23 
815	24 
816	2 
817	1 
818	12 
819	14 
820	25 
821	29 
822	25 
823	23 
824	33 
825	21 
826	10 
827	28 
828	1 
829	17 
830	25 
831	17 
832	33 
833	21 
834	18 
835	21 
836	25 
837	25 
838	33 
839	29 
840	23 
841	1 
842	1 
843	1 
844	25 
845	25 
846	1 
847	1 
848	18 
849	23 
850	12 
851	23 
852	23 
853	10 
854	10 
855	33 
856	21 
857	10 
858	1 
859	17 
860	28 
861	21 
862	18 
863	1 
864	23 
865	21 
866	18 
867	10 
868	1 
869	2 
870	10 
871	17 
872	1 
873	25 
874	33 
875	17 
876	1 
877	1 
878	1 
879	12 
880	28 
881	17 
882	25 
883	10 
884	1 
885	1 
886	25 
887	1 
888	33 
889	33 
890	33 
891	2 
892	25 
893	28 
894	21 
895	21 
896	18 
897	21 
898	18 
899	1 
900	33 
901	21 
902	2 
903	33 
904	17 
905	1 
906	21 
907	25 
908	33 
909	33 
910	25 
911	17 
912	25 
913	23 
914	17 
915	25 
916	1 
917	33 
918	1 
919	25 
920	25 
921	17 
922	23 
923	23 
924	21 
925	21 
926	21 
927	33 
928	25 
929	21 
930	23 
931	25 
932	25 
933	25 
934	25 
935	23 
936	21 
937	25 
938	25 
939	25 
940	33 
941	10 
942	33 
943	33 
944	23 
945	25 
946	10 
947	25 
948	1 
949	33 
950	25 
951	33 
952	25 
953	25 
954	21 
955	1 
956	33 
957	33 
958	1 
959	33 
960	25 
961	23 
962	33 
963	33 
964	23 
965	21 
966	25 
967	1 
968	1 
969	33 
970	21 
971	33 
972	21 
973	25 
974	1 
975	33 
976	1 
977	21 
978	1 
979	33 
980	25 
981	25 
982	1 
983	33 
984	25 
985	33 
986	1 
987	21 
988	25 
989	25 
990	25 
991	25 
992	25 
993	21 
994	33 
995	33 
996	33 
997	33 
998	1 
999	1 
1000	33 
