Time:288.7774569988251
NMI:0.5117967837710535
ARI:0.05617691517089991
#com:39
1 38
2 38
3 38
4 3
5 19
6 38
7 38
8 38
9 33
10 38
11 14
12 38
13 38
14 19
15 38
16 38
17 38
18 34
19 38
20 38
21 38
22 38
23 20
24 38
25 3
26 38
27 38
28 38
29 38
30 34
31 38
32 38
33 34
34 31
35 38
36 38
37 38
38 14
39 9
40 38
41 38
42 34
43 38
44 38
45 19
46 37
47 38
48 34
49 38
50 38
51 38
52 38
53 19
54 38
55 38
56 38
57 38
58 38
59 3
60 38
61 38
62 38
63 38
64 38
65 9
66 38
67 34
68 38
69 33
70 38
71 38
72 38
73 38
74 38
75 3
76 38
77 33
78 38
79 38
80 38
81 38
82 38
83 38
84 38
85 14
86 36
87 38
88 38
89 38
90 32
91 38
92 38
93 38
94 34
95 38
96 38
97 38
98 38
99 16
100 38
101 14
102 38
103 36
104 38
105 34
106 33
107 38
108 38
109 38
110 38
111 38
112 33
113 34
114 18
115 18
116 38
117 9
118 38
119 38
120 38
121 38
122 26
123 34
124 38
125 38
126 38
127 38
128 38
129 16
130 38
131 38
132 38
133 38
134 33
135 38
136 38
137 38
138 9
139 38
140 38
141 38
142 18
143 29
144 19
145 18
146 38
147 3
148 9
149 38
150 38
151 20
152 34
153 21
154 16
155 34
156 20
157 38
158 38
159 34
160 38
161 38
162 38
163 38
164 38
165 38
166 38
167 38
168 38
169 38
170 38
171 38
172 20
173 38
174 38
175 38
176 38
177 38
178 34
179 38
180 38
181 38
182 38
183 38
184 38
185 34
186 38
187 38
188 38
189 33
190 38
191 38
192 29
193 38
194 38
195 38
196 38
197 34
198 20
199 38
200 38
201 38
202 38
203 38
204 34
205 38
206 34
207 38
208 38
209 38
210 38
211 34
212 38
213 38
214 38
215 38
216 38
217 38
218 38
219 38
220 38
221 36
222 38
223 38
224 38
225 38
226 38
227 38
228 38
229 38
230 38
231 18
232 38
233 38
234 38
235 34
236 38
237 38
238 36
239 38
240 38
241 29
242 34
243 38
244 38
245 30
246 20
247 38
248 38
249 29
250 38
251 38
252 38
253 38
254 34
255 16
256 27
257 38
258 38
259 38
260 38
261 38
262 38
263 38
264 29
265 38
266 38
267 38
268 38
269 38
270 34
271 18
272 38
273 38
274 38
275 38
276 38
277 34
278 38
279 34
280 38
281 38
282 34
283 38
284 29
285 38
286 38
287 16
288 38
289 38
290 38
291 38
292 16
293 38
294 38
295 38
296 38
297 38
298 19
299 19
300 34
301 38
302 38
303 38
304 29
305 38
306 38
307 38
308 34
309 38
310 38
311 25
312 38
313 38
314 38
315 38
316 38
317 38
318 38
319 38
320 38
321 28
322 38
323 38
324 38
325 38
326 38
327 19
328 38
329 38
330 38
331 3
332 9
333 38
334 38
335 38
336 38
337 38
338 9
339 38
340 33
341 38
342 38
343 38
344 24
345 38
346 38
347 34
348 38
349 3
350 38
351 34
352 38
353 38
354 38
355 38
356 38
357 38
358 34
359 38
360 38
361 38
362 31
363 38
364 38
365 38
366 38
367 16
368 38
369 34
370 38
371 9
372 38
373 38
374 38
375 38
376 38
377 38
378 38
379 38
380 20
381 38
382 38
383 38
384 19
385 38
386 38
387 38
388 38
389 38
390 30
391 38
392 38
393 29
394 38
395 38
396 38
397 38
398 38
399 38
400 38
401 38
402 38
403 34
404 38
405 18
406 14
407 38
408 38
409 38
410 38
411 38
412 38
413 38
414 38
415 14
416 38
417 38
418 38
419 38
420 38
421 34
422 38
423 38
424 38
425 38
426 38
427 38
428 38
429 38
430 38
431 38
432 14
433 14
434 38
435 38
436 38
437 38
438 34
439 38
440 38
441 38
442 38
443 38
444 34
445 38
446 38
447 38
448 26
449 38
450 38
451 38
452 38
453 38
454 38
455 38
456 38
457 38
458 14
459 38
460 38
461 38
462 38
463 38
464 34
465 14
466 38
467 26
468 19
469 38
470 38
471 38
472 27
473 19
474 38
475 34
476 38
477 30
478 38
479 38
480 18
481 38
482 38
483 38
484 33
485 34
486 38
487 34
488 38
489 38
490 38
491 38
492 38
493 38
494 38
495 19
496 38
497 38
498 38
499 18
500 38
501 38
502 34
503 38
504 38
505 29
506 34
507 34
508 38
509 38
510 24
511 14
512 38
513 34
514 38
515 38
516 38
517 38
518 38
519 38
520 38
521 38
522 38
523 38
524 29
525 38
526 34
527 38
528 34
529 38
530 38
531 38
532 38
533 34
534 38
535 38
536 29
537 38
538 38
539 38
540 21
541 38
542 33
543 29
544 38
545 34
546 38
547 30
548 38
549 38
550 38
551 24
552 24
553 34
554 26
555 38
556 38
557 38
558 38
559 38
560 38
561 38
562 38
563 38
564 38
565 2
566 34
567 30
568 38
569 38
570 38
571 34
572 31
573 38
574 33
575 27
576 38
577 38
578 38
579 36
580 36
581 34
582 38
583 29
584 38
585 38
586 34
587 38
588 38
589 37
590 38
591 38
592 34
593 34
594 13
595 38
596 30
597 38
598 38
599 36
600 38
601 33
602 38
603 38
604 34
605 38
606 38
607 31
608 38
609 31
610 29
611 38
612 38
613 38
614 24
615 38
616 31
617 38
618 38
619 38
620 30
621 34
622 38
623 38
624 38
625 2
626 38
627 38
628 38
629 38
630 34
631 34
632 37
633 31
634 38
635 38
636 34
637 34
638 38
639 36
640 38
641 38
642 38
643 38
644 34
645 38
646 34
647 34
648 38
649 38
650 34
651 38
652 34
653 2
654 38
655 38
656 34
657 38
658 38
659 38
660 38
661 38
662 37
663 38
664 38
665 29
666 38
667 26
668 38
669 38
670 34
671 34
672 38
673 38
674 38
675 34
676 36
677 37
678 38
679 34
680 38
681 38
682 29
683 26
684 21
685 38
686 38
687 27
688 38
689 34
690 38
691 38
692 38
693 38
694 34
695 38
696 33
697 34
698 38
699 38
700 38
701 12
702 34
703 35
704 38
705 31
706 26
707 38
708 21
709 38
710 38
711 38
712 38
713 38
714 38
715 2
716 29
717 38
718 12
719 23
720 33
721 38
722 27
723 38
724 28
725 38
726 38
727 38
728 12
729 38
730 38
731 38
732 28
733 38
734 34
735 25
736 21
737 21
738 38
739 37
740 38
741 29
742 38
743 34
744 34
745 30
746 31
747 33
748 37
749 38
750 23
751 38
752 38
753 38
754 31
755 38
756 38
757 34
758 32
759 33
760 33
761 38
762 25
763 37
764 25
765 13
766 15
767 38
768 38
769 38
770 36
771 29
772 35
773 6
774 17
775 38
776 12
777 38
778 35
779 29
780 28
781 7
782 34
783 23
784 15
785 38
786 38
787 29
788 7
789 31
790 25
791 37
792 33
793 38
794 29
795 17
796 29
797 31
798 30
799 38
800 38
801 12
802 31
803 34
804 34
805 23
806 38
807 34
808 38
809 38
810 36
811 33
812 29
813 34
814 38
815 36
816 38
817 25
818 25
819 7
820 38
821 37
822 17
823 29
824 28
825 38
826 37
827 7
828 17
829 34
830 34
831 38
832 37
833 38
834 29
835 37
836 7
837 17
838 28
839 33
840 32
841 25
842 33
843 22
844 38
845 15
846 36
847 13
848 29
849 38
850 22
851 17
852 34
853 38
854 15
855 32
856 38
857 33
858 13
859 36
860 15
861 8
862 32
863 38
864 33
865 31
866 22
867 37
868 31
869 31
870 37
871 38
872 7
873 7
874 29
875 38
876 25
877 15
878 28
879 32
880 38
881 32
882 31
883 31
884 8
885 23
886 38
887 4
888 28
889 28
890 28
891 29
892 29
893 34
894 28
895 34
896 8
897 32
898 8
899 7
900 33
901 38
902 15
903 22
904 33
905 31
906 4
907 6
908 32
909 33
910 34
911 38
912 38
913 38
914 38
915 38
916 38
917 29
918 11
919 11
920 17
921 6
922 32
923 23
924 33
925 8
926 38
927 33
928 22
929 11
930 6
931 28
932 32
933 33
934 38
935 32
936 1
937 11
938 32
939 32
940 32
941 22
942 32
943 32
944 4
945 32
946 28
947 32
948 1
949 4
950 1
951 28
952 32
953 11
954 32
955 22
956 28
957 29
958 4
959 22
960 10
961 11
962 10
963 29
964 29
965 1
966 11
967 32
968 11
969 32
970 4
971 10
972 29
973 10
974 32
975 10
976 32
977 10
978 32
979 32
980 29
981 5
982 32
983 11
984 29
985 32
986 0
987 0
988 11
989 5
990 0
991 22
992 32
993 5
994 5
995 32
996 5
997 0
998 0
999 32
1000 5
