Time:355.5638687610626
ORC_Time:0.45370912551879883
NMI:0.5339814162856967
ARI:0.09371107137991765
#com:34
1 26
2 26
3 26
4 3
5 17
6 26
7 29
8 31
9 28
10 26
11 13
12 26
13 26
14 17
15 26
16 26
17 26
18 29
19 26
20 29
21 26
22 26
23 18
24 26
25 3
26 26
27 26
28 26
29 26
30 29
31 26
32 26
33 25
34 30
35 26
36 26
37 26
38 13
39 9
40 29
41 26
42 29
43 26
44 26
45 17
46 32
47 26
48 25
49 26
50 26
51 26
52 26
53 17
54 29
55 26
56 26
57 26
58 26
59 3
60 26
61 26
62 26
63 26
64 26
65 9
66 26
67 25
68 26
69 28
70 26
71 26
72 26
73 26
74 29
75 3
76 26
77 28
78 26
79 26
80 26
81 26
82 26
83 26
84 26
85 13
86 31
87 26
88 26
89 26
90 27
91 29
92 29
93 29
94 29
95 26
96 33
97 26
98 26
99 14
100 29
101 13
102 26
103 31
104 26
105 25
106 28
107 26
108 26
109 26
110 26
111 26
112 28
113 29
114 16
115 16
116 26
117 9
118 26
119 26
120 26
121 29
122 23
123 25
124 26
125 26
126 26
127 26
128 26
129 14
130 26
131 26
132 26
133 26
134 28
135 26
136 26
137 26
138 9
139 26
140 26
141 29
142 16
143 33
144 17
145 16
146 29
147 3
148 9
149 26
150 26
151 18
152 25
153 21
154 14
155 29
156 18
157 26
158 26
159 25
160 26
161 26
162 26
163 26
164 26
165 26
166 26
167 26
168 26
169 26
170 26
171 26
172 18
173 26
174 26
175 26
176 26
177 26
178 25
179 26
180 26
181 26
182 26
183 26
184 26
185 29
186 26
187 26
188 26
189 28
190 26
191 26
192 33
193 26
194 26
195 26
196 26
197 29
198 18
199 29
200 26
201 29
202 26
203 26
204 29
205 26
206 29
207 29
208 29
209 26
210 26
211 29
212 26
213 26
214 26
215 26
216 26
217 29
218 26
219 26
220 26
221 31
222 26
223 26
224 26
225 26
226 26
227 26
228 26
229 26
230 26
231 16
232 26
233 26
234 29
235 25
236 26
237 26
238 31
239 26
240 26
241 33
242 29
243 26
244 29
245 25
246 18
247 26
248 26
249 33
250 26
251 26
252 29
253 26
254 29
255 14
256 31
257 26
258 26
259 26
260 26
261 26
262 31
263 26
264 33
265 26
266 26
267 26
268 26
269 29
270 25
271 16
272 26
273 29
274 26
275 26
276 26
277 25
278 26
279 25
280 26
281 26
282 29
283 29
284 33
285 29
286 26
287 14
288 26
289 26
290 26
291 26
292 14
293 26
294 29
295 26
296 26
297 26
298 17
299 17
300 29
301 26
302 29
303 26
304 33
305 29
306 26
307 26
308 29
309 31
310 26
311 22
312 26
313 26
314 26
315 29
316 26
317 26
318 26
319 26
320 26
321 24
322 26
323 26
324 26
325 29
326 26
327 17
328 26
329 26
330 29
331 3
332 9
333 26
334 26
335 26
336 26
337 26
338 9
339 26
340 28
341 26
342 29
343 26
344 21
345 26
346 26
347 25
348 29
349 3
350 26
351 25
352 26
353 29
354 26
355 29
356 26
357 26
358 25
359 26
360 26
361 26
362 30
363 26
364 29
365 26
366 26
367 14
368 29
369 25
370 28
371 9
372 26
373 26
374 26
375 26
376 26
377 26
378 26
379 26
380 18
381 26
382 28
383 29
384 17
385 29
386 26
387 26
388 26
389 26
390 25
391 26
392 26
393 33
394 26
395 26
396 26
397 26
398 26
399 29
400 29
401 26
402 26
403 25
404 26
405 16
406 13
407 26
408 29
409 26
410 26
411 26
412 29
413 33
414 26
415 13
416 26
417 26
418 26
419 26
420 26
421 25
422 26
423 26
424 26
425 26
426 29
427 26
428 26
429 29
430 29
431 26
432 13
433 13
434 26
435 26
436 26
437 26
438 25
439 29
440 26
441 33
442 26
443 26
444 29
445 26
446 26
447 26
448 23
449 26
450 26
451 29
452 26
453 26
454 26
455 26
456 26
457 26
458 13
459 26
460 26
461 29
462 26
463 26
464 29
465 13
466 26
467 23
468 17
469 26
470 26
471 26
472 31
473 17
474 26
475 29
476 26
477 25
478 26
479 26
480 16
481 26
482 26
483 26
484 28
485 25
486 26
487 25
488 26
489 26
490 26
491 29
492 26
493 26
494 29
495 17
496 26
497 26
498 26
499 16
500 26
501 26
502 25
503 26
504 26
505 33
506 25
507 29
508 26
509 26
510 21
511 13
512 26
513 29
514 29
515 26
516 29
517 26
518 26
519 29
520 26
521 29
522 29
523 26
524 29
525 26
526 25
527 29
528 29
529 29
530 26
531 26
532 26
533 29
534 26
535 26
536 33
537 29
538 26
539 26
540 21
541 29
542 28
543 33
544 26
545 29
546 29
547 25
548 26
549 26
550 26
551 21
552 21
553 29
554 23
555 26
556 26
557 26
558 26
559 29
560 26
561 26
562 29
563 29
564 26
565 2
566 29
567 25
568 26
569 26
570 26
571 25
572 30
573 26
574 28
575 31
576 26
577 29
578 29
579 31
580 31
581 29
582 29
583 33
584 26
585 26
586 29
587 26
588 26
589 32
590 26
591 26
592 29
593 25
594 29
595 26
596 25
597 26
598 26
599 31
600 26
601 28
602 26
603 26
604 29
605 26
606 26
607 30
608 26
609 30
610 33
611 26
612 26
613 26
614 21
615 29
616 30
617 26
618 26
619 26
620 25
621 29
622 29
623 26
624 26
625 2
626 26
627 26
628 28
629 29
630 29
631 25
632 32
633 30
634 29
635 29
636 29
637 25
638 29
639 31
640 26
641 29
642 29
643 26
644 29
645 26
646 25
647 29
648 26
649 26
650 29
651 29
652 25
653 2
654 33
655 26
656 25
657 26
658 26
659 29
660 26
661 26
662 32
663 26
664 26
665 33
666 33
667 23
668 29
669 26
670 29
671 25
672 26
673 26
674 26
675 25
676 31
677 32
678 26
679 25
680 26
681 26
682 33
683 23
684 21
685 26
686 26
687 31
688 29
689 25
690 26
691 29
692 26
693 26
694 25
695 26
696 28
697 29
698 29
699 26
700 26
701 12
702 25
703 30
704 33
705 30
706 23
707 26
708 21
709 26
710 26
711 26
712 26
713 31
714 28
715 2
716 33
717 26
718 12
719 20
720 28
721 26
722 31
723 26
724 24
725 26
726 26
727 26
728 12
729 26
730 26
731 26
732 24
733 29
734 29
735 22
736 21
737 21
738 26
739 32
740 26
741 33
742 26
743 25
744 25
745 25
746 30
747 28
748 32
749 31
750 20
751 29
752 26
753 26
754 30
755 31
756 29
757 25
758 27
759 28
760 28
761 28
762 22
763 32
764 22
765 29
766 23
767 26
768 26
769 31
770 31
771 33
772 30
773 6
774 15
775 26
776 12
777 26
778 30
779 33
780 24
781 7
782 29
783 20
784 23
785 26
786 26
787 33
788 7
789 30
790 22
791 32
792 28
793 26
794 33
795 15
796 33
797 30
798 25
799 29
800 29
801 12
802 30
803 29
804 25
805 20
806 29
807 25
808 29
809 29
810 31
811 28
812 33
813 29
814 29
815 31
816 26
817 22
818 22
819 7
820 26
821 32
822 15
823 33
824 24
825 26
826 32
827 7
828 15
829 25
830 25
831 29
832 32
833 26
834 33
835 32
836 7
837 15
838 24
839 28
840 27
841 22
842 28
843 19
844 26
845 23
846 31
847 29
848 33
849 29
850 19
851 15
852 25
853 26
854 23
855 27
856 31
857 28
858 29
859 31
860 23
861 8
862 27
863 26
864 28
865 30
866 19
867 32
868 30
869 30
870 32
871 29
872 7
873 7
874 33
875 29
876 22
877 23
878 24
879 27
880 26
881 27
882 30
883 30
884 8
885 20
886 26
887 4
888 24
889 24
890 24
891 33
892 33
893 25
894 24
895 25
896 8
897 27
898 8
899 7
900 28
901 29
902 23
903 19
904 28
905 30
906 4
907 6
908 27
909 28
910 25
911 29
912 26
913 31
914 29
915 26
916 26
917 33
918 11
919 11
920 15
921 6
922 27
923 20
924 28
925 8
926 33
927 28
928 19
929 11
930 6
931 24
932 27
933 28
934 29
935 27
936 1
937 11
938 27
939 27
940 27
941 19
942 27
943 27
944 4
945 27
946 24
947 27
948 1
949 4
950 1
951 24
952 27
953 11
954 27
955 19
956 24
957 33
958 4
959 19
960 10
961 11
962 10
963 33
964 33
965 1
966 11
967 27
968 11
969 27
970 4
971 10
972 33
973 10
974 27
975 10
976 27
977 10
978 27
979 27
980 33
981 5
982 27
983 11
984 33
985 27
986 0
987 0
988 11
989 5
990 0
991 19
992 27
993 5
994 5
995 27
996 5
997 0
998 0
999 27
1000 5
