Time:285.59408807754517
NMI:0.5022077480657692
ARI:0.04178889763968838
#com:39
1 38
2 38
3 33
4 3
5 18
6 38
7 38
8 38
9 34
10 38
11 13
12 38
13 38
14 18
15 38
16 38
17 38
18 38
19 38
20 38
21 38
22 38
23 19
24 38
25 3
26 38
27 38
28 38
29 38
30 38
31 38
32 38
33 25
34 32
35 38
36 38
37 38
38 27
39 8
40 38
41 38
42 38
43 38
44 38
45 18
46 37
47 38
48 27
49 38
50 38
51 38
52 38
53 18
54 38
55 38
56 38
57 38
58 38
59 3
60 38
61 38
62 38
63 38
64 38
65 8
66 38
67 38
68 38
69 34
70 38
71 38
72 38
73 38
74 38
75 3
76 38
77 34
78 38
79 38
80 38
81 38
82 38
83 38
84 38
85 13
86 36
87 38
88 38
89 38
90 33
91 38
92 38
93 38
94 38
95 38
96 38
97 38
98 38
99 15
100 38
101 13
102 38
103 36
104 38
105 27
106 34
107 38
108 34
109 38
110 38
111 38
112 34
113 38
114 17
115 17
116 38
117 8
118 38
119 38
120 38
121 38
122 28
123 38
124 38
125 38
126 38
127 38
128 38
129 15
130 38
131 38
132 38
133 38
134 34
135 38
136 38
137 38
138 8
139 38
140 38
141 38
142 17
143 30
144 18
145 17
146 38
147 3
148 8
149 38
150 38
151 19
152 38
153 20
154 15
155 38
156 19
157 38
158 38
159 38
160 38
161 38
162 38
163 38
164 38
165 38
166 38
167 38
168 38
169 38
170 38
171 38
172 19
173 38
174 38
175 38
176 38
177 38
178 38
179 38
180 38
181 38
182 38
183 38
184 38
185 38
186 38
187 38
188 38
189 34
190 38
191 38
192 30
193 38
194 38
195 38
196 38
197 38
198 19
199 38
200 38
201 38
202 38
203 38
204 38
205 38
206 38
207 38
208 38
209 22
210 38
211 38
212 38
213 38
214 38
215 38
216 38
217 38
218 38
219 38
220 38
221 36
222 38
223 38
224 38
225 38
226 38
227 38
228 38
229 38
230 38
231 17
232 38
233 38
234 38
235 38
236 38
237 38
238 36
239 38
240 38
241 30
242 38
243 38
244 38
245 31
246 19
247 38
248 38
249 30
250 38
251 38
252 38
253 38
254 38
255 15
256 36
257 38
258 38
259 38
260 38
261 38
262 38
263 38
264 30
265 38
266 38
267 38
268 38
269 38
270 38
271 17
272 38
273 38
274 38
275 38
276 38
277 38
278 38
279 38
280 38
281 38
282 38
283 38
284 30
285 38
286 38
287 15
288 38
289 38
290 38
291 38
292 15
293 38
294 38
295 38
296 38
297 38
298 18
299 18
300 38
301 38
302 38
303 38
304 30
305 38
306 38
307 38
308 38
309 38
310 38
311 26
312 38
313 38
314 38
315 38
316 38
317 38
318 38
319 38
320 38
321 29
322 38
323 38
324 38
325 38
326 38
327 18
328 38
329 38
330 38
331 3
332 8
333 38
334 38
335 38
336 38
337 38
338 8
339 38
340 34
341 38
342 38
343 38
344 24
345 38
346 38
347 38
348 38
349 3
350 38
351 38
352 38
353 38
354 38
355 38
356 38
357 38
358 38
359 38
360 38
361 38
362 32
363 38
364 38
365 38
366 38
367 15
368 38
369 38
370 38
371 8
372 38
373 38
374 38
375 38
376 38
377 38
378 38
379 38
380 19
381 38
382 38
383 38
384 18
385 38
386 38
387 38
388 38
389 38
390 31
391 38
392 38
393 30
394 38
395 38
396 38
397 38
398 38
399 38
400 38
401 38
402 38
403 38
404 38
405 17
406 13
407 38
408 38
409 38
410 38
411 38
412 38
413 38
414 38
415 13
416 38
417 38
418 38
419 38
420 38
421 38
422 38
423 38
424 38
425 38
426 38
427 38
428 38
429 38
430 38
431 38
432 13
433 13
434 38
435 38
436 38
437 38
438 27
439 38
440 38
441 38
442 38
443 38
444 38
445 38
446 38
447 38
448 28
449 38
450 38
451 38
452 38
453 38
454 38
455 38
456 38
457 38
458 13
459 38
460 38
461 38
462 38
463 38
464 38
465 13
466 38
467 28
468 18
469 38
470 38
471 38
472 36
473 18
474 38
475 38
476 38
477 31
478 38
479 38
480 17
481 38
482 38
483 38
484 34
485 38
486 38
487 38
488 38
489 38
490 38
491 38
492 38
493 38
494 38
495 18
496 22
497 38
498 38
499 17
500 38
501 38
502 38
503 38
504 38
505 30
506 38
507 38
508 38
509 38
510 24
511 13
512 38
513 38
514 38
515 38
516 38
517 38
518 38
519 38
520 38
521 38
522 38
523 38
524 30
525 38
526 27
527 38
528 38
529 38
530 38
531 38
532 38
533 38
534 38
535 38
536 30
537 38
538 38
539 38
540 20
541 38
542 34
543 30
544 38
545 38
546 38
547 31
548 38
549 38
550 38
551 24
552 24
553 38
554 28
555 38
556 38
557 38
558 38
559 38
560 38
561 38
562 38
563 38
564 38
565 2
566 38
567 31
568 22
569 38
570 38
571 38
572 32
573 38
574 34
575 36
576 38
577 38
578 38
579 36
580 36
581 38
582 38
583 30
584 38
585 38
586 38
587 38
588 38
589 37
590 38
591 38
592 38
593 25
594 12
595 38
596 31
597 38
598 38
599 36
600 38
601 34
602 38
603 38
604 38
605 38
606 22
607 32
608 38
609 32
610 30
611 38
612 38
613 38
614 24
615 38
616 32
617 38
618 38
619 38
620 31
621 38
622 38
623 38
624 22
625 2
626 38
627 38
628 38
629 38
630 38
631 27
632 37
633 32
634 38
635 38
636 35
637 38
638 38
639 36
640 38
641 38
642 38
643 38
644 38
645 38
646 38
647 38
648 38
649 38
650 38
651 38
652 27
653 2
654 38
655 38
656 25
657 38
658 38
659 38
660 38
661 38
662 37
663 38
664 38
665 30
666 38
667 28
668 38
669 38
670 38
671 27
672 38
673 38
674 38
675 25
676 36
677 37
678 38
679 25
680 38
681 38
682 30
683 28
684 20
685 38
686 38
687 36
688 38
689 38
690 38
691 38
692 38
693 38
694 38
695 38
696 34
697 38
698 38
699 38
700 38
701 11
702 27
703 35
704 38
705 32
706 28
707 38
708 20
709 38
710 38
711 38
712 38
713 38
714 38
715 2
716 30
717 38
718 11
719 23
720 34
721 38
722 36
723 38
724 29
725 38
726 22
727 38
728 11
729 38
730 38
731 38
732 29
733 38
734 35
735 26
736 20
737 20
738 38
739 37
740 38
741 30
742 38
743 27
744 38
745 31
746 32
747 34
748 37
749 38
750 23
751 38
752 38
753 38
754 32
755 38
756 38
757 38
758 33
759 34
760 34
761 38
762 26
763 37
764 26
765 12
766 14
767 38
768 38
769 38
770 36
771 30
772 35
773 6
774 16
775 38
776 11
777 38
778 35
779 30
780 29
781 27
782 38
783 23
784 28
785 38
786 38
787 30
788 27
789 32
790 26
791 37
792 34
793 38
794 30
795 16
796 30
797 32
798 31
799 38
800 38
801 11
802 32
803 35
804 38
805 23
806 38
807 38
808 38
809 38
810 36
811 34
812 30
813 38
814 38
815 36
816 38
817 26
818 26
819 27
820 38
821 37
822 16
823 30
824 29
825 38
826 37
827 27
828 16
829 25
830 38
831 38
832 37
833 38
834 30
835 37
836 27
837 16
838 29
839 34
840 33
841 26
842 34
843 21
844 38
845 14
846 36
847 12
848 30
849 38
850 21
851 16
852 38
853 38
854 14
855 33
856 38
857 34
858 12
859 36
860 14
861 7
862 33
863 38
864 34
865 32
866 21
867 37
868 32
869 32
870 37
871 38
872 27
873 27
874 30
875 38
876 26
877 14
878 29
879 33
880 38
881 33
882 32
883 32
884 7
885 23
886 38
887 4
888 29
889 29
890 29
891 30
892 30
893 38
894 29
895 38
896 7
897 33
898 7
899 27
900 34
901 38
902 14
903 21
904 34
905 32
906 4
907 6
908 33
909 34
910 38
911 38
912 38
913 38
914 38
915 38
916 38
917 30
918 10
919 10
920 16
921 6
922 33
923 23
924 34
925 7
926 38
927 34
928 21
929 10
930 6
931 29
932 33
933 34
934 38
935 33
936 1
937 10
938 33
939 33
940 33
941 21
942 33
943 33
944 4
945 33
946 29
947 33
948 1
949 4
950 1
951 29
952 33
953 10
954 33
955 21
956 29
957 30
958 4
959 21
960 9
961 10
962 9
963 30
964 30
965 1
966 10
967 33
968 10
969 33
970 4
971 9
972 30
973 9
974 33
975 9
976 33
977 9
978 33
979 33
980 30
981 5
982 33
983 10
984 30
985 33
986 0
987 0
988 10
989 5
990 0
991 21
992 33
993 5
994 5
995 33
996 5
997 0
998 0
999 33
1000 5
