Time:280.31135511398315
NMI:0.4868167102077069
ARI:0.03673131487311638
#com:39
1 38
2 38
3 33
4 3
5 19
6 38
7 38
8 38
9 34
10 38
11 14
12 38
13 38
14 19
15 38
16 38
17 38
18 38
19 38
20 38
21 38
22 38
23 20
24 38
25 3
26 38
27 38
28 38
29 38
30 38
31 38
32 38
33 26
34 32
35 38
36 38
37 38
38 7
39 9
40 38
41 38
42 38
43 38
44 38
45 19
46 37
47 38
48 7
49 38
50 38
51 38
52 38
53 38
54 38
55 38
56 38
57 38
58 38
59 3
60 38
61 38
62 38
63 38
64 38
65 9
66 38
67 38
68 38
69 34
70 38
71 38
72 38
73 38
74 38
75 3
76 38
77 34
78 38
79 38
80 38
81 38
82 38
83 38
84 38
85 14
86 36
87 38
88 38
89 38
90 33
91 38
92 38
93 38
94 38
95 38
96 38
97 38
98 38
99 16
100 38
101 14
102 38
103 36
104 38
105 38
106 34
107 38
108 34
109 38
110 38
111 38
112 34
113 38
114 18
115 18
116 38
117 9
118 38
119 38
120 38
121 38
122 28
123 38
124 38
125 38
126 38
127 38
128 38
129 16
130 16
131 38
132 38
133 38
134 34
135 38
136 38
137 38
138 9
139 38
140 38
141 38
142 18
143 31
144 19
145 18
146 38
147 3
148 9
149 38
150 38
151 20
152 38
153 21
154 16
155 38
156 20
157 38
158 38
159 38
160 38
161 38
162 38
163 38
164 38
165 38
166 38
167 38
168 38
169 38
170 38
171 38
172 20
173 38
174 38
175 38
176 38
177 38
178 38
179 38
180 38
181 38
182 38
183 38
184 38
185 38
186 38
187 38
188 38
189 34
190 38
191 38
192 31
193 38
194 38
195 38
196 38
197 38
198 20
199 38
200 38
201 38
202 38
203 38
204 38
205 38
206 38
207 38
208 38
209 23
210 38
211 38
212 38
213 38
214 38
215 38
216 38
217 38
218 38
219 38
220 38
221 36
222 38
223 38
224 38
225 38
226 38
227 38
228 38
229 38
230 38
231 18
232 38
233 38
234 38
235 38
236 38
237 38
238 36
239 38
240 38
241 31
242 38
243 38
244 38
245 38
246 20
247 38
248 38
249 31
250 38
251 38
252 38
253 38
254 38
255 16
256 29
257 38
258 38
259 38
260 38
261 38
262 38
263 38
264 31
265 38
266 38
267 38
268 38
269 38
270 38
271 18
272 38
273 38
274 38
275 38
276 38
277 38
278 38
279 38
280 38
281 38
282 38
283 38
284 31
285 38
286 38
287 16
288 38
289 38
290 38
291 38
292 16
293 38
294 38
295 38
296 38
297 38
298 19
299 19
300 38
301 38
302 38
303 38
304 31
305 38
306 38
307 38
308 38
309 38
310 38
311 27
312 38
313 38
314 38
315 38
316 38
317 38
318 38
319 38
320 38
321 30
322 38
323 38
324 38
325 38
326 38
327 19
328 38
329 38
330 38
331 3
332 9
333 38
334 38
335 38
336 38
337 38
338 9
339 38
340 34
341 38
342 38
343 38
344 25
345 38
346 38
347 38
348 38
349 3
350 38
351 38
352 38
353 38
354 38
355 38
356 38
357 38
358 38
359 38
360 38
361 38
362 32
363 38
364 38
365 38
366 38
367 16
368 38
369 38
370 38
371 9
372 38
373 38
374 38
375 38
376 38
377 38
378 38
379 38
380 20
381 38
382 38
383 38
384 19
385 38
386 38
387 38
388 38
389 38
390 38
391 38
392 38
393 31
394 38
395 38
396 38
397 38
398 38
399 38
400 38
401 38
402 38
403 38
404 38
405 18
406 14
407 38
408 38
409 38
410 38
411 38
412 38
413 38
414 38
415 14
416 38
417 38
418 38
419 38
420 38
421 38
422 38
423 38
424 38
425 38
426 38
427 38
428 38
429 38
430 38
431 38
432 14
433 14
434 38
435 38
436 38
437 38
438 38
439 38
440 38
441 38
442 38
443 38
444 38
445 38
446 38
447 38
448 28
449 38
450 38
451 38
452 38
453 38
454 38
455 38
456 38
457 38
458 14
459 38
460 38
461 38
462 38
463 38
464 38
465 14
466 38
467 28
468 19
469 38
470 38
471 38
472 29
473 19
474 38
475 38
476 38
477 38
478 38
479 38
480 18
481 38
482 38
483 38
484 34
485 38
486 38
487 38
488 38
489 38
490 38
491 38
492 38
493 38
494 38
495 19
496 23
497 38
498 38
499 18
500 38
501 38
502 38
503 38
504 38
505 31
506 38
507 38
508 38
509 38
510 25
511 14
512 38
513 38
514 38
515 38
516 38
517 38
518 38
519 38
520 38
521 38
522 38
523 38
524 31
525 38
526 38
527 38
528 38
529 38
530 38
531 38
532 38
533 38
534 38
535 38
536 31
537 38
538 38
539 38
540 21
541 38
542 34
543 31
544 38
545 38
546 38
547 38
548 38
549 38
550 38
551 25
552 25
553 38
554 28
555 38
556 38
557 38
558 38
559 38
560 38
561 38
562 38
563 38
564 38
565 2
566 38
567 38
568 23
569 38
570 38
571 38
572 32
573 38
574 34
575 29
576 38
577 38
578 38
579 36
580 36
581 38
582 38
583 31
584 38
585 38
586 38
587 38
588 38
589 37
590 38
591 38
592 38
593 26
594 13
595 38
596 38
597 38
598 38
599 36
600 38
601 34
602 38
603 38
604 38
605 38
606 23
607 32
608 38
609 32
610 31
611 38
612 38
613 38
614 25
615 38
616 32
617 38
618 38
619 38
620 38
621 38
622 38
623 38
624 23
625 2
626 38
627 38
628 38
629 38
630 38
631 38
632 37
633 32
634 38
635 38
636 35
637 38
638 38
639 36
640 38
641 38
642 38
643 38
644 38
645 38
646 38
647 38
648 38
649 38
650 38
651 38
652 38
653 2
654 38
655 38
656 26
657 38
658 38
659 38
660 38
661 38
662 37
663 38
664 38
665 31
666 38
667 28
668 38
669 38
670 38
671 38
672 38
673 38
674 38
675 26
676 36
677 37
678 38
679 26
680 38
681 38
682 31
683 28
684 21
685 38
686 38
687 29
688 38
689 38
690 38
691 38
692 38
693 38
694 38
695 38
696 34
697 38
698 38
699 38
700 38
701 12
702 38
703 35
704 38
705 32
706 28
707 38
708 21
709 38
710 38
711 38
712 38
713 38
714 38
715 2
716 31
717 38
718 12
719 24
720 34
721 38
722 29
723 38
724 30
725 38
726 23
727 38
728 12
729 38
730 38
731 38
732 30
733 38
734 35
735 27
736 21
737 21
738 38
739 37
740 38
741 31
742 38
743 38
744 38
745 38
746 32
747 34
748 37
749 38
750 24
751 38
752 38
753 38
754 32
755 38
756 38
757 38
758 33
759 34
760 34
761 38
762 27
763 37
764 27
765 13
766 15
767 38
768 38
769 38
770 36
771 31
772 35
773 6
774 17
775 38
776 12
777 38
778 35
779 31
780 30
781 7
782 38
783 24
784 28
785 38
786 38
787 31
788 7
789 32
790 27
791 37
792 34
793 38
794 31
795 17
796 31
797 32
798 38
799 38
800 38
801 12
802 32
803 35
804 38
805 24
806 38
807 38
808 38
809 38
810 36
811 34
812 31
813 38
814 38
815 36
816 38
817 27
818 27
819 7
820 38
821 37
822 17
823 31
824 30
825 38
826 37
827 7
828 17
829 26
830 38
831 38
832 37
833 38
834 31
835 37
836 7
837 17
838 30
839 34
840 33
841 27
842 34
843 22
844 38
845 15
846 36
847 13
848 31
849 38
850 22
851 17
852 38
853 38
854 15
855 33
856 38
857 34
858 13
859 36
860 15
861 8
862 33
863 38
864 34
865 32
866 22
867 37
868 32
869 32
870 37
871 38
872 7
873 7
874 31
875 38
876 27
877 15
878 30
879 33
880 38
881 33
882 32
883 32
884 8
885 24
886 38
887 4
888 30
889 30
890 30
891 31
892 31
893 38
894 30
895 38
896 8
897 33
898 8
899 7
900 34
901 38
902 15
903 22
904 34
905 32
906 4
907 6
908 33
909 34
910 38
911 38
912 38
913 38
914 38
915 38
916 38
917 31
918 11
919 11
920 17
921 6
922 33
923 24
924 34
925 8
926 38
927 34
928 22
929 11
930 6
931 30
932 33
933 34
934 38
935 33
936 1
937 11
938 33
939 33
940 33
941 22
942 33
943 33
944 4
945 33
946 30
947 33
948 1
949 4
950 1
951 30
952 33
953 11
954 33
955 22
956 30
957 31
958 4
959 22
960 10
961 11
962 10
963 31
964 31
965 1
966 11
967 33
968 11
969 33
970 4
971 10
972 31
973 10
974 33
975 10
976 33
977 10
978 33
979 33
980 31
981 5
982 33
983 11
984 31
985 33
986 0
987 0
988 11
989 5
990 0
991 22
992 33
993 5
994 5
995 33
996 5
997 0
998 0
999 33
1000 5
