Time:285.11899495124817
NMI:0.931534992011514
ARI:0.8620560121948782
#com:39
1 27
2 0
3 33
4 22
5 33
6 30
7 35
8 36
9 28
10 34
11 3
12 22
13 22
14 33
15 24
16 27
17 24
18 35
19 27
20 27
21 34
22 31
23 6
24 35
25 22
26 22
27 36
28 35
29 36
30 35
31 30
32 35
33 22
34 28
35 24
36 31
37 22
38 34
39 31
40 19
41 32
42 24
43 31
44 16
45 33
46 37
47 24
48 27
49 27
50 32
51 22
52 30
53 33
54 35
55 31
56 29
57 2
58 26
59 22
60 13
61 30
62 36
63 24
64 31
65 31
66 35
67 28
68 28
69 33
70 13
71 36
72 22
73 16
74 30
75 22
76 24
77 33
78 24
79 9
80 31
81 30
82 15
83 29
84 22
85 3
86 36
87 22
88 34
89 9
90 30
91 35
92 15
93 19
94 37
95 32
96 29
97 35
98 33
99 4
100 35
101 3
102 21
103 36
104 31
105 27
106 28
107 26
108 27
109 35
110 36
111 32
112 33
113 35
114 32
115 32
116 26
117 31
118 28
119 28
120 35
121 19
122 36
123 33
124 30
125 36
126 13
127 9
128 26
129 4
130 4
131 35
132 22
133 31
134 22
135 34
136 37
137 36
138 31
139 19
140 16
141 15
142 32
143 5
144 33
145 32
146 24
147 22
148 31
149 32
150 34
151 6
152 22
153 13
154 4
155 24
156 6
157 32
158 28
159 22
160 24
161 31
162 30
163 27
164 35
165 30
166 22
167 33
168 7
169 28
170 34
171 34
172 6
173 30
174 36
175 15
176 35
177 21
178 27
179 31
180 33
181 30
182 22
183 8
184 32
185 34
186 26
187 30
188 32
189 33
190 33
191 32
192 38
193 34
194 30
195 22
196 21
197 24
198 6
199 16
200 35
201 21
202 35
203 32
204 24
205 32
206 24
207 24
208 27
209 9
210 29
211 24
212 22
213 21
214 15
215 15
216 6
217 19
218 10
219 13
220 35
221 36
222 31
223 19
224 22
225 33
226 31
227 31
228 27
229 24
230 36
231 32
232 31
233 37
234 16
235 28
236 28
237 32
238 33
239 32
240 22
241 11
242 35
243 29
244 34
245 36
246 6
247 35
248 34
249 12
250 29
251 21
252 15
253 31
254 37
255 4
256 36
257 28
258 31
259 31
260 34
261 26
262 36
263 33
264 32
265 30
266 30
267 24
268 31
269 16
270 27
271 32
272 22
273 30
274 31
275 29
276 29
277 28
278 21
279 22
280 29
281 34
282 37
283 28
284 14
285 15
286 22
287 4
288 32
289 33
290 35
291 34
292 4
293 26
294 16
295 17
296 24
297 29
298 33
299 33
300 24
301 9
302 16
303 30
304 18
305 16
306 33
307 31
308 24
309 36
310 22
311 27
312 33
313 21
314 30
315 21
316 30
317 27
318 26
319 31
320 30
321 33
322 35
323 30
324 32
325 24
326 29
327 33
328 22
329 36
330 35
331 22
332 31
333 1
334 33
335 19
336 32
337 24
338 31
339 21
340 33
341 30
342 19
343 16
344 13
345 33
346 30
347 22
348 35
349 22
350 32
351 27
352 27
353 30
354 27
355 16
356 24
357 34
358 28
359 29
360 26
361 27
362 35
363 31
364 21
365 20
366 36
367 4
368 19
369 22
370 33
371 31
372 15
373 31
374 32
375 9
376 24
377 9
378 32
379 36
380 6
381 22
382 33
383 30
384 33
385 24
386 24
387 30
388 21
389 33
390 29
391 29
392 9
393 38
394 30
395 32
396 13
397 32
398 31
399 16
400 15
401 19
402 19
403 22
404 30
405 32
406 3
407 33
408 19
409 35
410 27
411 22
412 19
413 38
414 27
415 3
416 9
417 27
418 26
419 36
420 30
421 27
422 27
423 31
424 33
425 35
426 35
427 27
428 26
429 16
430 19
431 32
432 3
433 3
434 27
435 21
436 32
437 31
438 27
439 21
440 24
441 38
442 16
443 22
444 37
445 9
446 31
447 29
448 26
449 30
450 36
451 21
452 15
453 25
454 9
455 38
456 35
457 29
458 3
459 30
460 34
461 19
462 27
463 23
464 35
465 3
466 26
467 26
468 33
469 32
470 27
471 16
472 36
473 33
474 9
475 35
476 35
477 29
478 22
479 30
480 32
481 21
482 38
483 33
484 33
485 28
486 32
487 28
488 32
489 32
490 26
491 19
492 27
493 32
494 15
495 33
496 9
497 35
498 36
499 32
500 24
501 36
502 28
503 31
504 38
505 38
506 22
507 24
508 31
509 24
510 13
511 3
512 27
513 37
514 19
515 29
516 16
517 21
518 28
519 31
520 36
521 15
522 21
523 31
524 38
525 32
526 27
527 16
528 34
529 15
530 27
531 32
532 34
533 37
534 27
535 31
536 38
537 19
538 31
539 38
540 13
541 30
542 33
543 38
544 31
545 37
546 22
547 29
548 38
549 13
550 30
551 13
552 13
553 35
554 26
555 27
556 27
557 27
558 31
559 30
560 24
561 31
562 22
563 19
564 33
565 24
566 35
567 29
568 9
569 36
570 28
571 22
572 35
573 31
574 33
575 36
576 28
577 35
578 21
579 36
580 36
581 37
582 35
583 38
584 24
585 31
586 34
587 31
588 30
589 37
590 35
591 31
592 37
593 22
594 19
595 38
596 29
597 30
598 15
599 36
600 21
601 33
602 29
603 26
604 34
605 32
606 9
607 35
608 26
609 35
610 38
611 29
612 27
613 30
614 13
615 30
616 35
617 29
618 31
619 31
620 29
621 37
622 21
623 29
624 9
625 24
626 34
627 31
628 33
629 30
630 35
631 27
632 37
633 35
634 24
635 24
636 35
637 28
638 19
639 36
640 32
641 30
642 24
643 27
644 35
645 22
646 28
647 35
648 22
649 32
650 37
651 24
652 27
653 24
654 38
655 21
656 22
657 32
658 21
659 19
660 19
661 31
662 37
663 24
664 31
665 27
666 38
667 26
668 21
669 32
670 34
671 27
672 34
673 30
674 32
675 22
676 36
677 37
678 32
679 22
680 24
681 30
682 38
683 26
684 13
685 36
686 30
687 36
688 32
689 28
690 32
691 32
692 31
693 27
694 28
695 30
696 33
697 34
698 30
699 21
700 31
701 15
702 27
703 35
704 38
705 35
706 26
707 24
708 13
709 30
710 32
711 31
712 31
713 36
714 33
715 24
716 38
717 30
718 15
719 21
720 33
721 32
722 36
723 30
724 28
725 32
726 9
727 24
728 15
729 31
730 24
731 24
732 28
733 35
734 35
735 27
736 13
737 13
738 31
739 37
740 31
741 38
742 24
743 27
744 28
745 29
746 35
747 33
748 37
749 36
750 21
751 16
752 32
753 29
754 35
755 36
756 30
757 22
758 32
759 33
760 33
761 33
762 27
763 37
764 27
765 19
766 26
767 29
768 32
769 36
770 36
771 38
772 35
773 24
774 34
775 24
776 15
777 31
778 35
779 38
780 28
781 27
782 35
783 21
784 26
785 31
786 32
787 38
788 27
789 35
790 27
791 37
792 33
793 22
794 38
795 34
796 38
797 35
798 29
799 24
800 24
801 15
802 35
803 35
804 22
805 21
806 30
807 22
808 24
809 24
810 36
811 33
812 38
813 35
814 30
815 36
816 31
817 27
818 27
819 27
820 32
821 37
822 34
823 38
824 28
825 30
826 37
827 27
828 34
829 22
830 28
831 30
832 37
833 30
834 38
835 37
836 27
837 34
838 28
839 33
840 32
841 27
842 33
843 31
844 32
845 26
846 36
847 19
848 38
849 30
850 31
851 34
852 28
853 30
854 26
855 32
856 36
857 33
858 19
859 36
860 26
861 29
862 32
863 32
864 33
865 35
866 31
867 37
868 35
869 35
870 37
871 30
872 27
873 27
874 38
875 35
876 27
877 26
878 28
879 32
880 32
881 32
882 35
883 35
884 29
885 21
886 30
887 36
888 28
889 28
890 28
891 38
892 38
893 22
894 28
895 22
896 29
897 32
898 29
899 27
900 33
901 35
902 26
903 31
904 33
905 35
906 36
907 24
908 32
909 33
910 22
911 35
912 32
913 36
914 30
915 32
916 32
917 38
918 30
919 30
920 34
921 24
922 32
923 21
924 33
925 29
926 38
927 33
928 31
929 30
930 24
931 28
932 32
933 33
934 35
935 32
936 22
937 30
938 32
939 32
940 32
941 31
942 32
943 32
944 36
945 32
946 28
947 32
948 22
949 36
950 22
951 28
952 32
953 30
954 32
955 31
956 28
957 38
958 36
959 31
960 33
961 30
962 33
963 38
964 38
965 22
966 30
967 32
968 30
969 32
970 36
971 33
972 38
973 33
974 32
975 33
976 32
977 33
978 32
979 32
980 38
981 35
982 32
983 30
984 38
985 32
986 38
987 38
988 30
989 35
990 38
991 31
992 32
993 35
994 35
995 32
996 35
997 38
998 38
999 32
1000 35
