Time:258.89892292022705
NMI:0.21485161587181661
ARI:0.007258361634790375
#com:35
1 31
2 31
3 31
4 0
5 31
6 31
7 31
8 31
9 2
10 31
11 28
12 31
13 31
14 32
15 31
16 31
17 32
18 31
19 31
20 31
21 31
22 31
23 15
24 31
25 31
26 31
27 31
28 31
29 31
30 31
31 32
32 32
33 31
34 31
35 31
36 28
37 32
38 31
39 31
40 31
41 31
42 31
43 28
44 31
45 31
46 31
47 31
48 31
49 31
50 31
51 31
52 31
53 31
54 32
55 31
56 31
57 31
58 31
59 31
60 31
61 31
62 31
63 31
64 31
65 31
66 32
67 31
68 31
69 31
70 31
71 31
72 3
73 31
74 31
75 31
76 31
77 30
78 31
79 28
80 4
81 31
82 5
83 32
84 31
85 31
86 28
87 31
88 31
89 30
90 31
91 4
92 30
93 22
94 31
95 31
96 28
97 31
98 31
99 31
100 31
101 31
102 31
103 31
104 31
105 31
106 31
107 32
108 32
109 31
110 31
111 31
112 31
113 6
114 31
115 31
116 32
117 32
118 31
119 31
120 31
121 32
122 7
123 32
124 31
125 31
126 31
127 31
128 31
129 31
130 31
131 31
132 31
133 31
134 31
135 31
136 31
137 32
138 31
139 31
140 30
141 8
142 31
143 32
144 31
145 31
146 31
147 32
148 31
149 31
150 30
151 31
152 31
153 31
154 31
155 31
156 31
157 32
158 31
159 31
160 31
161 32
162 31
163 31
164 31
165 6
166 31
167 31
168 31
169 31
170 31
171 31
172 32
173 28
174 31
175 31
176 31
177 31
178 32
179 31
180 31
181 10
182 28
183 12
184 32
185 31
186 31
187 32
188 31
189 31
190 31
191 25
192 31
193 32
194 31
195 31
196 31
197 31
198 13
199 14
200 31
201 31
202 28
203 31
204 31
205 31
206 31
207 31
208 31
209 31
210 32
211 31
212 7
213 31
214 31
215 31
216 31
217 31
218 31
219 10
220 32
221 2
222 32
223 32
224 32
225 30
226 31
227 31
228 31
229 32
230 31
231 31
232 31
233 31
234 31
235 15
236 16
237 12
238 31
239 31
240 3
241 31
242 31
243 32
244 31
245 5
246 31
247 31
248 31
249 17
250 31
251 31
252 15
253 31
254 31
255 32
256 31
257 8
258 31
259 31
260 31
261 31
262 31
263 31
264 4
265 31
266 31
267 31
268 32
269 31
270 31
271 31
272 31
273 31
274 31
275 5
276 32
277 31
278 31
279 31
280 32
281 18
282 31
283 32
284 31
285 31
286 31
287 31
288 31
289 31
290 31
291 31
292 31
293 31
294 31
295 31
296 31
297 31
298 31
299 31
300 28
301 31
302 32
303 32
304 28
305 31
306 31
307 31
308 31
309 32
310 32
311 32
312 31
313 31
314 31
315 31
316 31
317 31
318 31
319 31
320 32
321 31
322 31
323 31
324 28
325 31
326 31
327 31
328 31
329 31
330 32
331 32
332 31
333 32
334 31
335 30
336 31
337 32
338 31
339 31
340 31
341 31
342 19
343 31
344 31
345 31
346 32
347 31
348 31
349 31
350 31
351 31
352 31
353 31
354 31
355 31
356 31
357 32
358 31
359 31
360 28
361 31
362 31
363 31
364 31
365 31
366 20
367 31
368 31
369 31
370 31
371 31
372 31
373 31
374 31
375 31
376 31
377 31
378 21
379 31
380 31
381 31
382 31
383 31
384 31
385 3
386 31
387 31
388 28
389 31
390 31
391 15
392 31
393 31
394 31
395 31
396 31
397 31
398 32
399 31
400 31
401 31
402 31
403 32
404 31
405 32
406 32
407 31
408 27
409 31
410 31
411 31
412 32
413 31
414 31
415 31
416 31
417 32
418 31
419 31
420 31
421 31
422 31
423 31
424 31
425 31
426 31
427 31
428 31
429 22
430 28
431 31
432 31
433 31
434 31
435 32
436 31
437 14
438 31
439 31
440 31
441 21
442 31
443 31
444 31
445 31
446 31
447 31
448 31
449 31
450 31
451 32
452 31
453 32
454 18
455 20
456 31
457 31
458 31
459 31
460 32
461 28
462 31
463 31
464 31
465 31
466 31
467 31
468 31
469 32
470 31
471 32
472 31
473 31
474 31
475 31
476 31
477 32
478 31
479 31
480 28
481 31
482 32
483 31
484 31
485 32
486 31
487 31
488 31
489 31
490 31
491 31
492 28
493 32
494 32
495 31
496 32
497 32
498 31
499 32
500 31
501 31
502 32
503 31
504 32
505 31
506 31
507 31
508 31
509 31
510 31
511 32
512 31
513 31
514 31
515 31
516 31
517 31
518 30
519 31
520 31
521 31
522 32
523 31
524 31
525 31
526 32
527 31
528 31
529 31
530 31
531 19
532 31
533 31
534 31
535 31
536 31
537 31
538 31
539 31
540 31
541 31
542 32
543 31
544 31
545 32
546 31
547 31
548 31
549 32
550 32
551 32
552 31
553 31
554 31
555 31
556 31
557 31
558 31
559 31
560 31
561 28
562 31
563 31
564 31
565 31
566 31
567 31
568 32
569 31
570 31
571 12
572 31
573 32
574 31
575 31
576 31
577 26
578 31
579 31
580 31
581 31
582 31
583 32
584 31
585 31
586 31
587 31
588 31
589 31
590 31
591 31
592 31
593 31
594 31
595 31
596 31
597 32
598 31
599 31
600 29
601 28
602 31
603 32
604 28
605 31
606 31
607 31
608 31
609 31
610 32
611 31
612 31
613 31
614 31
615 31
616 27
617 31
618 28
619 28
620 31
621 32
622 31
623 32
624 31
625 31
626 32
627 31
628 31
629 31
630 31
631 28
632 31
633 31
634 31
635 31
636 31
637 31
638 31
639 31
640 31
641 31
642 31
643 28
644 31
645 31
646 32
647 31
648 31
649 29
650 31
651 31
652 31
653 31
654 32
655 31
656 31
657 31
658 31
659 31
660 31
661 22
662 31
663 31
664 31
665 31
666 31
667 31
668 31
669 31
670 32
671 31
672 31
673 31
674 32
675 32
676 31
677 27
678 31
679 31
680 31
681 31
682 31
683 31
684 31
685 32
686 31
687 32
688 30
689 28
690 31
691 31
692 31
693 31
694 31
695 31
696 31
697 31
698 31
699 31
700 32
701 31
702 31
703 31
704 31
705 31
706 31
707 31
708 31
709 31
710 31
711 31
712 31
713 31
714 31
715 31
716 31
717 31
718 31
719 31
720 32
721 31
722 31
723 31
724 31
725 31
726 31
727 31
728 31
729 31
730 32
731 32
732 31
733 31
734 32
735 31
736 26
737 31
738 31
739 31
740 31
741 30
742 32
743 29
744 22
745 34
746 32
747 32
748 31
749 31
750 31
751 31
752 28
753 32
754 31
755 32
756 31
757 32
758 31
759 32
760 31
761 31
762 31
763 31
764 32
765 31
766 32
767 30
768 32
769 32
770 31
771 31
772 31
773 31
774 31
775 32
776 32
777 32
778 31
779 31
780 31
781 31
782 32
783 31
784 32
785 32
786 31
787 32
788 30
789 31
790 32
791 31
792 31
793 31
794 32
795 31
796 31
797 30
798 31
799 31
800 31
801 31
802 31
803 31
804 31
805 31
806 32
807 31
808 31
809 32
810 31
811 28
812 31
813 31
814 31
815 32
816 31
817 32
818 31
819 31
820 31
821 31
822 31
823 31
824 32
825 28
826 32
827 31
828 31
829 32
830 31
831 31
832 25
833 32
834 32
835 31
836 31
837 31
838 32
839 32
840 31
841 32
842 32
843 30
844 32
845 31
846 31
847 31
848 32
849 31
850 32
851 32
852 30
853 31
854 32
855 31
856 31
857 32
858 34
859 30
860 32
861 32
862 31
863 32
864 31
865 28
866 31
867 31
868 31
869 24
870 31
871 30
872 32
873 31
874 30
875 28
876 31
877 25
878 32
879 31
880 23
881 31
882 32
883 31
884 32
885 32
886 31
887 31
888 31
889 30
890 34
891 31
892 33
893 23
894 31
895 33
896 31
897 31
898 31
899 28
900 24
901 31
902 32
903 34
904 32
905 23
906 34
907 31
908 32
909 32
910 28
911 31
912 32
913 31
914 31
915 32
916 30
917 34
918 32
919 32
920 31
921 33
922 23
923 31
924 32
925 31
926 32
927 31
928 31
929 32
930 30
931 23
932 31
933 32
934 31
935 31
936 31
937 31
938 31
939 31
940 32
941 31
942 32
943 30
944 11
945 23
946 31
947 25
948 11
949 31
950 32
951 11
952 32
953 30
954 32
955 31
956 30
957 31
958 30
959 32
960 30
961 28
962 31
963 25
964 28
965 31
966 31
967 31
968 31
969 32
970 32
971 31
972 9
973 32
974 9
975 31
976 9
977 28
978 31
979 31
980 32
981 31
982 32
983 32
984 31
985 32
986 28
987 9
988 31
989 32
990 28
991 13
992 28
993 13
994 13
995 1
996 32
997 28
998 1
999 28
1000 1
