Time:147.03583073616028
ORC_Time:0.24273681640625
NMI:0.24631962657270162
ARI:0.020572671326203273
#com:35
1 31
2 31
3 31
4 0
5 31
6 31
7 32
8 32
9 2
10 31
11 28
12 31
13 31
14 32
15 31
16 31
17 29
18 31
19 31
20 32
21 32
22 32
23 15
24 31
25 31
26 31
27 31
28 32
29 31
30 32
31 29
32 29
33 31
34 32
35 32
36 28
37 31
38 32
39 31
40 32
41 31
42 31
43 28
44 31
45 31
46 32
47 31
48 31
49 32
50 31
51 29
52 32
53 32
54 29
55 31
56 32
57 32
58 31
59 31
60 31
61 31
62 29
63 31
64 32
65 31
66 29
67 31
68 31
69 31
70 32
71 31
72 3
73 32
74 32
75 31
76 31
77 28
78 31
79 28
80 4
81 32
82 5
83 32
84 32
85 31
86 28
87 32
88 32
89 29
90 31
91 4
92 30
93 22
94 32
95 31
96 28
97 31
98 32
99 31
100 31
101 31
102 31
103 31
104 31
105 31
106 31
107 29
108 32
109 31
110 31
111 31
112 31
113 6
114 31
115 31
116 32
117 29
118 31
119 31
120 29
121 29
122 7
123 32
124 32
125 31
126 31
127 31
128 31
129 32
130 31
131 31
132 31
133 31
134 32
135 32
136 32
137 29
138 31
139 32
140 30
141 8
142 32
143 29
144 31
145 32
146 32
147 29
148 31
149 32
150 30
151 31
152 31
153 31
154 32
155 31
156 32
157 29
158 32
159 31
160 32
161 29
162 31
163 31
164 31
165 6
166 31
167 31
168 31
169 32
170 31
171 31
172 29
173 28
174 31
175 31
176 31
177 31
178 32
179 32
180 31
181 10
182 28
183 12
184 29
185 31
186 31
187 32
188 31
189 32
190 31
191 24
192 31
193 29
194 32
195 31
196 32
197 31
198 13
199 14
200 32
201 31
202 28
203 32
204 31
205 31
206 32
207 31
208 31
209 31
210 29
211 31
212 7
213 31
214 32
215 31
216 31
217 31
218 32
219 10
220 29
221 2
222 29
223 29
224 29
225 30
226 31
227 31
228 32
229 29
230 32
231 31
232 31
233 31
234 31
235 15
236 16
237 12
238 31
239 31
240 3
241 31
242 32
243 29
244 31
245 5
246 31
247 32
248 31
249 17
250 31
251 31
252 15
253 32
254 32
255 32
256 31
257 8
258 31
259 31
260 32
261 32
262 32
263 31
264 4
265 31
266 31
267 31
268 29
269 32
270 32
271 31
272 31
273 31
274 31
275 5
276 32
277 31
278 31
279 32
280 29
281 18
282 32
283 29
284 31
285 31
286 31
287 31
288 31
289 31
290 32
291 31
292 31
293 31
294 31
295 31
296 31
297 31
298 32
299 31
300 28
301 32
302 31
303 31
304 28
305 31
306 31
307 31
308 31
309 29
310 29
311 29
312 31
313 31
314 31
315 31
316 32
317 31
318 32
319 32
320 29
321 31
322 32
323 31
324 28
325 31
326 29
327 31
328 31
329 31
330 29
331 29
332 32
333 29
334 32
335 30
336 31
337 29
338 32
339 31
340 32
341 32
342 19
343 31
344 31
345 31
346 31
347 29
348 32
349 31
350 32
351 31
352 31
353 31
354 31
355 31
356 31
357 29
358 32
359 32
360 28
361 32
362 32
363 31
364 31
365 32
366 31
367 29
368 32
369 31
370 31
371 31
372 32
373 31
374 32
375 31
376 31
377 31
378 20
379 31
380 32
381 31
382 31
383 31
384 32
385 3
386 31
387 32
388 21
389 31
390 31
391 15
392 32
393 31
394 32
395 31
396 31
397 31
398 29
399 31
400 31
401 31
402 31
403 29
404 31
405 32
406 29
407 32
408 27
409 31
410 31
411 32
412 29
413 31
414 32
415 31
416 31
417 29
418 31
419 31
420 32
421 31
422 32
423 31
424 31
425 31
426 32
427 31
428 32
429 22
430 28
431 31
432 31
433 32
434 31
435 29
436 32
437 14
438 31
439 32
440 31
441 20
442 31
443 31
444 31
445 31
446 31
447 31
448 32
449 32
450 31
451 32
452 32
453 29
454 18
455 31
456 31
457 31
458 32
459 32
460 29
461 28
462 31
463 31
464 31
465 31
466 29
467 31
468 31
469 32
470 31
471 32
472 31
473 31
474 32
475 31
476 31
477 29
478 32
479 31
480 28
481 31
482 29
483 32
484 32
485 29
486 31
487 31
488 31
489 31
490 31
491 31
492 31
493 30
494 32
495 31
496 29
497 29
498 31
499 32
500 31
501 31
502 32
503 32
504 29
505 31
506 31
507 32
508 31
509 32
510 31
511 32
512 31
513 31
514 31
515 32
516 31
517 31
518 30
519 31
520 32
521 31
522 31
523 31
524 31
525 31
526 29
527 31
528 31
529 32
530 32
531 19
532 31
533 31
534 32
535 31
536 32
537 31
538 32
539 32
540 32
541 32
542 29
543 31
544 31
545 29
546 32
547 31
548 31
549 32
550 31
551 29
552 31
553 32
554 32
555 31
556 32
557 31
558 31
559 32
560 31
561 28
562 31
563 31
564 31
565 31
566 31
567 31
568 29
569 31
570 31
571 12
572 31
573 29
574 31
575 32
576 32
577 25
578 31
579 31
580 31
581 31
582 31
583 29
584 31
585 32
586 31
587 31
588 31
589 32
590 32
591 32
592 31
593 31
594 32
595 31
596 31
597 29
598 31
599 32
600 28
601 28
602 31
603 32
604 28
605 32
606 31
607 31
608 31
609 31
610 31
611 32
612 31
613 31
614 29
615 29
616 27
617 31
618 28
619 28
620 31
621 29
622 31
623 29
624 31
625 31
626 29
627 31
628 31
629 31
630 31
631 28
632 31
633 29
634 32
635 32
636 31
637 31
638 31
639 32
640 31
641 31
642 32
643 31
644 31
645 32
646 29
647 31
648 29
649 28
650 31
651 32
652 31
653 31
654 31
655 31
656 31
657 32
658 31
659 29
660 31
661 22
662 32
663 31
664 31
665 31
666 31
667 32
668 31
669 32
670 31
671 32
672 31
673 31
674 29
675 32
676 31
677 27
678 32
679 31
680 31
681 31
682 31
683 31
684 31
685 29
686 31
687 29
688 30
689 28
690 31
691 31
692 31
693 31
694 32
695 32
696 31
697 31
698 31
699 32
700 29
701 31
702 31
703 32
704 31
705 31
706 31
707 31
708 31
709 31
710 32
711 31
712 31
713 31
714 31
715 32
716 31
717 32
718 31
719 31
720 29
721 31
722 32
723 32
724 32
725 31
726 31
727 31
728 31
729 29
730 29
731 32
732 31
733 31
734 29
735 32
736 25
737 31
738 31
739 32
740 31
741 29
742 29
743 28
744 22
745 34
746 31
747 29
748 31
749 31
750 31
751 31
752 28
753 29
754 32
755 29
756 29
757 29
758 31
759 29
760 31
761 31
762 31
763 32
764 29
765 31
766 29
767 30
768 29
769 31
770 31
771 32
772 31
773 31
774 31
775 29
776 32
777 32
778 31
779 31
780 31
781 31
782 29
783 31
784 29
785 31
786 31
787 31
788 30
789 31
790 31
791 31
792 31
793 31
794 32
795 32
796 29
797 30
798 31
799 29
800 32
801 31
802 31
803 31
804 31
805 31
806 29
807 31
808 31
809 32
810 32
811 28
812 29
813 31
814 31
815 32
816 31
817 29
818 31
819 31
820 31
821 31
822 31
823 31
824 31
825 26
826 32
827 31
828 32
829 29
830 32
831 31
832 24
833 29
834 32
835 32
836 31
837 31
838 30
839 29
840 31
841 29
842 29
843 30
844 29
845 31
846 31
847 31
848 29
849 31
850 32
851 29
852 30
853 31
854 32
855 31
856 31
857 32
858 34
859 30
860 31
861 29
862 31
863 29
864 31
865 28
866 32
867 31
868 31
869 32
870 31
871 30
872 29
873 31
874 28
875 28
876 32
877 24
878 29
879 31
880 23
881 31
882 31
883 31
884 29
885 32
886 31
887 31
888 31
889 30
890 34
891 31
892 33
893 23
894 32
895 33
896 31
897 32
898 31
899 26
900 32
901 32
902 32
903 34
904 32
905 23
906 34
907 32
908 32
909 29
910 26
911 31
912 32
913 31
914 31
915 29
916 28
917 34
918 29
919 29
920 32
921 33
922 23
923 31
924 32
925 31
926 32
927 31
928 32
929 29
930 30
931 23
932 31
933 32
934 31
935 31
936 32
937 32
938 31
939 31
940 32
941 32
942 29
943 30
944 11
945 23
946 32
947 24
948 11
949 32
950 29
951 11
952 29
953 29
954 32
955 32
956 30
957 32
958 30
959 32
960 30
961 28
962 32
963 24
964 28
965 31
966 31
967 32
968 32
969 29
970 29
971 32
972 9
973 29
974 9
975 32
976 9
977 28
978 32
979 32
980 29
981 32
982 29
983 29
984 32
985 29
986 28
987 9
988 32
989 29
990 28
991 13
992 28
993 13
994 13
995 1
996 29
997 28
998 1
999 28
1000 1
