Time:146.60034680366516
ORC_Time:0.2962307929992676
NMI:0.8528492889978583
ARI:0.7887144384928692
#com:35
1 30
2 34
3 31
4 32
5 27
6 34
7 29
8 30
9 25
10 26
11 30
12 31
13 25
14 28
15 21
16 33
17 26
18 21
19 23
20 31
21 32
22 31
23 10
24 25
25 22
26 27
27 30
28 31
29 26
30 32
31 31
32 33
33 32
34 33
35 28
36 32
37 34
38 25
39 29
40 25
41 25
42 34
43 24
44 34
45 23
46 32
47 31
48 23
49 33
50 25
51 28
52 30
53 32
54 30
55 29
56 33
57 27
58 31
59 30
60 28
61 26
62 31
63 34
64 29
65 34
66 33
67 26
68 25
69 30
70 32
71 26
72 8
73 28
74 31
75 19
76 23
77 31
78 25
79 28
80 0
81 32
82 1
83 28
84 28
85 31
86 29
87 28
88 32
89 31
90 27
91 0
92 31
93 22
94 30
95 30
96 31
97 31
98 31
99 34
100 32
101 21
102 34
103 22
104 26
105 19
106 2
107 29
108 33
109 30
110 33
111 29
112 32
113 3
114 34
115 31
116 27
117 29
118 31
119 23
120 28
121 33
122 4
123 33
124 32
125 22
126 26
127 28
128 28
129 31
130 26
131 25
132 19
133 26
134 33
135 32
136 30
137 30
138 19
139 32
140 29
141 5
142 30
143 30
144 21
145 32
146 28
147 32
148 29
149 30
150 31
151 31
152 23
153 27
154 32
155 22
156 30
157 33
158 31
159 22
160 6
161 30
162 23
163 23
164 27
165 3
166 25
167 19
168 27
169 32
170 11
171 34
172 27
173 30
174 34
175 34
176 34
177 26
178 32
179 28
180 22
181 7
182 34
183 11
184 33
185 23
186 22
187 29
188 29
189 23
190 32
191 32
192 8
193 32
194 32
195 25
196 31
197 29
198 31
199 9
200 32
201 27
202 33
203 32
204 30
205 22
206 25
207 31
208 28
209 32
210 22
211 31
212 4
213 21
214 30
215 34
216 19
217 29
218 31
219 7
220 27
221 25
222 34
223 33
224 30
225 31
226 28
227 34
228 30
229 33
230 23
231 34
232 19
233 19
234 21
235 10
236 31
237 11
238 19
239 11
240 8
241 25
242 29
243 33
244 34
245 1
246 30
247 30
248 21
249 31
250 30
251 30
252 10
253 30
254 32
255 29
256 31
257 5
258 23
259 32
260 29
261 32
262 31
263 27
264 0
265 19
266 33
267 19
268 29
269 30
270 33
271 25
272 28
273 31
274 24
275 1
276 30
277 34
278 19
279 30
280 34
281 30
282 32
283 33
284 30
285 22
286 34
287 30
288 21
289 22
290 30
291 34
292 28
293 26
294 12
295 23
296 27
297 25
298 31
299 34
300 32
301 31
302 26
303 34
304 31
305 21
306 29
307 22
308 34
309 33
310 28
311 30
312 34
313 13
314 33
315 29
316 31
317 25
318 32
319 31
320 34
321 31
322 27
323 30
324 24
325 27
326 33
327 19
328 33
329 27
330 22
331 22
332 32
333 31
334 14
335 30
336 34
337 33
338 15
339 33
340 30
341 31
342 22
343 31
344 21
345 25
346 34
347 32
348 16
349 17
350 28
351 19
352 34
353 31
354 12
355 34
356 23
357 33
358 31
359 32
360 18
361 30
362 23
363 30
364 32
365 32
366 19
367 28
368 27
369 27
370 23
371 25
372 30
373 21
374 31
375 19
376 26
377 27
378 23
379 33
380 22
381 21
382 30
383 34
384 32
385 8
386 21
387 32
388 29
389 25
390 30
391 10
392 27
393 11
394 31
395 33
396 28
397 29
398 33
399 34
400 34
401 25
402 33
403 22
404 19
405 32
406 33
407 30
408 29
409 22
410 29
411 30
412 33
413 32
414 30
415 19
416 33
417 33
418 34
419 23
420 20
421 23
422 31
423 30
424 25
425 27
426 33
427 21
428 29
429 22
430 30
431 23
432 27
433 31
434 25
435 30
436 28
437 9
438 30
439 23
440 22
441 23
442 33
443 30
444 2
445 23
446 32
447 25
448 23
449 30
450 32
451 28
452 34
453 24
454 30
455 19
456 25
457 27
458 30
459 33
460 26
461 24
462 22
463 27
464 19
465 34
466 28
467 27
468 19
469 32
470 21
471 33
472 25
473 29
474 31
475 23
476 32
477 30
478 31
479 23
480 24
481 29
482 31
483 31
484 33
485 33
486 33
487 31
488 29
489 29
490 26
491 31
492 28
493 31
494 28
495 31
496 22
497 30
498 26
499 28
500 31
501 25
502 32
503 6
504 29
505 30
506 33
507 31
508 25
509 30
510 30
511 31
512 28
513 25
514 33
515 34
516 29
517 29
518 31
519 34
520 32
521 33
522 25
523 19
524 27
525 23
526 33
527 33
528 34
529 25
530 31
531 22
532 25
533 25
534 34
535 29
536 32
537 25
538 32
539 33
540 31
541 31
542 33
543 25
544 28
545 24
546 33
547 31
548 32
549 28
550 27
551 29
552 28
553 32
554 32
555 30
556 31
557 34
558 30
559 23
560 24
561 30
562 29
563 33
564 30
565 32
566 29
567 26
568 27
569 25
570 30
571 11
572 34
573 33
574 31
575 34
576 29
577 29
578 31
579 29
580 32
581 28
582 23
583 33
584 29
585 30
586 23
587 23
588 21
589 32
590 30
591 34
592 25
593 19
594 31
595 23
596 30
597 27
598 32
599 31
600 31
601 29
602 31
603 33
604 29
605 30
606 31
607 32
608 25
609 27
610 34
611 31
612 32
613 31
614 28
615 28
616 29
617 30
618 31
619 31
620 30
621 32
622 26
623 24
624 29
625 31
626 33
627 32
628 25
629 34
630 26
631 24
632 32
633 33
634 32
635 32
636 33
637 33
638 34
639 32
640 21
641 32
642 28
643 28
644 34
645 32
646 30
647 27
648 28
649 31
650 19
651 29
652 34
653 27
654 27
655 34
656 29
657 32
658 30
659 28
660 29
661 22
662 32
663 26
664 29
665 29
666 33
667 31
668 32
669 29
670 25
671 30
672 31
673 19
674 31
675 32
676 32
677 29
678 30
679 27
680 30
681 19
682 29
683 30
684 32
685 24
686 27
687 28
688 31
689 24
690 23
691 34
692 33
693 29
694 30
695 32
696 29
697 34
698 31
699 33
700 30
701 31
702 19
703 30
704 21
705 32
706 26
707 26
708 29
709 26
710 33
711 22
712 26
713 27
714 30
715 32
716 32
717 30
718 27
719 31
720 29
721 28
722 34
723 33
724 33
725 33
726 32
727 30
728 30
729 28
730 33
731 32
732 19
733 23
734 30
735 32
736 29
737 30
738 21
739 31
740 28
741 31
742 29
743 31
744 22
745 34
746 34
747 29
748 26
749 32
750 31
751 19
752 24
753 30
754 23
755 30
756 28
757 22
758 23
759 29
760 26
761 30
762 30
763 29
764 30
765 33
766 30
767 31
768 29
769 34
770 25
771 29
772 22
773 27
774 23
775 30
776 32
777 32
778 21
779 30
780 34
781 26
782 30
783 27
784 29
785 25
786 19
787 34
788 31
789 19
790 34
791 22
792 27
793 31
794 28
795 32
796 32
797 31
798 25
799 28
800 30
801 22
802 32
803 25
804 32
805 27
806 24
807 33
808 30
809 32
810 30
811 24
812 28
813 27
814 33
815 28
816 33
817 29
818 33
819 19
820 30
821 27
822 30
823 25
824 34
825 33
826 28
827 26
828 32
829 30
830 30
831 26
832 32
833 29
834 32
835 30
836 33
837 30
838 31
839 32
840 30
841 29
842 30
843 31
844 30
845 19
846 32
847 26
848 22
849 33
850 29
851 32
852 31
853 26
854 32
855 34
856 33
857 29
858 34
859 31
860 25
861 29
862 25
863 28
864 29
865 31
866 29
867 29
868 21
869 32
870 34
871 23
872 30
873 34
874 31
875 31
876 23
877 26
878 32
879 30
880 33
881 19
882 26
883 23
884 29
885 32
886 23
887 30
888 19
889 31
890 34
891 29
892 33
893 33
894 25
895 33
896 30
897 30
898 25
899 33
900 32
901 28
902 29
903 34
904 32
905 33
906 34
907 28
908 32
909 29
910 33
911 34
912 28
913 25
914 26
915 22
916 31
917 34
918 30
919 30
920 23
921 33
922 33
923 28
924 32
925 29
926 34
927 30
928 30
929 27
930 31
931 33
932 33
933 32
934 30
935 30
936 25
937 25
938 29
939 29
940 32
941 34
942 30
943 31
944 34
945 33
946 27
947 32
948 34
949 28
950 30
951 34
952 30
953 31
954 32
955 25
956 31
957 30
958 31
959 27
960 31
961 28
962 30
963 32
964 28
965 33
966 28
967 31
968 32
969 30
970 33
971 30
972 29
973 33
974 29
975 32
976 29
977 30
978 32
979 32
980 33
981 32
982 33
983 33
984 32
985 33
986 30
987 29
988 32
989 33
990 30
991 31
992 30
993 31
994 31
995 32
996 33
997 30
998 32
999 30
1000 32
