Time:159.22300815582275
NMI:0.624047558518406
ARI:0.28021667477360457
#com:32
1 12
2 12
3 12
4 12
5 12
6 12
7 12
8 12
9 12
10 12
11 12
12 3
13 5
14 12
15 12
16 12
17 12
18 7
19 5
20 5
21 5
22 5
23 0
24 10
25 5
26 3
27 5
28 3
29 5
30 3
31 3
32 5
33 3
34 5
35 3
36 5
37 0
38 3
39 3
40 3
41 3
42 3
43 3
44 3
45 3
46 3
47 3
48 3
49 3
50 3
51 3
52 3
53 3
54 3
55 3
56 11
57 3
58 3
59 11
60 3
61 3
62 3
63 9
64 9
65 9
66 9
67 9
68 9
69 9
70 9
71 9
72 7
73 9
74 9
75 10
76 2
77 13
78 13
79 3
80 3
81 3
82 1
83 1
84 1
85 1
86 4
87 1
88 1
89 1
90 1
91 10
92 10
93 10
94 10
95 10
96 10
97 10
98 10
99 10
100 10
101 10
102 10
103 10
104 10
105 6
106 6
107 6
108 10
109 10
110 10
111 6
112 10
113 10
114 6
115 6
116 6
117 10
118 10
119 10
120 2
121 2
122 2
123 2
124 2
125 2
126 2
127 1
128 2
129 2
130 2
131 2
132 2
133 2
134 2
135 2
136 2
137 2
138 2
139 2
140 2
141 11
142 11
143 11
144 11
145 11
146 11
147 10
148 10
149 2
150 2
151 2
152 2
153 2
154 2
155 2
156 2
157 12
158 12
159 12
160 12
161 12
162 12
163 12
164 12
165 7
166 7
167 7
168 7
169 7
170 7
171 7
172 7
173 7
174 7
175 7
176 7
177 7
178 7
179 7
180 7
181 7
182 0
183 7
184 7
185 7
186 12
187 12
188 12
189 12
190 12
191 3
192 3
193 3
194 3
195 4
196 4
197 4
198 10
199 14
200 14
201 7
202 7
203 0
204 10
205 10
206 0
207 10
208 0
209 0
210 0
211 16
212 16
213 17
214 15
215 16
216 17
217 3
218 3
219 7
220 7
221 7
222 5
223 12
224 3
225 3
226 6
227 6
228 6
229 6
230 6
231 6
232 6
233 6
234 6
235 6
236 8
237 8
238 8
239 8
240 8
241 8
242 8
243 8
244 8
245 8
246 8
247 8
248 8
249 8
250 8
251 6
252 7
253 7
254 0
255 8
256 10
257 10
258 9
259 9
260 9
261 9
262 9
263 9
264 18
265 18
266 7
267 7
268 10
269 10
270 3
271 21
272 19
273 20
274 21
275 22
276 22
277 22
278 24
279 25
280 24
281 23
282 11
283 11
284 26
285 26
286 27
287 28
288 27
289 12
290 5
291 1
292 1
293 1
294 12
295 29
296 29
297 31
298 29
299 30
300 30
301 31
