Time:42.66916537284851
NMI:0.6558079770788023
ARI:0.032013255558812556
1 0
2 1
3 2
4 3
5 4
6 5
7 6
8 7
9 8
10 9
11 10
12 11
13 12
14 13
15 14
16 15
17 15
18 16
19 17
20 17
21 18
22 19
23 20
24 21
25 22
26 154
27 23
28 24
29 25
30 26
31 27
32 28
33 29
34 30
35 31
36 32
37 33
38 34
39 35
40 36
41 37
42 38
43 39
44 39
45 40
46 41
47 42
48 43
49 44
50 45
51 45
52 46
53 47
54 48
55 49
56 50
57 51
58 52
59 53
60 54
61 55
62 55
63 56
64 57
65 58
66 59
67 60
68 63
69 61
70 62
71 63
72 64
73 65
74 66
75 67
76 68
77 205
78 205
79 69
80 70
81 70
82 71
83 72
84 75
85 73
86 74
87 75
88 75
89 76
90 77
91 78
92 79
93 80
94 80
95 81
96 82
97 84
98 83
99 84
100 85
101 86
102 87
103 88
104 89
105 90
106 91
107 92
108 93
109 94
110 95
111 96
112 97
113 98
114 99
115 100
116 101
117 103
118 102
119 103
120 104
121 105
122 108
123 129
124 106
125 107
126 108
127 109
128 110
129 111
130 112
131 115
132 113
133 114
134 115
135 116
136 117
137 118
138 119
139 119
140 120
141 121
142 121
143 123
144 122
145 123
146 124
147 125
148 125
149 126
150 127
151 126
152 127
153 127
154 127
155 128
156 129
157 130
158 131
159 132
160 134
161 132
162 132
163 133
164 134
165 140
166 135
167 140
168 136
169 137
170 138
171 139
172 140
173 140
174 141
175 142
176 143
177 144
178 145
179 146
180 146
181 146
182 147
183 148
184 149
185 150
186 151
187 152
188 153
189 153
190 153
191 154
192 154
193 154
194 155
195 156
196 156
197 157
198 158
199 206
200 206
201 159
202 159
203 160
204 161
205 161
206 162
207 192
208 162
209 162
210 163
211 207
212 208
213 211
214 209
215 210
216 211
217 164
218 164
219 165
220 165
221 166
222 167
223 168
224 169
225 169
226 170
227 171
228 172
229 173
230 175
231 174
232 175
233 176
234 177
235 178
236 182
237 179
238 182
239 180
240 182
241 182
242 182
243 182
244 181
245 182
246 182
247 182
248 183
249 184
250 185
251 186
252 187
253 188
254 189
255 190
256 191
257 192
258 195
259 194
260 193
261 193
262 194
263 195
264 212
265 212
266 196
267 196
268 197
269 197
270 198
271 215
272 213
273 214
274 215
275 216
276 216
277 217
278 219
279 220
280 219
281 218
282 199
283 199
284 221
285 221
286 222
287 223
288 222
289 200
290 201
291 202
292 202
293 203
294 204
295 224
296 224
297 225
298 226
299 227
300 227
301 228
