Time:121.22859358787537
NMI:0.6783206726900344
ARI:0.2607393148881282
#com:49
1 38
2 38
3 0
4 38
5 38
6 38
7 38
8 38
9 38
10 38
11 38
12 2
13 25
14 38
15 38
16 38
17 38
18 16
19 25
20 25
21 25
22 25
23 22
24 25
25 25
26 2
27 25
28 2
29 25
30 26
31 2
32 25
33 2
34 25
35 2
36 25
37 1
38 36
39 36
40 36
41 36
42 26
43 36
44 36
45 26
46 26
47 36
48 36
49 26
50 26
51 26
52 36
53 36
54 36
55 36
56 12
57 36
58 36
59 12
60 2
61 2
62 2
63 3
64 3
65 3
66 3
67 3
68 3
69 3
70 3
71 3
72 3
73 3
74 3
75 7
76 10
77 39
78 39
79 36
80 36
81 36
82 4
83 4
84 4
85 4
86 19
87 4
88 4
89 4
90 4
91 7
92 7
93 7
94 7
95 8
96 7
97 7
98 7
99 7
100 5
101 8
102 8
103 7
104 6
105 29
106 29
107 29
108 6
109 6
110 7
111 29
112 8
113 32
114 29
115 29
116 29
117 9
118 9
119 9
120 10
121 11
122 10
123 15
124 10
125 10
126 10
127 4
128 11
129 11
130 11
131 11
132 11
133 11
134 11
135 11
136 11
137 11
138 11
139 11
140 11
141 12
142 12
143 12
144 37
145 12
146 12
147 13
148 13
149 11
150 14
151 11
152 14
153 14
154 14
155 11
156 15
157 17
158 17
159 17
160 17
161 17
162 17
163 17
164 17
165 30
166 30
167 30
168 30
169 30
170 30
171 30
172 30
173 30
174 30
175 30
176 24
177 16
178 30
179 30
180 30
181 30
182 22
183 30
184 30
185 30
186 17
187 17
188 18
189 18
190 18
191 2
192 2
193 2
194 2
195 19
196 19
197 19
198 7
199 40
200 40
201 20
202 20
203 22
204 21
205 21
206 22
207 33
208 22
209 22
210 22
211 41
212 41
213 41
214 41
215 41
216 41
217 23
218 23
219 24
220 24
221 24
222 25
223 38
224 26
225 26
226 29
227 29
228 29
229 29
230 29
231 29
232 29
233 29
234 29
235 29
236 28
237 31
238 28
239 31
240 28
241 28
242 28
243 28
244 28
245 28
246 28
247 28
248 27
249 27
250 28
251 29
252 30
253 30
254 22
255 31
256 32
257 33
258 3
259 3
260 3
261 3
262 3
263 3
264 42
265 42
266 34
267 34
268 35
269 35
270 36
271 43
272 43
273 43
274 43
275 43
276 43
277 43
278 44
279 44
280 44
281 44
282 37
283 37
284 45
285 45
286 46
287 46
288 46
289 38
290 25
291 4
292 4
293 4
294 38
295 48
296 48
297 48
298 48
299 47
300 47
301 48
