Time:132.16022086143494
NMI:0.667354301957834
ARI:0.32505003311825315
#com:33
1 19
2 19
3 11
4 19
5 19
6 19
7 19
8 19
9 19
10 19
11 19
12 7
13 11
14 19
15 19
16 19
17 19
18 16
19 11
20 11
21 11
22 11
23 0
24 11
25 11
26 7
27 11
28 7
29 11
30 7
31 7
32 11
33 7
34 11
35 7
36 11
37 0
38 10
39 10
40 10
41 10
42 7
43 10
44 10
45 7
46 7
47 10
48 10
49 7
50 7
51 7
52 10
53 10
54 10
55 10
56 10
57 10
58 10
59 10
60 7
61 7
62 7
63 15
64 15
65 15
66 15
67 15
68 15
69 15
70 15
71 15
72 15
73 15
74 15
75 3
76 2
77 20
78 20
79 10
80 10
81 10
82 1
83 1
84 1
85 1
86 8
87 1
88 1
89 1
90 1
91 3
92 3
93 3
94 3
95 14
96 3
97 3
98 3
99 3
100 3
101 14
102 14
103 3
104 14
105 12
106 12
107 12
108 14
109 14
110 3
111 12
112 14
113 14
114 12
115 12
116 12
117 3
118 3
119 3
120 2
121 2
122 2
123 5
124 2
125 2
126 2
127 1
128 2
129 2
130 2
131 2
132 2
133 2
134 2
135 2
136 2
137 2
138 2
139 2
140 2
141 10
142 10
143 10
144 18
145 10
146 10
147 3
148 3
149 2
150 4
151 2
152 4
153 4
154 4
155 2
156 5
157 19
158 19
159 19
160 19
161 19
162 19
163 19
164 19
165 9
166 9
167 9
168 9
169 9
170 9
171 9
172 9
173 9
174 9
175 9
176 9
177 9
178 9
179 9
180 9
181 9
182 0
183 9
184 9
185 9
186 19
187 19
188 6
189 6
190 6
191 7
192 7
193 7
194 7
195 8
196 8
197 8
198 3
199 21
200 21
201 9
202 9
203 0
204 14
205 14
206 0
207 14
208 0
209 0
210 0
211 22
212 22
213 23
214 23
215 22
216 23
217 10
218 10
219 9
220 9
221 9
222 11
223 19
224 7
225 7
226 12
227 12
228 12
229 12
230 12
231 12
232 12
233 12
234 12
235 12
236 13
237 13
238 13
239 13
240 13
241 13
242 13
243 13
244 13
245 13
246 13
247 13
248 13
249 13
250 13
251 12
252 9
253 9
254 0
255 13
256 14
257 14
258 15
259 15
260 15
261 15
262 15
263 15
264 24
265 24
266 16
267 16
268 17
269 17
270 10
271 25
272 26
273 26
274 25
275 26
276 26
277 26
278 27
279 27
280 27
281 27
282 18
283 18
284 28
285 28
286 29
287 29
288 29
289 19
290 11
291 1
292 1
293 1
294 19
295 30
296 30
297 32
298 30
299 31
300 31
301 32
