Time:25.50019598007202
NMI:0.5839798670961305
ARI:0.17343194825310973
#com:28
1 14
2 14
3 9
4 14
5 9
6 14
7 14
8 9
9 14
10 14
11 14
12 9
13 9
14 14
15 14
16 14
17 14
18 9
19 18
20 18
21 9
22 18
23 9
24 9
25 18
26 0
27 9
28 9
29 18
30 9
31 0
32 9
33 0
34 18
35 0
36 9
37 9
38 13
39 13
40 13
41 13
42 9
43 13
44 13
45 9
46 9
47 13
48 13
49 9
50 9
51 9
52 2
53 2
54 2
55 2
56 5
57 2
58 2
59 5
60 9
61 9
62 9
63 9
64 9
65 9
66 1
67 1
68 1
69 1
70 1
71 1
72 9
73 9
74 1
75 9
76 8
77 19
78 19
79 2
80 2
81 2
82 3
83 3
84 3
85 3
86 9
87 3
88 3
89 3
90 3
91 9
92 9
93 9
94 9
95 9
96 9
97 9
98 9
99 9
100 9
101 9
102 9
103 9
104 9
105 16
106 16
107 16
108 9
109 9
110 9
111 16
112 9
113 9
114 16
115 16
116 16
117 9
118 9
119 9
120 8
121 4
122 8
123 8
124 8
125 8
126 8
127 3
128 4
129 4
130 4
131 4
132 4
133 4
134 4
135 6
136 4
137 4
138 6
139 6
140 4
141 5
142 5
143 5
144 17
145 5
146 5
147 9
148 9
149 6
150 7
151 6
152 7
153 7
154 7
155 6
156 8
157 9
158 9
159 9
160 9
161 9
162 9
163 9
164 9
165 10
166 10
167 10
168 12
169 10
170 12
171 12
172 10
173 10
174 9
175 10
176 9
177 9
178 12
179 12
180 12
181 12
182 9
183 12
184 12
185 12
186 9
187 9
188 11
189 11
190 11
191 0
192 0
193 0
194 9
195 9
196 9
197 9
198 9
199 20
200 20
201 12
202 12
203 9
204 9
205 9
206 9
207 9
208 9
209 9
210 9
211 21
212 21
213 21
214 21
215 21
216 21
217 13
218 13
219 9
220 9
221 9
222 9
223 14
224 9
225 9
226 16
227 16
228 16
229 16
230 16
231 16
232 16
233 16
234 16
235 16
236 15
237 16
238 15
239 16
240 15
241 15
242 15
243 15
244 9
245 15
246 15
247 9
248 9
249 9
250 9
251 16
252 9
253 9
254 9
255 16
256 9
257 9
258 9
259 9
260 9
261 9
262 9
263 9
264 22
265 22
266 9
267 9
268 9
269 9
270 2
271 23
272 23
273 23
274 23
275 23
276 23
277 23
278 24
279 24
280 24
281 24
282 17
283 17
284 25
285 25
286 26
287 26
288 26
289 14
290 18
291 9
292 9
293 9
294 9
295 27
296 27
297 27
298 27
299 27
300 27
301 27
