Time:43.672624826431274
NMI:0.6515187042536935
ARI:0.00795774259923389
1 0
2 1
3 2
4 3
5 4
6 5
7 6
8 7
9 8
10 9
11 10
12 11
13 12
14 13
15 14
16 15
17 16
18 17
19 18
20 19
21 20
22 21
23 22
24 23
25 24
26 25
27 26
28 27
29 28
30 29
31 30
32 31
33 32
34 33
35 34
36 35
37 36
38 37
39 38
40 39
41 40
42 41
43 42
44 43
45 44
46 45
47 46
48 47
49 48
50 49
51 50
52 51
53 52
54 53
55 54
56 55
57 56
58 57
59 58
60 59
61 60
62 61
63 62
64 63
65 64
66 65
67 66
68 67
69 68
70 69
71 70
72 71
73 72
74 73
75 74
76 75
77 260
78 260
79 76
80 77
81 78
82 79
83 80
84 81
85 82
86 83
87 84
88 85
89 86
90 87
91 88
92 89
93 90
94 91
95 92
96 93
97 94
98 95
99 96
100 97
101 98
102 99
103 100
104 101
105 102
106 103
107 104
108 105
109 106
110 107
111 108
112 109
113 110
114 111
115 112
116 113
117 114
118 115
119 116
120 117
121 117
122 117
123 117
124 118
125 117
126 117
127 119
128 120
129 121
130 122
131 123
132 124
133 125
134 126
135 127
136 128
137 129
138 130
139 131
140 132
141 133
142 134
143 135
144 136
145 137
146 138
147 139
148 140
149 141
150 142
151 143
152 144
153 145
154 146
155 147
156 117
157 148
158 149
159 150
160 151
161 152
162 153
163 154
164 155
165 156
166 157
167 158
168 159
169 160
170 161
171 162
172 163
173 164
174 165
175 166
176 167
177 168
178 169
179 170
180 171
181 172
182 173
183 174
184 175
185 176
186 177
187 178
188 179
189 180
190 181
191 182
192 183
193 184
194 185
195 186
196 187
197 188
198 189
199 261
200 261
201 190
202 191
203 192
204 193
205 194
206 195
207 196
208 197
209 198
210 199
211 262
212 263
213 266
214 264
215 265
216 266
217 200
218 201
219 202
220 203
221 204
222 205
223 206
224 207
225 208
226 209
227 210
228 211
229 212
230 213
231 214
232 215
233 216
234 217
235 218
236 219
237 220
238 221
239 222
240 223
241 224
242 225
243 226
244 227
245 228
246 229
247 230
248 231
249 232
250 233
251 234
252 235
253 236
254 237
255 238
256 239
257 240
258 241
259 242
260 243
261 244
262 245
263 246
264 267
265 267
266 247
267 248
268 249
269 250
270 251
271 270
272 268
273 269
274 270
275 271
276 272
277 273
278 275
279 276
280 275
281 274
282 252
283 253
284 277
285 277
286 278
287 279
288 278
289 254
290 255
291 256
292 257
293 258
294 259
295 280
296 281
297 282
298 283
299 284
300 284
301 285
