Time:124.69316983222961
NMI:0.6739162659382948
ARI:0.32101665304565413
#com:36
1 23
2 23
3 0
4 23
5 23
6 23
7 23
8 23
9 23
10 23
11 23
12 10
13 15
14 23
15 23
16 23
17 23
18 20
19 15
20 15
21 15
22 15
23 1
24 15
25 15
26 10
27 15
28 10
29 15
30 10
31 10
32 15
33 10
34 15
35 10
36 15
37 1
38 14
39 14
40 14
41 14
42 10
43 14
44 14
45 10
46 10
47 14
48 14
49 10
50 10
51 10
52 14
53 14
54 14
55 14
56 14
57 14
58 14
59 14
60 10
61 10
62 10
63 19
64 19
65 19
66 19
67 19
68 19
69 19
70 19
71 19
72 19
73 19
74 19
75 3
76 4
77 24
78 24
79 14
80 14
81 14
82 2
83 2
84 2
85 2
86 11
87 2
88 2
89 2
90 2
91 3
92 3
93 3
94 3
95 13
96 3
97 3
98 3
99 3
100 6
101 13
102 13
103 3
104 13
105 16
106 16
107 16
108 13
109 13
110 3
111 16
112 13
113 18
114 16
115 16
116 16
117 3
118 3
119 3
120 4
121 5
122 4
123 8
124 4
125 4
126 4
127 2
128 5
129 5
130 5
131 5
132 5
133 5
134 5
135 5
136 5
137 5
138 5
139 5
140 5
141 14
142 14
143 14
144 22
145 14
146 14
147 6
148 6
149 5
150 7
151 5
152 7
153 7
154 7
155 5
156 8
157 23
158 23
159 23
160 23
161 23
162 23
163 23
164 23
165 12
166 12
167 12
168 12
169 12
170 12
171 12
172 12
173 12
174 12
175 12
176 12
177 12
178 12
179 12
180 12
181 12
182 1
183 12
184 12
185 12
186 23
187 23
188 9
189 9
190 9
191 10
192 10
193 10
194 10
195 11
196 11
197 11
198 3
199 25
200 25
201 12
202 12
203 1
204 13
205 13
206 1
207 13
208 1
209 1
210 1
211 26
212 26
213 26
214 26
215 26
216 26
217 14
218 14
219 12
220 12
221 12
222 15
223 23
224 10
225 10
226 16
227 16
228 16
229 16
230 16
231 16
232 16
233 16
234 16
235 16
236 17
237 17
238 17
239 17
240 17
241 17
242 17
243 17
244 17
245 17
246 17
247 17
248 17
249 17
250 17
251 16
252 12
253 12
254 1
255 17
256 18
257 13
258 19
259 19
260 19
261 19
262 19
263 19
264 27
265 27
266 20
267 20
268 21
269 21
270 14
271 28
272 29
273 29
274 28
275 29
276 29
277 29
278 30
279 30
280 30
281 30
282 22
283 22
284 31
285 31
286 32
287 32
288 32
289 23
290 15
291 2
292 2
293 2
294 23
295 33
296 33
297 35
298 33
299 34
300 34
301 35
