Time:158.65405583381653
NMI:0.6293160292318736
ARI:0.28713696235209696
#com:29
1 12
2 12
3 12
4 12
5 12
6 12
7 12
8 12
9 12
10 12
11 12
12 11
13 11
14 12
15 12
16 12
17 12
18 6
19 11
20 11
21 11
22 11
23 0
24 11
25 11
26 4
27 11
28 4
29 11
30 4
31 4
32 11
33 4
34 11
35 4
36 11
37 0
38 4
39 4
40 4
41 4
42 4
43 4
44 4
45 4
46 4
47 4
48 4
49 4
50 4
51 4
52 4
53 4
54 4
55 4
56 10
57 4
58 4
59 10
60 4
61 4
62 4
63 8
64 8
65 8
66 8
67 8
68 8
69 8
70 8
71 8
72 6
73 8
74 8
75 9
76 2
77 13
78 13
79 4
80 4
81 4
82 1
83 1
84 1
85 1
86 3
87 1
88 1
89 1
90 1
91 9
92 9
93 9
94 9
95 9
96 9
97 9
98 9
99 9
100 9
101 9
102 9
103 9
104 0
105 5
106 5
107 5
108 0
109 0
110 9
111 5
112 9
113 9
114 5
115 5
116 5
117 9
118 9
119 9
120 2
121 2
122 2
123 2
124 2
125 2
126 2
127 1
128 2
129 2
130 2
131 2
132 2
133 2
134 2
135 2
136 2
137 2
138 2
139 2
140 2
141 10
142 10
143 10
144 10
145 10
146 10
147 9
148 9
149 2
150 2
151 2
152 2
153 2
154 2
155 2
156 2
157 12
158 12
159 12
160 12
161 12
162 12
163 12
164 12
165 6
166 6
167 6
168 6
169 6
170 6
171 6
172 6
173 6
174 6
175 6
176 6
177 6
178 6
179 6
180 6
181 6
182 0
183 6
184 6
185 6
186 12
187 12
188 12
189 12
190 12
191 4
192 4
193 4
194 4
195 3
196 3
197 3
198 9
199 14
200 14
201 6
202 6
203 0
204 0
205 0
206 0
207 9
208 0
209 0
210 0
211 15
212 15
213 16
214 16
215 15
216 16
217 4
218 4
219 6
220 6
221 6
222 11
223 12
224 4
225 4
226 5
227 5
228 5
229 5
230 5
231 5
232 5
233 5
234 5
235 5
236 7
237 7
238 7
239 7
240 7
241 7
242 7
243 7
244 7
245 7
246 7
247 7
248 7
249 7
250 7
251 5
252 6
253 6
254 0
255 7
256 9
257 9
258 8
259 8
260 8
261 8
262 8
263 8
264 17
265 17
266 6
267 6
268 9
269 9
270 4
271 18
272 18
273 19
274 18
275 20
276 20
277 20
278 22
279 23
280 22
281 21
282 10
283 10
284 24
285 24
286 25
287 25
288 25
289 12
290 11
291 1
292 1
293 1
294 12
295 26
296 26
297 28
298 26
299 27
300 27
301 28
