Time:118.34790515899658
NMI:0.669985622378648
ARI:0.2776916588772682
#com:40
1 29
2 29
3 1
4 29
5 29
6 29
7 29
8 29
9 29
10 29
11 29
12 1
13 19
14 29
15 29
16 29
17 29
18 26
19 19
20 19
21 19
22 19
23 23
24 19
25 19
26 1
27 19
28 1
29 19
30 20
31 1
32 19
33 1
34 19
35 1
36 19
37 0
38 17
39 17
40 17
41 17
42 20
43 17
44 17
45 20
46 20
47 17
48 17
49 20
50 20
51 20
52 17
53 17
54 17
55 17
56 8
57 17
58 17
59 8
60 1
61 1
62 1
63 2
64 2
65 2
66 2
67 2
68 2
69 2
70 2
71 2
72 2
73 2
74 2
75 5
76 6
77 30
78 30
79 17
80 17
81 17
82 3
83 3
84 3
85 3
86 14
87 3
88 3
89 3
90 3
91 5
92 5
93 5
94 5
95 25
96 5
97 5
98 5
99 5
100 4
101 25
102 25
103 5
104 16
105 22
106 22
107 22
108 16
109 16
110 5
111 22
112 25
113 24
114 22
115 22
116 22
117 5
118 5
119 5
120 6
121 7
122 6
123 11
124 6
125 6
126 6
127 3
128 7
129 7
130 7
131 7
132 7
133 7
134 7
135 7
136 7
137 7
138 7
139 7
140 7
141 8
142 8
143 8
144 28
145 8
146 8
147 9
148 9
149 7
150 10
151 7
152 10
153 10
154 10
155 7
156 11
157 29
158 29
159 29
160 29
161 29
162 29
163 29
164 29
165 12
166 12
167 12
168 12
169 12
170 12
171 12
172 12
173 12
174 12
175 12
176 18
177 12
178 12
179 12
180 12
181 12
182 23
183 12
184 12
185 12
186 29
187 29
188 13
189 13
190 13
191 1
192 1
193 1
194 1
195 14
196 14
197 14
198 5
199 31
200 31
201 15
202 15
203 23
204 16
205 16
206 23
207 25
208 23
209 23
210 23
211 32
212 32
213 32
214 32
215 32
216 32
217 17
218 17
219 18
220 18
221 18
222 19
223 29
224 20
225 20
226 22
227 22
228 22
229 22
230 22
231 22
232 22
233 22
234 22
235 22
236 21
237 21
238 21
239 21
240 21
241 21
242 21
243 21
244 21
245 21
246 21
247 21
248 21
249 21
250 21
251 22
252 12
253 12
254 23
255 21
256 24
257 25
258 2
259 2
260 2
261 2
262 2
263 2
264 33
265 33
266 26
267 26
268 27
269 27
270 17
271 34
272 34
273 34
274 34
275 34
276 34
277 34
278 35
279 35
280 35
281 35
282 28
283 28
284 36
285 36
286 37
287 37
288 37
289 29
290 19
291 3
292 3
293 3
294 29
295 39
296 39
297 39
298 39
299 38
300 38
301 39
