Time:40.27601456642151
NMI:0.6612369386011514
ARI:0.06984999339109364
1 3
2 0
3 1
4 7
5 2
6 3
7 4
8 5
9 6
10 7
11 8
12 9
13 10
14 11
15 12
16 12
17 12
18 13
19 14
20 14
21 15
22 16
23 17
24 18
25 24
26 111
27 122
28 19
29 20
30 21
31 22
32 23
33 111
34 24
35 25
36 26
37 27
38 28
39 29
40 30
41 31
42 32
43 35
44 35
45 33
46 34
47 35
48 35
49 36
50 36
51 36
52 37
53 38
54 38
55 39
56 40
57 41
58 41
59 42
60 43
61 43
62 43
63 44
64 45
65 46
66 48
67 47
68 48
69 47
70 47
71 48
72 49
73 50
74 51
75 59
76 52
77 153
78 153
79 53
80 53
81 53
82 56
83 54
84 56
85 57
86 55
87 56
88 56
89 57
90 58
91 60
92 59
93 60
94 60
95 61
96 62
97 114
98 114
99 114
100 63
101 64
102 65
103 66
104 67
105 68
106 74
107 68
108 69
109 69
110 70
111 71
112 72
113 73
114 74
115 74
116 74
117 75
118 75
119 75
120 79
121 76
122 79
123 95
124 77
125 78
126 79
127 80
128 81
129 82
130 88
131 88
132 83
133 84
134 88
135 87
136 85
137 86
138 87
139 87
140 88
141 90
142 90
143 90
144 89
145 90
146 90
147 91
148 91
149 92
150 93
151 92
152 93
153 93
154 93
155 94
156 95
157 96
158 97
159 109
160 98
161 109
162 109
163 109
164 98
165 103
166 99
167 103
168 100
169 103
170 101
171 101
172 103
173 103
174 102
175 103
176 104
177 105
178 107
179 107
180 107
181 107
182 106
183 108
184 107
185 108
186 109
187 109
188 110
189 110
190 110
191 111
192 111
193 111
194 111
195 112
196 112
197 113
198 114
199 154
200 154
201 115
202 115
203 117
204 116
205 116
206 117
207 142
208 117
209 117
210 118
211 155
212 156
213 159
214 157
215 158
216 159
217 119
218 119
219 120
220 120
221 121
222 122
223 123
224 124
225 124
226 125
227 126
228 126
229 127
230 129
231 129
232 129
233 128
234 129
235 130
236 131
237 140
238 131
239 140
240 140
241 140
242 140
243 140
244 132
245 140
246 140
247 140
248 133
249 134
250 135
251 136
252 137
253 138
254 139
255 140
256 141
257 142
258 144
259 144
260 143
261 143
262 144
263 144
264 160
265 160
266 145
267 145
268 146
269 146
270 147
271 163
272 161
273 162
274 163
275 164
276 164
277 165
278 167
279 168
280 167
281 166
282 148
283 148
284 169
285 169
286 170
287 171
288 170
289 149
290 150
291 151
292 151
293 151
294 152
295 172
296 172
297 173
298 174
299 175
300 175
301 176
