Time:136.32794952392578
NMI:0.6795241399937783
ARI:0.25553611543739213
#com:54
1 44
2 44
3 0
4 44
5 44
6 44
7 44
8 44
9 44
10 44
11 44
12 4
13 29
14 44
15 44
16 44
17 44
18 18
19 29
20 29
21 29
22 29
23 35
24 1
25 29
26 4
27 29
28 4
29 29
30 2
31 4
32 29
33 4
34 29
35 4
36 29
37 3
38 42
39 42
40 42
41 42
42 30
43 42
44 42
45 30
46 30
47 42
48 42
49 30
50 30
51 30
52 42
53 42
54 42
55 42
56 14
57 42
58 42
59 14
60 4
61 4
62 4
63 39
64 6
65 39
66 6
67 6
68 6
69 6
70 6
71 6
72 5
73 6
74 6
75 23
76 12
77 45
78 45
79 42
80 42
81 42
82 7
83 7
84 7
85 7
86 21
87 7
88 7
89 7
90 7
91 23
92 23
93 23
94 23
95 10
96 23
97 23
98 23
99 23
100 8
101 10
102 10
103 23
104 9
105 34
106 34
107 34
108 9
109 9
110 23
111 34
112 10
113 37
114 34
115 34
116 34
117 11
118 11
119 11
120 12
121 13
122 12
123 17
124 12
125 12
126 12
127 7
128 13
129 13
130 13
131 13
132 13
133 13
134 13
135 13
136 13
137 13
138 13
139 13
140 13
141 14
142 14
143 14
144 43
145 14
146 14
147 15
148 15
149 13
150 16
151 13
152 16
153 16
154 16
155 13
156 17
157 19
158 19
159 19
160 19
161 19
162 19
163 19
164 19
165 28
166 28
167 28
168 28
169 28
170 28
171 28
172 28
173 28
174 28
175 28
176 28
177 18
178 28
179 28
180 28
181 28
182 26
183 28
184 28
185 28
186 19
187 19
188 20
189 20
190 20
191 4
192 4
193 4
194 4
195 21
196 21
197 22
198 23
199 46
200 46
201 24
202 24
203 26
204 25
205 25
206 26
207 38
208 26
209 26
210 26
211 47
212 47
213 47
214 47
215 47
216 47
217 27
218 27
219 28
220 28
221 28
222 29
223 44
224 30
225 30
226 34
227 34
228 34
229 34
230 34
231 34
232 34
233 34
234 34
235 34
236 33
237 31
238 33
239 36
240 33
241 33
242 33
243 33
244 33
245 33
246 33
247 33
248 32
249 32
250 33
251 34
252 28
253 28
254 35
255 36
256 37
257 38
258 39
259 39
260 6
261 6
262 39
263 39
264 48
265 48
266 40
267 40
268 41
269 41
270 42
271 49
272 49
273 49
274 49
275 49
276 49
277 49
278 50
279 50
280 50
281 50
282 43
283 43
284 51
285 51
286 52
287 52
288 52
289 44
290 29
291 7
292 7
293 7
294 44
295 53
296 53
297 53
298 53
299 53
300 53
301 53
