Time:36.629469871520996
NMI:0.6830215206349568
ARI:0.2732896085826224
#com:421 0
2 0
3 1
4 0
5 0
6 0
7 0
8 0
9 0
10 0
11 0
12 1
13 2
14 0
15 0
16 0
17 0
18 3
19 2
20 2
21 2
22 2
23 4
24 2
25 2
26 1
27 1
28 1
29 2
30 5
31 1
32 2
33 1
34 2
35 1
36 2
37 2
38 6
39 6
40 6
41 6
42 6
43 7
44 7
45 6
46 6
47 7
48 7
49 6
50 6
51 6
52 7
53 7
54 7
55 7
56 8
57 7
58 7
59 8
60 9
61 9
62 9
63 5
64 5
65 5
66 10
67 10
68 10
69 10
70 10
71 10
72 10
73 10
74 10
75 11
76 12
77 13
78 13
79 7
80 7
81 7
82 14
83 14
84 14
85 14
86 15
87 14
88 14
89 14
90 14
91 11
92 11
93 11
94 11
95 16
96 11
97 11
98 11
99 11
100 17
101 16
102 16
103 16
104 18
105 19
106 19
107 19
108 18
109 18
110 16
111 19
112 16
113 16
114 19
115 19
116 19
117 20
118 20
119 20
120 12
121 21
122 12
123 22
124 12
125 12
126 12
127 14
128 21
129 21
130 21
131 21
132 21
133 21
134 21
135 21
136 21
137 21
138 21
139 21
140 21
141 8
142 8
143 8
144 23
145 8
146 8
147 17
148 17
149 21
150 24
151 21
152 24
153 24
154 24
155 21
156 22
157 25
158 25
159 25
160 25
161 25
162 25
163 25
164 25
165 26
166 26
167 26
168 27
169 26
170 27
171 27
172 26
173 26
174 26
175 26
176 28
177 27
178 27
179 27
180 27
181 27
182 4
183 27
184 27
185 27
186 0
187 0
188 29
189 29
190 29
191 1
192 1
193 1
194 1
195 15
196 15
197 15
198 11
199 30
200 30
201 31
202 31
203 4
204 18
205 18
206 4
207 16
208 4
209 4
210 4
211 32
212 32
213 32
214 32
215 32
216 32
217 6
218 6
219 28
220 28
221 28
222 1
223 0
224 6
225 6
226 19
227 19
228 19
229 19
230 19
231 19
232 19
233 19
234 19
235 19
236 33
237 33
238 33
239 34
240 33
241 33
242 33
243 33
244 33
245 33
246 33
247 33
248 33
249 33
250 33
251 19
252 26
253 26
254 4
255 34
256 16
257 16
258 5
259 5
260 10
261 10
262 5
263 5
264 35
265 35
266 3
267 3
268 36
269 36
270 7
271 37
272 37
273 37
274 37
275 37
276 37
277 37
278 38
279 38
280 38
281 38
282 23
283 23
284 39
285 39
286 40
287 40
288 40
289 0
290 2
291 14
292 14
293 14
294 0
295 41
296 41
297 41
298 41
299 41
300 41
301 41
