Time:159.59615278244019
ORC_Time:0.38645100593566895
NMI:0.34817059896956565
ARI:0.05457822947512651
#com:34
1 33
2 0
3 33
4 33
5 33
6 19
7 33
8 33
9 31
10 33
11 33
12 31
13 31
14 33
15 31
16 1
17 33
18 30
19 33
20 33
21 5
22 30
23 33
24 33
25 33
26 33
27 31
28 33
29 33
30 33
31 31
32 33
33 3
34 33
35 33
36 33
37 33
38 33
39 33
40 31
41 30
42 31
43 31
44 33
45 30
46 33
47 31
48 33
49 33
50 33
51 33
52 33
53 5
54 33
55 31
56 25
57 31
58 33
59 31
60 33
61 7
62 31
63 8
64 33
65 33
66 33
67 31
68 33
69 33
70 33
71 33
72 33
73 33
74 31
75 31
76 31
77 33
78 33
79 5
80 31
81 32
82 31
83 16
84 32
85 31
86 33
87 33
88 31
89 33
90 33
91 33
92 31
93 33
94 30
95 33
96 33
97 33
98 33
99 33
100 33
101 30
102 31
103 30
104 33
105 31
106 33
107 31
108 33
109 33
110 33
111 33
112 33
113 5
114 24
115 33
116 33
117 8
118 33
119 30
120 24
121 32
122 33
123 32
124 33
125 31
126 31
127 33
128 33
129 24
130 33
131 33
132 15
133 31
134 30
135 31
136 31
137 33
138 25
139 33
140 31
141 16
142 31
143 17
144 23
145 30
146 31
147 10
148 33
149 33
150 33
151 33
152 3
153 33
154 25
155 33
156 33
157 33
158 33
159 33
160 31
161 31
162 33
163 18
164 18
165 31
166 33
167 33
168 33
169 33
170 33
171 33
172 33
173 33
174 33
175 33
176 33
177 33
178 31
179 33
180 24
181 15
182 33
183 31
184 25
185 33
186 33
187 33
188 33
189 31
190 33
191 33
192 33
193 30
194 33
195 33
196 33
197 33
198 33
199 31
200 33
201 31
202 33
203 33
204 31
205 33
206 31
207 33
208 33
209 33
210 31
211 7
212 30
213 33
214 33
215 33
216 18
217 33
218 33
219 33
220 33
221 31
222 33
223 33
224 31
225 33
226 33
227 33
228 33
229 33
230 32
231 16
232 21
233 31
234 33
235 31
236 33
237 30
238 33
239 31
240 31
241 33
242 33
243 33
244 33
245 33
246 33
247 33
248 33
249 33
250 31
251 33
252 31
253 30
254 30
255 18
256 33
257 33
258 33
259 33
260 33
261 33
262 1
263 33
264 33
265 33
266 33
267 16
268 33
269 30
270 33
271 8
272 16
273 31
274 33
275 33
276 33
277 33
278 32
279 31
280 33
281 31
282 7
283 33
284 33
285 5
286 31
287 30
288 33
289 33
290 30
291 33
292 21
293 33
294 0
295 18
296 15
297 33
298 33
299 31
300 33
301 33
302 33
303 33
304 7
305 31
306 33
307 33
308 33
309 21
310 31
311 33
312 33
313 33
314 33
315 31
316 33
317 24
318 33
319 33
320 33
321 33
322 31
323 33
324 33
325 30
326 31
327 31
328 33
329 33
330 33
331 33
332 30
333 31
334 25
335 33
336 33
337 33
338 5
339 33
340 33
341 31
342 33
343 31
344 30
345 33
346 33
347 33
348 31
349 31
350 23
351 31
352 33
353 33
354 33
355 33
356 16
357 31
358 33
359 33
360 33
361 33
362 33
363 31
364 33
365 33
366 31
367 33
368 33
369 33
370 33
371 33
372 33
373 31
374 33
375 33
376 33
377 33
378 33
379 33
380 33
381 24
382 33
383 33
384 33
385 31
386 24
387 31
388 33
389 15
390 33
391 31
392 33
393 33
394 33
395 33
396 30
397 33
398 33
399 31
400 30
401 31
402 33
403 25
404 33
405 33
406 33
407 33
408 33
409 33
410 25
411 33
412 33
413 31
414 33
415 31
416 33
417 31
418 31
419 31
420 33
421 33
422 31
423 25
424 33
425 7
426 33
427 31
428 33
429 31
430 31
431 33
432 33
433 31
434 33
435 33
436 33
437 33
438 33
439 31
440 30
441 33
442 16
443 31
444 33
445 30
446 31
447 31
448 33
449 31
450 33
451 23
452 31
453 31
454 33
455 31
456 33
457 33
458 33
459 32
460 33
461 24
462 33
463 33
464 25
465 10
466 31
467 25
468 31
469 31
470 33
471 33
472 30
473 31
474 33
475 24
476 10
477 31
478 33
479 31
480 33
481 33
482 33
483 31
484 31
485 33
486 31
487 33
488 33
489 31
490 33
491 31
492 33
493 33
494 31
495 33
496 33
497 10
498 33
499 33
500 33
501 24
502 30
503 33
504 30
505 33
506 33
507 33
508 31
509 33
510 30
511 33
512 31
513 33
514 31
515 33
516 31
517 31
518 33
519 31
520 33
521 25
522 31
523 33
524 30
525 31
526 31
527 31
528 33
529 33
530 30
531 33
532 31
533 31
534 30
535 31
536 33
537 33
538 31
539 26
540 33
541 33
542 25
543 33
544 31
545 31
546 30
547 33
548 33
549 33
550 33
551 33
552 31
553 24
554 30
555 33
556 33
557 31
558 31
559 33
560 33
561 31
562 33
563 33
564 33
565 33
566 31
567 24
568 31
569 33
570 33
571 33
572 33
573 30
574 33
575 33
576 31
577 33
578 33
579 31
580 31
581 28
582 30
583 30
584 31
585 25
586 31
587 33
588 33
589 30
590 33
591 33
592 24
593 33
594 30
595 30
596 30
597 33
598 24
599 33
600 31
601 33
602 33
603 33
604 33
605 33
606 31
607 33
608 31
609 30
610 33
611 31
612 30
613 33
614 33
615 31
616 31
617 33
618 33
619 31
620 24
621 31
622 30
623 30
624 33
625 33
626 33
627 33
628 33
629 25
630 33
631 25
632 30
633 25
634 31
635 33
636 33
637 33
638 33
639 31
640 30
641 30
642 31
643 25
644 31
645 31
646 33
647 31
648 31
649 33
650 33
651 30
652 33
653 30
654 33
655 24
656 33
657 31
658 33
659 30
660 31
661 33
662 33
663 31
664 33
665 31
666 28
667 33
668 33
669 25
670 33
671 33
672 33
673 33
674 30
675 33
676 33
677 33
678 31
679 33
680 31
681 33
682 30
683 33
684 31
685 31
686 33
687 33
688 33
689 24
690 30
691 26
692 33
693 30
694 24
695 31
696 33
697 33
698 31
699 33
700 31
701 33
702 31
703 31
704 33
705 33
706 33
707 30
708 33
709 33
710 31
711 31
712 33
713 33
714 31
715 33
716 33
717 33
718 30
719 31
720 31
721 31
722 9
723 30
724 31
725 25
726 9
727 31
728 33
729 30
730 25
731 24
732 33
733 33
734 27
735 33
736 27
737 33
738 33
739 31
740 30
741 27
742 33
743 24
744 33
745 33
746 25
747 30
748 31
749 31
750 31
751 31
752 32
753 30
754 31
755 33
756 31
757 33
758 31
759 28
760 30
761 33
762 31
763 33
764 30
765 24
766 33
767 33
768 31
769 31
770 30
771 30
772 33
773 32
774 33
775 25
776 30
777 25
778 33
779 30
780 31
781 13
782 31
783 31
784 30
785 31
786 33
787 30
788 33
789 26
790 31
791 20
792 33
793 33
794 31
795 31
796 9
797 31
798 30
799 33
800 31
801 33
802 31
803 30
804 31
805 25
806 30
807 31
808 31
809 25
810 31
811 31
812 30
813 30
814 9
815 31
816 30
817 30
818 20
819 31
820 24
821 30
822 30
823 33
824 30
825 31
826 30
827 30
828 30
829 25
830 31
831 30
832 25
833 32
834 20
835 31
836 26
837 31
838 22
839 33
840 33
841 31
842 29
843 25
844 29
845 30
846 25
847 30
848 31
849 30
850 31
851 31
852 30
853 30
854 31
855 33
856 29
857 33
858 33
859 31
860 26
861 29
862 31
863 30
864 26
865 29
866 33
867 31
868 13
869 30
870 30
871 31
872 30
873 30
874 29
875 33
876 30
877 26
878 30
879 33
880 30
881 30
882 29
883 11
884 30
885 31
886 31
887 22
888 31
889 30
890 30
891 31
892 13
893 19
894 31
895 11
896 22
897 30
898 30
899 19
900 33
901 31
902 26
903 25
904 31
905 6
906 31
907 13
908 19
909 29
910 31
911 26
912 31
913 6
914 25
915 11
916 29
917 19
918 29
919 19
920 6
921 2
922 29
923 31
924 26
925 25
926 14
927 22
928 29
929 26
930 14
931 31
932 30
933 31
934 22
935 19
936 19
937 11
938 33
939 30
940 31
941 6
942 25
943 14
944 19
945 6
946 14
947 2
948 25
949 14
950 22
951 30
952 22
953 29
954 32
955 33
956 12
957 32
958 32
959 22
960 25
961 32
962 32
963 17
964 25
965 25
966 32
967 11
968 22
969 17
970 14
971 17
972 19
973 14
974 32
975 12
976 32
977 14
978 17
979 22
980 12
981 17
982 22
983 17
984 19
985 17
986 4
987 17
988 17
989 4
990 22
991 12
992 17
993 4
994 12
995 14
996 22
997 17
998 4
999 4
1000 12
