Time:292.2881848812103
NMI:0.33845960398250646
ARI:0.035840566122945
#com:34
1 33
2 0
3 33
4 33
5 33
6 20
7 33
8 33
9 33
10 33
11 33
12 33
13 33
14 33
15 33
16 1
17 33
18 31
19 33
20 33
21 5
22 31
23 33
24 33
25 33
26 33
27 33
28 33
29 33
30 33
31 33
32 33
33 3
34 28
35 33
36 33
37 33
38 33
39 33
40 33
41 33
42 33
43 33
44 33
45 28
46 33
47 33
48 33
49 33
50 33
51 33
52 33
53 5
54 33
55 33
56 29
57 28
58 33
59 33
60 33
61 7
62 33
63 8
64 33
65 33
66 33
67 33
68 33
69 33
70 33
71 33
72 33
73 33
74 33
75 28
76 33
77 33
78 33
79 5
80 33
81 28
82 28
83 16
84 28
85 33
86 33
87 33
88 28
89 33
90 33
91 33
92 33
93 33
94 31
95 33
96 33
97 33
98 33
99 33
100 33
101 28
102 28
103 28
104 33
105 33
106 33
107 33
108 33
109 33
110 33
111 33
112 33
113 5
114 31
115 33
116 33
117 8
118 33
119 33
120 31
121 32
122 33
123 32
124 33
125 33
126 33
127 33
128 33
129 31
130 28
131 33
132 15
133 33
134 28
135 33
136 33
137 33
138 19
139 33
140 33
141 16
142 33
143 17
144 23
145 28
146 28
147 10
148 33
149 33
150 33
151 33
152 3
153 33
154 19
155 33
156 33
157 33
158 33
159 33
160 27
161 33
162 33
163 18
164 18
165 33
166 33
167 33
168 33
169 33
170 33
171 33
172 33
173 33
174 33
175 33
176 33
177 28
178 33
179 33
180 31
181 15
182 33
183 33
184 29
185 33
186 33
187 33
188 33
189 33
190 33
191 33
192 33
193 33
194 33
195 33
196 33
197 33
198 33
199 27
200 33
201 33
202 33
203 33
204 33
205 33
206 33
207 33
208 33
209 33
210 33
211 7
212 33
213 33
214 33
215 33
216 18
217 33
218 33
219 33
220 33
221 33
222 33
223 33
224 33
225 33
226 33
227 33
228 33
229 33
230 32
231 16
232 22
233 33
234 33
235 33
236 33
237 28
238 33
239 33
240 33
241 33
242 33
243 33
244 33
245 33
246 33
247 33
248 33
249 33
250 33
251 33
252 33
253 31
254 31
255 18
256 33
257 33
258 33
259 33
260 33
261 33
262 1
263 33
264 33
265 33
266 33
267 16
268 33
269 28
270 33
271 8
272 16
273 33
274 33
275 33
276 33
277 33
278 32
279 28
280 33
281 33
282 7
283 33
284 33
285 5
286 33
287 28
288 33
289 33
290 28
291 28
292 22
293 33
294 0
295 18
296 15
297 33
298 33
299 28
300 33
301 33
302 33
303 33
304 7
305 28
306 33
307 33
308 33
309 22
310 33
311 33
312 33
313 33
314 33
315 33
316 33
317 31
318 33
319 28
320 33
321 33
322 33
323 33
324 33
325 33
326 33
327 33
328 33
329 33
330 33
331 33
332 31
333 33
334 19
335 33
336 33
337 33
338 5
339 33
340 33
341 33
342 33
343 33
344 31
345 33
346 33
347 33
348 33
349 33
350 23
351 33
352 33
353 33
354 33
355 33
356 16
357 33
358 33
359 33
360 33
361 33
362 33
363 33
364 33
365 33
366 33
367 33
368 33
369 33
370 33
371 33
372 33
373 28
374 33
375 33
376 33
377 33
378 33
379 33
380 33
381 31
382 33
383 33
384 33
385 33
386 31
387 33
388 33
389 15
390 33
391 33
392 33
393 33
394 33
395 33
396 31
397 33
398 33
399 33
400 28
401 33
402 33
403 29
404 33
405 33
406 33
407 33
408 33
409 33
410 31
411 33
412 33
413 33
414 33
415 33
416 33
417 33
418 33
419 33
420 33
421 33
422 33
423 31
424 33
425 7
426 33
427 33
428 33
429 28
430 33
431 33
432 33
433 33
434 33
435 33
436 33
437 33
438 33
439 33
440 33
441 33
442 16
443 33
444 33
445 28
446 33
447 33
448 33
449 33
450 33
451 23
452 33
453 33
454 33
455 28
456 33
457 33
458 33
459 28
460 33
461 31
462 33
463 33
464 31
465 10
466 33
467 29
468 31
469 33
470 33
471 33
472 28
473 33
474 33
475 31
476 10
477 33
478 33
479 33
480 33
481 33
482 33
483 33
484 33
485 33
486 33
487 33
488 33
489 33
490 33
491 33
492 33
493 33
494 33
495 33
496 33
497 10
498 33
499 33
500 33
501 25
502 28
503 33
504 28
505 33
506 33
507 33
508 28
509 33
510 31
511 33
512 33
513 33
514 33
515 33
516 33
517 28
518 33
519 33
520 33
521 29
522 33
523 33
524 28
525 33
526 33
527 28
528 33
529 33
530 28
531 33
532 33
533 28
534 28
535 33
536 33
537 33
538 33
539 27
540 33
541 33
542 29
543 33
544 33
545 24
546 28
547 33
548 33
549 33
550 33
551 33
552 33
553 31
554 28
555 33
556 33
557 28
558 33
559 33
560 33
561 24
562 33
563 33
564 33
565 33
566 33
567 31
568 33
569 33
570 33
571 33
572 33
573 28
574 33
575 33
576 28
577 33
578 33
579 33
580 33
581 29
582 28
583 28
584 33
585 28
586 33
587 33
588 33
589 28
590 33
591 33
592 31
593 33
594 31
595 33
596 31
597 33
598 25
599 33
600 33
601 33
602 33
603 33
604 33
605 33
606 33
607 33
608 33
609 28
610 33
611 28
612 28
613 33
614 33
615 33
616 33
617 33
618 33
619 33
620 31
621 33
622 28
623 28
624 33
625 33
626 33
627 33
628 33
629 28
630 33
631 28
632 28
633 28
634 33
635 33
636 33
637 33
638 33
639 33
640 28
641 26
642 24
643 29
644 33
645 33
646 33
647 24
648 28
649 33
650 33
651 31
652 33
653 31
654 33
655 25
656 33
657 33
658 33
659 31
660 33
661 33
662 33
663 33
664 33
665 33
666 29
667 33
668 33
669 29
670 33
671 33
672 33
673 33
674 28
675 33
676 33
677 33
678 33
679 33
680 33
681 33
682 31
683 33
684 33
685 27
686 33
687 33
688 33
689 31
690 28
691 28
692 33
693 28
694 31
695 33
696 33
697 33
698 33
699 33
700 27
701 33
702 33
703 33
704 33
705 33
706 33
707 31
708 33
709 33
710 33
711 28
712 33
713 33
714 33
715 33
716 33
717 33
718 28
719 33
720 31
721 33
722 9
723 31
724 27
725 31
726 9
727 33
728 33
729 28
730 28
731 31
732 33
733 33
734 27
735 33
736 27
737 33
738 33
739 24
740 28
741 27
742 33
743 31
744 33
745 33
746 28
747 26
748 33
749 33
750 33
751 33
752 32
753 31
754 33
755 33
756 28
757 33
758 33
759 29
760 28
761 33
762 33
763 33
764 28
765 31
766 33
767 33
768 33
769 28
770 31
771 28
772 33
773 32
774 33
775 31
776 28
777 29
778 28
779 28
780 33
781 13
782 33
783 33
784 28
785 33
786 33
787 28
788 33
789 28
790 33
791 21
792 28
793 33
794 33
795 27
796 9
797 33
798 31
799 33
800 33
801 33
802 33
803 28
804 33
805 28
806 28
807 28
808 33
809 31
810 33
811 33
812 33
813 28
814 9
815 33
816 31
817 28
818 21
819 33
820 25
821 28
822 31
823 28
824 28
825 33
826 28
827 28
828 28
829 31
830 33
831 28
832 28
833 30
834 21
835 28
836 27
837 33
838 31
839 28
840 33
841 33
842 30
843 31
844 30
845 28
846 31
847 31
848 33
849 26
850 33
851 33
852 33
853 28
854 33
855 28
856 30
857 33
858 33
859 33
860 27
861 30
862 33
863 28
864 28
865 30
866 33
867 33
868 13
869 31
870 28
871 33
872 28
873 33
874 30
875 33
876 28
877 28
878 28
879 33
880 28
881 28
882 30
883 31
884 31
885 33
886 33
887 28
888 33
889 31
890 28
891 33
892 13
893 20
894 33
895 31
896 28
897 33
898 31
899 20
900 33
901 33
902 27
903 19
904 33
905 6
906 33
907 13
908 20
909 30
910 33
911 27
912 28
913 6
914 19
915 31
916 30
917 20
918 30
919 20
920 6
921 2
922 30
923 33
924 27
925 31
926 14
927 11
928 30
929 27
930 14
931 33
932 28
933 28
934 28
935 20
936 20
937 31
938 33
939 33
940 33
941 6
942 19
943 14
944 20
945 6
946 14
947 2
948 19
949 14
950 11
951 28
952 11
953 30
954 32
955 33
956 12
957 32
958 32
959 11
960 19
961 32
962 32
963 17
964 19
965 19
966 32
967 31
968 11
969 17
970 14
971 17
972 20
973 14
974 32
975 12
976 32
977 14
978 17
979 11
980 12
981 17
982 11
983 17
984 20
985 17
986 4
987 17
988 17
989 4
990 11
991 12
992 17
993 4
994 12
995 14
996 11
997 17
998 4
999 4
1000 12
