Time:291.5712640285492
NMI:0.9334573921190081
ARI:0.9247421442409178
#com:34
1 30
2 27
3 33
4 28
5 31
6 27
7 24
8 29
9 30
10 31
11 32
12 32
13 30
14 22
15 32
16 22
17 30
18 27
19 32
20 24
21 29
22 27
23 0
24 32
25 24
26 27
27 23
28 27
29 27
30 32
31 27
32 17
33 33
34 29
35 31
36 28
37 31
38 27
39 1
40 31
41 30
42 30
43 30
44 31
45 33
46 23
47 2
48 25
49 25
50 22
51 28
52 27
53 29
54 31
55 33
56 28
57 30
58 31
59 33
60 30
61 8
62 23
63 10
64 30
65 26
66 30
67 3
68 32
69 22
70 32
71 22
72 31
73 32
74 23
75 29
76 31
77 17
78 32
79 29
80 30
81 32
82 32
83 11
84 33
85 27
86 29
87 17
88 29
89 31
90 4
91 31
92 24
93 32
94 27
95 30
96 24
97 24
98 33
99 29
100 27
101 31
102 29
103 30
104 32
105 5
106 22
107 6
108 27
109 7
110 27
111 32
112 23
113 29
114 25
115 24
116 30
117 10
118 8
119 27
120 25
121 9
122 24
123 31
124 22
125 29
126 23
127 23
128 24
129 25
130 32
131 28
132 10
133 31
134 32
135 29
136 32
137 25
138 30
139 26
140 30
141 11
142 30
143 12
144 22
145 13
146 32
147 17
148 29
149 32
150 28
151 22
152 33
153 31
154 14
155 24
156 32
157 23
158 27
159 8
160 29
161 15
162 30
163 33
164 33
165 32
166 30
167 29
168 24
169 31
170 31
171 32
172 27
173 32
174 26
175 33
176 30
177 29
178 29
179 31
180 25
181 10
182 28
183 28
184 28
185 23
186 28
187 30
188 32
189 27
190 30
191 24
192 32
193 32
194 32
195 22
196 31
197 24
198 30
199 29
200 29
201 24
202 30
203 32
204 27
205 23
206 27
207 27
208 28
209 32
210 32
211 8
212 33
213 28
214 30
215 31
216 33
217 30
218 28
219 32
220 29
221 26
222 28
223 31
224 29
225 33
226 31
227 31
228 31
229 30
230 16
231 11
232 17
233 30
234 23
235 32
236 24
237 29
238 32
239 29
240 30
241 31
242 31
243 31
244 24
245 22
246 18
247 28
248 27
249 25
250 31
251 29
252 33
253 32
254 32
255 33
256 32
257 19
258 23
259 30
260 24
261 29
262 22
263 33
264 28
265 30
266 32
267 11
268 25
269 33
270 24
271 10
272 11
273 31
274 30
275 30
276 31
277 31
278 20
279 27
280 24
281 32
282 8
283 33
284 30
285 29
286 29
287 31
288 29
289 30
290 33
291 29
292 17
293 31
294 27
295 33
296 10
297 31
298 24
299 27
300 28
301 31
302 28
303 31
304 8
305 27
306 33
307 24
308 24
309 17
310 30
311 28
312 26
313 31
314 30
315 29
316 1
317 25
318 28
319 29
320 17
321 32
322 31
323 24
324 28
325 27
326 26
327 31
328 23
329 29
330 32
331 30
332 32
333 32
334 30
335 32
336 28
337 31
338 29
339 30
340 24
341 31
342 23
343 2
344 32
345 32
346 24
347 27
348 32
349 27
350 22
351 32
352 23
353 28
354 26
355 23
356 11
357 24
358 28
359 24
360 24
361 31
362 29
363 29
364 29
365 22
366 29
367 31
368 29
369 26
370 24
371 33
372 31
373 29
374 17
375 30
376 33
377 33
378 32
379 26
380 26
381 25
382 32
383 31
384 33
385 33
386 25
387 30
388 24
389 10
390 33
391 33
392 33
393 30
394 22
395 31
396 27
397 24
398 23
399 33
400 26
401 33
402 31
403 28
404 23
405 27
406 32
407 23
408 23
409 21
410 31
411 30
412 32
413 33
414 30
415 24
416 32
417 33
418 33
419 30
420 32
421 31
422 27
423 31
424 29
425 8
426 32
427 30
428 24
429 32
430 33
431 31
432 31
433 30
434 28
435 33
436 29
437 29
438 27
439 31
440 27
441 22
442 11
443 24
444 31
445 31
446 29
447 30
448 32
449 30
450 31
451 22
452 30
453 30
454 22
455 27
456 10
457 32
458 32
459 33
460 32
461 25
462 23
463 31
464 31
465 17
466 30
467 28
468 27
469 33
470 22
471 23
472 30
473 29
474 24
475 25
476 17
477 30
478 33
479 29
480 28
481 33
482 24
483 27
484 27
485 24
486 30
487 24
488 24
489 29
490 33
491 30
492 30
493 31
494 27
495 23
496 32
497 17
498 28
499 31
500 30
501 25
502 32
503 24
504 26
505 33
506 33
507 32
508 27
509 24
510 27
511 31
512 29
513 32
514 26
515 31
516 30
517 29
518 31
519 23
520 31
521 28
522 29
523 30
524 31
525 29
526 24
527 33
528 23
529 31
530 30
531 22
532 26
533 29
534 26
535 30
536 23
537 30
538 30
539 29
540 26
541 33
542 28
543 31
544 30
545 23
546 32
547 27
548 24
549 29
550 22
551 28
552 31
553 25
554 26
555 23
556 31
557 30
558 32
559 32
560 31
561 23
562 22
563 32
564 26
565 30
566 33
567 25
568 26
569 31
570 29
571 27
572 31
573 30
574 23
575 31
576 29
577 22
578 27
579 29
580 32
581 28
582 33
583 30
584 30
585 30
586 29
587 32
588 24
589 26
590 22
591 30
592 25
593 23
594 27
595 27
596 27
597 31
598 25
599 31
600 29
601 31
602 32
603 23
604 22
605 32
606 30
607 24
608 27
609 32
610 24
611 30
612 26
613 24
614 30
615 31
616 30
617 31
618 31
619 30
620 25
621 32
622 32
623 26
624 31
625 32
626 32
627 24
628 27
629 30
630 24
631 33
632 30
633 30
634 26
635 29
636 24
637 33
638 30
639 29
640 26
641 32
642 23
643 28
644 29
645 27
646 31
647 23
648 29
649 32
650 24
651 32
652 32
653 32
654 24
655 25
656 31
657 33
658 31
659 27
660 32
661 31
662 29
663 31
664 24
665 30
666 28
667 33
668 24
669 28
670 23
671 33
672 24
673 30
674 29
675 33
676 33
677 24
678 32
679 31
680 30
681 33
682 32
683 33
684 33
685 29
686 31
687 29
688 22
689 25
690 32
691 29
692 24
693 32
694 25
695 27
696 31
697 29
698 23
699 30
700 29
701 30
702 32
703 27
704 24
705 24
706 31
707 27
708 31
709 33
710 23
711 29
712 29
713 33
714 30
715 24
716 33
717 24
718 30
719 30
720 27
721 29
722 22
723 32
724 29
725 31
726 22
727 32
728 24
729 30
730 30
731 25
732 32
733 24
734 29
735 25
736 29
737 22
738 23
739 23
740 30
741 29
742 31
743 25
744 29
745 24
746 30
747 32
748 32
749 31
750 29
751 30
752 33
753 27
754 27
755 27
756 27
757 23
758 29
759 28
760 26
761 32
762 32
763 33
764 30
765 25
766 31
767 31
768 30
769 32
770 27
771 32
772 31
773 33
774 31
775 31
776 30
777 28
778 24
779 26
780 30
781 25
782 31
783 30
784 29
785 30
786 31
787 30
788 31
789 29
790 33
791 26
792 24
793 29
794 29
795 29
796 22
797 31
798 32
799 31
800 29
801 31
802 30
803 32
804 31
805 30
806 30
807 29
808 29
809 31
810 30
811 31
812 27
813 30
814 22
815 30
816 27
817 30
818 26
819 30
820 25
821 32
822 27
823 24
824 32
825 32
826 31
827 32
828 32
829 31
830 22
831 32
832 30
833 33
834 26
835 29
836 29
837 30
838 31
839 24
840 32
841 30
842 33
843 31
844 33
845 32
846 31
847 27
848 32
849 32
850 32
851 30
852 27
853 32
854 30
855 24
856 33
857 28
858 24
859 32
860 29
861 33
862 30
863 30
864 29
865 33
866 32
867 31
868 25
869 32
870 31
871 29
872 31
873 27
874 33
875 28
876 31
877 29
878 31
879 31
880 31
881 31
882 33
883 24
884 32
885 32
886 31
887 31
888 29
889 32
890 32
891 30
892 25
893 27
894 30
895 24
896 31
897 32
898 27
899 27
900 27
901 32
902 29
903 30
904 29
905 28
906 29
907 25
908 27
909 33
910 30
911 29
912 29
913 28
914 30
915 24
916 33
917 27
918 33
919 27
920 28
921 23
922 33
923 30
924 29
925 31
926 29
927 31
928 33
929 29
930 29
931 17
932 32
933 29
934 31
935 27
936 27
937 24
938 32
939 32
940 30
941 28
942 30
943 29
944 27
945 28
946 29
947 23
948 30
949 29
950 31
951 32
952 31
953 33
954 33
955 32
956 32
957 33
958 33
959 31
960 30
961 33
962 29
963 30
964 30
965 30
966 33
967 24
968 31
969 30
970 29
971 30
972 27
973 29
974 33
975 32
976 33
977 29
978 30
979 31
980 32
981 30
982 31
983 30
984 27
985 30
986 33
987 30
988 30
989 33
990 31
991 32
992 30
993 33
994 32
995 29
996 31
997 30
998 33
999 33
1000 32
