Time:14323.925286054611
NMI:0.8730728765976478
ARI:0.6598723571887853
#com:104
1 102
2 82
3 97
4 93
5 102
6 97
7 88
8 91
9 94
10 0
11 100
12 89
13 90
14 75
15 93
16 99
17 89
18 86
19 98
20 101
21 89
22 83
23 86
24 97
25 80
26 98
27 74
28 91
29 98
30 40
31 88
32 82
33 96
34 82
35 97
36 82
37 97
38 100
39 83
40 97
41 82
42 103
43 103
44 1
45 95
46 10
47 82
48 26
49 62
50 90
51 88
52 86
53 91
54 98
55 102
56 10
57 102
58 85
59 89
60 92
61 3
62 97
63 14
64 98
65 3
66 90
67 96
68 85
69 96
70 96
71 84
72 101
73 77
74 98
75 95
76 66
77 85
78 94
79 80
80 68
81 99
82 86
83 82
84 77
85 70
86 100
87 99
88 101
89 96
90 103
91 75
92 70
93 83
94 86
95 98
96 102
97 75
98 89
99 49
100 99
101 82
102 98
103 99
104 95
105 103
106 99
107 96
108 86
109 7
110 86
111 96
112 63
113 77
114 27
115 84
116 101
117 62
118 8
119 97
120 82
121 98
122 29
123 38
124 38
125 80
126 82
127 92
128 95
129 83
130 91
131 102
132 97
133 99
134 22
135 90
136 103
137 93
138 10
139 88
140 97
141 101
142 85
143 96
144 77
145 100
146 96
147 101
148 100
149 97
150 36
151 11
152 100
153 102
154 88
155 89
156 96
157 75
158 99
159 82
160 80
161 103
162 98
163 91
164 97
165 66
166 97
167 14
168 93
169 93
170 80
171 101
172 102
173 94
174 19
175 99
176 90
177 82
178 96
179 62
180 101
181 103
182 60
183 91
184 82
185 83
186 96
187 86
188 15
189 83
190 58
191 95
192 84
193 102
194 96
195 77
196 58
197 97
198 93
199 81
200 80
201 73
202 103
203 98
204 101
205 102
206 86
207 99
208 98
209 80
210 97
211 22
212 102
213 80
214 83
215 49
216 80
217 99
218 86
219 80
220 60
221 99
222 98
223 84
224 91
225 103
226 102
227 86
228 102
229 74
230 100
231 103
232 97
233 14
234 101
235 95
236 82
237 92
238 101
239 77
240 82
241 89
242 91
243 3
244 16
245 77
246 96
247 85
248 97
249 91
250 99
251 77
252 93
253 93
254 77
255 98
256 86
257 82
258 83
259 96
260 82
261 96
262 18
263 94
264 88
265 98
266 82
267 90
268 83
269 98
270 96
271 62
272 98
273 85
274 41
275 90
276 44
277 19
278 17
279 86
280 93
281 82
282 98
283 84
284 86
285 94
286 75
287 75
288 50
289 83
290 97
291 89
292 103
293 82
294 100
295 88
296 18
297 96
298 19
299 80
300 94
301 95
302 60
303 96
304 100
305 73
306 98
307 82
308 95
309 90
310 97
311 73
312 83
313 101
314 14
315 49
316 95
317 97
318 70
319 90
320 99
321 98
322 96
323 80
324 66
325 98
326 102
327 83
328 85
329 100
330 99
331 97
332 100
333 90
334 101
335 100
336 96
337 14
338 90
339 96
340 89
341 97
342 90
343 103
344 96
345 99
346 100
347 103
348 100
349 94
350 94
351 99
352 101
353 100
354 89
355 80
356 94
357 102
358 98
359 18
360 98
361 93
362 94
363 99
364 96
365 80
366 26
367 93
368 83
369 103
370 60
371 80
372 90
373 99
374 101
375 44
376 82
377 20
378 75
379 83
380 82
381 95
382 81
383 90
384 82
385 86
386 50
387 77
388 27
389 101
390 97
391 102
392 97
393 96
394 94
395 99
396 80
397 93
398 68
399 93
400 99
401 97
402 22
403 44
404 77
405 23
406 102
407 99
408 96
409 63
410 68
411 84
412 89
413 93
414 90
415 101
416 96
417 99
418 82
419 83
420 69
421 94
422 96
423 100
424 80
425 85
426 84
427 101
428 93
429 97
430 94
431 75
432 92
433 69
434 100
435 96
436 97
437 18
438 82
439 80
440 96
441 85
442 100
443 88
444 97
445 97
446 26
447 101
448 101
449 96
450 75
451 18
452 84
453 91
454 82
455 66
456 86
457 89
458 82
459 97
460 97
461 27
462 85
463 28
464 96
465 82
466 101
467 86
468 92
469 70
470 94
471 102
472 100
473 97
474 29
475 100
476 97
477 86
478 102
479 97
480 96
481 68
482 70
483 96
484 30
485 80
486 94
487 29
488 89
489 31
490 80
491 50
492 28
493 103
494 103
495 98
496 86
497 88
498 97
499 97
500 100
501 97
502 75
503 77
504 86
505 83
506 96
507 35
508 84
509 98
510 19
511 93
512 97
513 103
514 83
515 97
516 80
517 89
518 100
519 100
520 82
521 100
522 103
523 101
524 89
525 29
526 83
527 36
528 89
529 102
530 99
531 93
532 95
533 86
534 93
535 96
536 40
537 98
538 80
539 86
540 103
541 86
542 99
543 83
544 100
545 80
546 100
547 98
548 80
549 94
550 96
551 102
552 94
553 96
554 82
555 88
556 99
557 99
558 97
559 48
560 98
561 80
562 98
563 93
564 88
565 80
566 71
567 99
568 94
569 89
570 3
571 99
572 97
573 103
574 73
575 103
576 100
577 84
578 97
579 82
580 83
581 98
582 100
583 80
584 98
585 102
586 88
587 82
588 93
589 63
590 93
591 103
592 74
593 68
594 90
595 3
596 84
597 38
598 93
599 95
600 98
601 76
602 100
603 86
604 83
605 91
606 98
607 96
608 83
609 95
610 14
611 99
612 95
613 88
614 88
615 98
616 102
617 10
618 80
619 34
620 70
621 80
622 98
623 94
624 86
625 103
626 84
627 73
628 90
629 90
630 100
631 86
632 49
633 102
634 84
635 70
636 60
637 81
638 26
639 90
640 77
641 80
642 91
643 96
644 49
645 83
646 98
647 100
648 99
649 90
650 91
651 96
652 96
653 86
654 102
655 49
656 100
657 75
658 77
659 29
660 98
661 44
662 80
663 41
664 80
665 88
666 80
667 77
668 101
669 98
670 86
671 82
672 86
673 86
674 85
675 96
676 99
677 84
678 83
679 77
680 75
681 96
682 91
683 99
684 97
685 80
686 88
687 100
688 75
689 95
690 98
691 83
692 101
693 80
694 90
695 88
696 101
697 86
698 99
699 89
700 97
701 84
702 95
703 92
704 43
705 97
706 68
707 82
708 69
709 10
710 86
711 97
712 97
713 97
714 94
715 44
716 45
717 81
718 88
719 22
720 40
721 89
722 61
723 80
724 99
725 99
726 75
727 71
728 90
729 103
730 47
731 103
732 101
733 99
734 90
735 85
736 28
737 96
738 22
739 76
740 85
741 86
742 95
743 71
744 100
745 101
746 90
747 85
748 99
749 98
750 98
751 86
752 96
753 98
754 97
755 100
756 86
757 82
758 91
759 95
760 89
761 80
762 100
763 27
764 77
765 101
766 99
767 84
768 71
769 74
770 91
771 48
772 28
773 94
774 81
775 83
776 27
777 49
778 87
779 83
780 50
781 96
782 103
783 19
784 102
785 89
786 96
787 88
788 101
789 84
790 99
791 99
792 62
793 60
794 71
795 96
796 86
797 96
798 87
799 103
800 90
801 99
802 101
803 69
804 82
805 75
806 84
807 102
808 82
809 93
810 102
811 97
812 95
813 88
814 89
815 82
816 77
817 101
818 71
819 88
820 69
821 102
822 80
823 101
824 94
825 82
826 77
827 82
828 62
829 96
830 80
831 94
832 75
833 100
834 86
835 95
836 86
837 86
838 83
839 84
840 100
841 97
842 66
843 90
844 89
845 93
846 76
847 90
848 91
849 97
850 89
851 89
852 100
853 96
854 80
855 95
856 88
857 103
858 85
859 99
860 99
861 95
862 83
863 102
864 99
865 100
866 61
867 3
868 89
869 98
870 97
871 97
872 94
873 94
874 97
875 77
876 89
877 10
878 95
879 82
880 102
881 97
882 82
883 63
884 90
885 103
886 98
887 83
888 103
889 100
890 54
891 95
892 83
893 99
894 97
895 91
896 96
897 87
898 94
899 19
900 100
901 85
902 84
903 95
904 83
905 94
906 103
907 83
908 82
909 82
910 80
911 103
912 96
913 95
914 97
915 55
916 102
917 89
918 48
919 75
920 96
921 80
922 19
923 99
924 91
925 102
926 101
927 90
928 96
929 84
930 101
931 48
932 84
933 96
934 81
935 98
936 99
937 18
938 99
939 95
940 95
941 10
942 49
943 93
944 103
945 40
946 75
947 98
948 97
949 56
950 101
951 83
952 57
953 100
954 101
955 82
956 99
957 90
958 98
959 100
960 42
961 87
962 26
963 97
964 29
965 76
966 94
967 58
968 96
969 82
970 97
971 97
972 90
973 101
974 97
975 38
976 94
977 103
978 71
979 103
980 82
981 102
982 101
983 85
984 82
985 86
986 97
987 92
988 75
989 52
990 98
991 82
992 90
993 95
994 99
995 95
996 66
997 80
998 97
999 40
1000 53
1001 71
1002 95
1003 80
1004 96
1005 90
1006 99
1007 19
1008 91
1009 97
1010 91
1011 95
1012 87
1013 38
1014 85
1015 94
1016 88
1017 89
1018 59
1019 98
1020 89
1021 80
1022 28
1023 102
1024 103
1025 62
1026 90
1027 100
1028 86
1029 98
1030 99
1031 89
1032 82
1033 93
1034 99
1035 91
1036 90
1037 82
1038 60
1039 61
1040 85
1041 97
1042 62
1043 101
1044 100
1045 99
1046 82
1047 102
1048 81
1049 96
1050 94
1051 26
1052 36
1053 80
1054 100
1055 89
1056 80
1057 89
1058 102
1059 99
1060 89
1061 103
1062 89
1063 93
1064 103
1065 93
1066 88
1067 75
1068 102
1069 86
1070 41
1071 90
1072 86
1073 63
1074 90
1075 103
1076 83
1077 98
1078 80
1079 85
1080 93
1081 73
1082 102
1083 95
1084 94
1085 95
1086 97
1087 97
1088 80
1089 99
1090 95
1091 87
1092 84
1093 82
1094 88
1095 98
1096 49
1097 101
1098 90
1099 96
1100 95
1101 96
1102 92
1103 66
1104 99
1105 29
1106 74
1107 98
1108 98
1109 98
1110 96
1111 86
1112 87
1113 96
1114 100
1115 80
1116 99
1117 93
1118 101
1119 68
1120 36
1121 103
1122 100
1123 22
1124 80
1125 101
1126 90
1127 100
1128 103
1129 75
1130 80
1131 86
1132 77
1133 77
1134 41
1135 75
1136 97
1137 71
1138 77
1139 97
1140 101
1141 80
1142 97
1143 97
1144 76
1145 80
1146 84
1147 96
1148 87
1149 99
1150 90
1151 84
1152 77
1153 102
1154 102
1155 100
1156 83
1157 87
1158 90
1159 26
1160 98
1161 75
1162 97
1163 80
1164 100
1165 80
1166 99
1167 80
1168 99
1169 102
1170 82
1171 86
1172 95
1173 86
1174 97
1175 38
1176 93
1177 48
1178 90
1179 82
1180 75
1181 68
1182 75
1183 103
1184 75
1185 82
1186 95
1187 75
1188 96
1189 28
1190 18
1191 94
1192 84
1193 74
1194 93
1195 60
1196 94
1197 80
1198 86
1199 90
1200 95
1201 97
1202 101
1203 66
1204 77
1205 97
1206 75
1207 90
1208 39
1209 96
1210 67
1211 80
1212 71
1213 97
1214 86
1215 96
1216 60
1217 96
1218 102
1219 91
1220 40
1221 85
1222 82
1223 98
1224 101
1225 103
1226 77
1227 96
1228 89
1229 97
1230 68
1231 102
1232 103
1233 96
1234 89
1235 98
1236 82
1237 89
1238 96
1239 97
1240 90
1241 95
1242 83
1243 102
1244 98
1245 96
1246 101
1247 75
1248 83
1249 91
1250 89
1251 97
1252 90
1253 48
1254 101
1255 103
1256 90
1257 82
1258 69
1259 94
1260 85
1261 96
1262 97
1263 90
1264 82
1265 86
1266 96
1267 68
1268 96
1269 94
1270 81
1271 81
1272 91
1273 103
1274 50
1275 99
1276 85
1277 77
1278 86
1279 95
1280 97
1281 98
1282 94
1283 81
1284 97
1285 99
1286 80
1287 99
1288 58
1289 80
1290 77
1291 86
1292 98
1293 98
1294 98
1295 88
1296 91
1297 77
1298 99
1299 94
1300 103
1301 97
1302 102
1303 100
1304 86
1305 98
1306 98
1307 99
1308 99
1309 48
1310 97
1311 61
1312 90
1313 40
1314 70
1315 82
1316 97
1317 97
1318 62
1319 58
1320 99
1321 80
1322 85
1323 98
1324 99
1325 83
1326 103
1327 83
1328 87
1329 95
1330 103
1331 99
1332 77
1333 102
1334 82
1335 88
1336 97
1337 91
1338 98
1339 77
1340 100
1341 75
1342 101
1343 103
1344 94
1345 89
1346 80
1347 82
1348 83
1349 71
1350 84
1351 83
1352 100
1353 87
1354 88
1355 80
1356 103
1357 83
1358 97
1359 93
1360 102
1361 100
1362 27
1363 100
1364 98
1365 96
1366 98
1367 36
1368 86
1369 83
1370 77
1371 96
1372 91
1373 95
1374 96
1375 100
1376 82
1377 80
1378 97
1379 71
1380 90
1381 80
1382 93
1383 102
1384 96
1385 84
1386 97
1387 98
1388 103
1389 86
1390 101
1391 98
1392 87
1393 96
1394 93
1395 86
1396 82
1397 99
1398 103
1399 77
1400 97
1401 80
1402 81
1403 99
1404 98
1405 100
1406 80
1407 97
1408 10
1409 97
1410 93
1411 101
1412 96
1413 75
1414 95
1415 99
1416 96
1417 95
1418 99
1419 85
1420 98
1421 102
1422 103
1423 49
1424 103
1425 87
1426 22
1427 75
1428 93
1429 87
1430 86
1431 93
1432 103
1433 50
1434 89
1435 101
1436 100
1437 91
1438 88
1439 80
1440 86
1441 98
1442 95
1443 97
1444 93
1445 85
1446 101
1447 91
1448 90
1449 103
1450 101
1451 100
1452 60
1453 38
1454 88
1455 94
1456 97
1457 87
1458 102
1459 99
1460 90
1461 84
1462 98
1463 101
1464 100
1465 94
1466 86
1467 10
1468 84
1469 101
1470 89
1471 86
1472 49
1473 94
1474 94
1475 100
1476 91
1477 22
1478 95
1479 29
1480 99
1481 84
1482 86
1483 98
1484 100
1485 98
1486 82
1487 96
1488 80
1489 81
1490 97
1491 95
1492 99
1493 100
1494 100
1495 101
1496 95
1497 80
1498 99
1499 80
1500 98
1501 66
1502 93
1503 99
1504 85
1505 36
1506 86
1507 102
1508 98
1509 71
1510 85
1511 84
1512 102
1513 80
1514 96
1515 100
1516 85
1517 93
1518 96
1519 26
1520 61
1521 84
1522 93
1523 90
1524 75
1525 96
1526 74
1527 99
1528 89
1529 96
1530 97
1531 84
1532 82
1533 85
1534 84
1535 83
1536 93
1537 100
1538 97
1539 72
1540 90
1541 58
1542 63
1543 89
1544 103
1545 101
1546 61
1547 82
1548 93
1549 87
1550 93
1551 70
1552 103
1553 96
1554 80
1555 94
1556 81
1557 94
1558 99
1559 95
1560 100
1561 89
1562 95
1563 102
1564 91
1565 64
1566 77
1567 70
1568 80
1569 99
1570 73
1571 97
1572 88
1573 93
1574 99
1575 101
1576 102
1577 94
1578 44
1579 44
1580 82
1581 94
1582 94
1583 70
1584 80
1585 41
1586 85
1587 103
1588 41
1589 94
1590 83
1591 95
1592 100
1593 100
1594 102
1595 97
1596 84
1597 92
1598 102
1599 73
1600 74
1601 80
1602 89
1603 102
1604 75
1605 99
1606 97
1607 89
1608 84
1609 89
1610 85
1611 58
1612 86
1613 99
1614 99
1615 94
1616 102
1617 96
1618 87
1619 102
1620 99
1621 71
1622 93
1623 96
1624 97
1625 44
1626 102
1627 99
1628 84
1629 84
1630 98
1631 80
1632 86
1633 80
1634 103
1635 84
1636 86
1637 86
1638 99
1639 86
1640 27
1641 50
1642 93
1643 101
1644 85
1645 75
1646 102
1647 86
1648 86
1649 95
1650 96
1651 90
1652 82
1653 90
1654 99
1655 99
1656 100
1657 102
1658 82
1659 95
1660 93
1661 101
1662 99
1663 102
1664 84
1665 75
1666 101
1667 49
1668 68
1669 94
1670 96
1671 68
1672 86
1673 95
1674 85
1675 99
1676 99
1677 99
1678 95
1679 82
1680 99
1681 97
1682 86
1683 96
1684 90
1685 102
1686 99
1687 103
1688 88
1689 96
1690 92
1691 93
1692 102
1693 99
1694 83
1695 90
1696 92
1697 91
1698 86
1699 84
1700 74
1701 100
1702 87
1703 81
1704 99
1705 80
1706 97
1707 87
1708 96
1709 81
1710 102
1711 85
1712 82
1713 86
1714 98
1715 49
1716 91
1717 99
1718 40
1719 98
1720 80
1721 95
1722 93
1723 98
1724 86
1725 87
1726 102
1727 99
1728 97
1729 93
1730 80
1731 99
1732 89
1733 91
1734 99
1735 85
1736 93
1737 83
1738 93
1739 100
1740 85
1741 91
1742 99
1743 93
1744 84
1745 86
1746 82
1747 103
1748 96
1749 90
1750 84
1751 84
1752 84
1753 102
1754 100
1755 93
1756 62
1757 99
1758 93
1759 96
1760 100
1761 77
1762 101
1763 103
1764 80
1765 99
1766 96
1767 83
1768 99
1769 94
1770 101
1771 102
1772 99
1773 90
1774 94
1775 98
1776 65
1777 89
1778 99
1779 95
1780 96
1781 81
1782 96
1783 99
1784 102
1785 80
1786 91
1787 101
1788 96
1789 96
1790 87
1791 68
1792 70
1793 81
1794 83
1795 75
1796 66
1797 91
1798 80
1799 75
1800 98
1801 83
1802 97
1803 71
1804 77
1805 103
1806 93
1807 101
1808 99
1809 80
1810 81
1811 100
1812 89
1813 84
1814 83
1815 87
1816 83
1817 99
1818 44
1819 100
1820 93
1821 101
1822 80
1823 84
1824 100
1825 95
1826 101
1827 103
1828 100
1829 89
1830 84
1831 86
1832 91
1833 89
1834 62
1835 75
1836 84
1837 97
1838 97
1839 89
1840 103
1841 98
1842 101
1843 100
1844 87
1845 102
1846 90
1847 62
1848 77
1849 89
1850 77
1851 87
1852 89
1853 100
1854 96
1855 61
1856 93
1857 85
1858 96
1859 60
1860 88
1861 88
1862 77
1863 101
1864 101
1865 77
1866 90
1867 90
1868 82
1869 87
1870 82
1871 96
1872 98
1873 62
1874 103
1875 91
1876 82
1877 99
1878 81
1879 91
1880 91
1881 99
1882 91
1883 49
1884 98
1885 87
1886 68
1887 97
1888 97
1889 62
1890 102
1891 83
1892 100
1893 100
1894 86
1895 97
1896 81
1897 83
1898 82
1899 69
1900 77
1901 82
1902 96
1903 22
1904 89
1905 91
1906 97
1907 97
1908 82
1909 83
1910 83
1911 93
1912 84
1913 82
1914 96
1915 101
1916 76
1917 96
1918 100
1919 99
1920 81
1921 80
1922 87
1923 94
1924 92
1925 90
1926 95
1927 87
1928 99
1929 100
1930 97
1931 102
1932 96
1933 83
1934 91
1935 97
1936 85
1937 95
1938 88
1939 88
1940 101
1941 97
1942 93
1943 86
1944 82
1945 98
1946 89
1947 93
1948 96
1949 100
1950 86
1951 82
1952 94
1953 84
1954 96
1955 96
1956 93
1957 99
1958 98
1959 62
1960 97
1961 63
1962 87
1963 98
1964 90
1965 99
1966 97
1967 73
1968 84
1969 86
1970 102
1971 98
1972 90
1973 40
1974 93
1975 92
1976 68
1977 90
1978 98
1979 98
1980 100
1981 75
1982 103
1983 84
1984 86
1985 97
1986 95
1987 96
1988 89
1989 82
1990 66
1991 100
1992 82
1993 50
1994 93
1995 103
1996 99
1997 91
1998 93
1999 102
2000 88
2001 85
2002 88
2003 98
2004 90
2005 84
2006 84
2007 97
2008 100
2009 66
2010 86
2011 89
2012 80
2013 103
2014 91
2015 98
2016 94
2017 80
2018 91
2019 87
2020 86
2021 93
2022 80
2023 97
2024 85
2025 97
2026 96
2027 100
2028 92
2029 82
2030 88
2031 97
2032 58
2033 84
2034 94
2035 85
2036 84
2037 94
2038 89
2039 77
2040 77
2041 84
2042 82
2043 91
2044 98
2045 100
2046 80
2047 100
2048 82
2049 90
2050 75
2051 92
2052 86
2053 96
2054 86
2055 99
2056 98
2057 77
2058 89
2059 82
2060 81
2061 41
2062 103
2063 99
2064 93
2065 86
2066 96
2067 92
2068 87
2069 92
2070 85
2071 97
2072 36
2073 91
2074 96
2075 89
2076 102
2077 89
2078 97
2079 95
2080 75
2081 101
2082 97
2083 82
2084 75
2085 89
2086 97
2087 97
2088 75
2089 95
2090 95
2091 87
2092 90
2093 99
2094 60
2095 99
2096 96
2097 80
2098 96
2099 86
2100 86
2101 26
2102 89
2103 100
2104 97
2105 83
2106 80
2107 102
2108 96
2109 96
2110 95
2111 103
2112 99
2113 85
2114 77
2115 98
2116 89
2117 90
2118 96
2119 97
2120 94
2121 101
2122 98
2123 82
2124 44
2125 97
2126 90
2127 76
2128 96
2129 82
2130 97
2131 84
2132 94
2133 92
2134 97
2135 77
2136 100
2137 74
2138 92
2139 69
2140 80
2141 88
2142 87
2143 101
2144 101
2145 96
2146 73
2147 98
2148 93
2149 95
2150 85
2151 98
2152 75
2153 96
2154 82
2155 100
2156 89
2157 86
2158 96
2159 100
2160 41
2161 90
2162 74
2163 95
2164 96
2165 96
2166 88
2167 100
2168 99
2169 94
2170 82
2171 90
2172 80
2173 103
2174 99
2175 82
2176 96
2177 80
2178 81
2179 49
2180 82
2181 101
2182 89
2183 97
2184 97
2185 103
2186 61
2187 91
2188 93
2189 95
2190 89
2191 76
2192 81
2193 94
2194 82
2195 99
2196 100
2197 90
2198 74
2199 102
2200 93
2201 100
2202 100
2203 86
2204 99
2205 87
2206 97
2207 80
2208 102
2209 98
2210 62
2211 49
2212 83
2213 96
2214 96
2215 95
2216 41
2217 97
2218 91
2219 71
2220 102
2221 93
2222 77
2223 88
2224 89
2225 40
2226 97
2227 93
2228 82
2229 75
2230 103
2231 80
2232 96
2233 85
2234 99
2235 90
2236 73
2237 94
2238 98
2239 90
2240 94
2241 97
2242 88
2243 96
2244 93
2245 89
2246 99
2247 81
2248 93
2249 100
2250 37
2251 84
2252 86
2253 91
2254 103
2255 80
2256 103
2257 81
2258 50
2259 88
2260 75
2261 88
2262 100
2263 88
2264 70
2265 102
2266 83
2267 97
2268 69
2269 91
2270 79
2271 82
2272 80
2273 101
2274 85
2275 96
2276 91
2277 77
2278 82
2279 76
2280 82
2281 103
2282 86
2283 102
2284 88
2285 97
2286 102
2287 87
2288 70
2289 74
2290 97
2291 90
2292 80
2293 86
2294 93
2295 99
2296 98
2297 87
2298 102
2299 97
2300 75
2301 82
2302 100
2303 96
2304 88
2305 83
2306 86
2307 76
2308 94
2309 69
2310 77
2311 82
2312 80
2313 96
2314 88
2315 71
2316 94
2317 82
2318 97
2319 83
2320 98
2321 82
2322 82
2323 96
2324 80
2325 77
2326 98
2327 61
2328 92
2329 103
2330 90
2331 75
2332 63
2333 75
2334 99
2335 85
2336 87
2337 102
2338 83
2339 103
2340 85
2341 100
2342 86
2343 83
2344 100
2345 82
2346 100
2347 88
2348 97
2349 75
2350 97
2351 102
2352 96
2353 74
2354 92
2355 100
2356 95
2357 96
2358 99
2359 84
2360 75
2361 61
2362 98
2363 51
2364 89
2365 97
2366 96
2367 87
2368 97
2369 78
2370 82
2371 82
2372 94
2373 80
2374 77
2375 74
2376 96
2377 90
2378 88
2379 93
2380 90
2381 95
2382 85
2383 89
2384 82
2385 97
2386 89
2387 96
2388 87
2389 95
2390 86
2391 77
2392 89
2393 50
2394 101
2395 99
2396 96
2397 69
2398 88
2399 102
2400 100
2401 82
2402 94
2403 98
2404 88
2405 93
2406 102
2407 96
2408 84
2409 85
2410 80
2411 80
2412 77
2413 77
2414 94
2415 95
2416 84
2417 98
2418 86
2419 98
2420 100
2421 90
2422 77
2423 68
2424 73
2425 91
2426 101
2427 87
2428 89
2429 88
2430 96
2431 66
2432 69
2433 88
2434 36
2435 82
2436 90
2437 86
2438 96
2439 99
2440 85
2441 97
2442 75
2443 80
2444 94
2445 94
2446 60
2447 99
2448 102
2449 93
2450 75
2451 63
2452 99
2453 96
2454 93
2455 74
2456 100
2457 80
2458 100
2459 77
2460 96
2461 95
2462 80
2463 75
2464 87
2465 96
2466 89
2467 103
2468 87
2469 87
2470 91
2471 84
2472 101
2473 75
2474 94
2475 97
2476 96
2477 84
2478 96
2479 44
2480 91
2481 81
2482 73
2483 86
2484 102
2485 89
2486 82
2487 76
2488 44
2489 102
2490 92
2491 103
2492 94
2493 103
2494 97
2495 102
2496 103
2497 75
2498 99
2499 96
2500 88
2501 76
2502 96
2503 103
2504 80
2505 97
2506 95
2507 80
2508 103
2509 101
2510 103
2511 85
2512 99
2513 96
2514 87
2515 95
2516 75
2517 80
2518 95
2519 90
2520 89
2521 96
2522 84
2523 89
2524 89
2525 95
2526 80
2527 82
2528 97
2529 80
2530 77
2531 77
2532 98
2533 100
2534 83
2535 100
2536 96
2537 85
2538 96
2539 99
2540 102
2541 77
2542 91
2543 76
2544 89
2545 97
2546 85
2547 86
2548 90
2549 89
2550 96
2551 99
2552 94
2553 101
2554 77
2555 88
2556 89
2557 82
2558 97
2559 90
2560 91
2561 101
2562 90
2563 90
2564 86
2565 99
2566 85
2567 36
2568 85
2569 85
2570 82
2571 84
2572 88
2573 91
2574 86
2575 100
2576 100
2577 82
2578 77
2579 80
2580 97
2581 88
2582 103
2583 89
2584 84
2585 99
2586 93
2587 102
2588 89
2589 92
2590 102
2591 97
2592 83
2593 96
2594 103
2595 103
2596 69
2597 98
2598 97
2599 85
2600 86
2601 98
2602 99
2603 94
2604 44
2605 98
2606 98
2607 96
2608 97
2609 68
2610 97
2611 97
2612 77
2613 87
2614 83
2615 94
2616 97
2617 94
2618 94
2619 103
2620 98
2621 81
2622 71
2623 97
2624 86
2625 80
2626 97
2627 86
2628 95
2629 66
2630 89
2631 80
2632 85
2633 93
2634 97
2635 83
2636 60
2637 96
2638 85
2639 94
2640 85
2641 85
2642 66
2643 100
2644 102
2645 95
2646 94
2647 94
2648 97
2649 102
2650 97
2651 100
2652 77
2653 97
2654 75
2655 63
2656 90
2657 95
2658 101
2659 87
2660 98
2661 95
2662 99
2663 92
2664 99
2665 90
2666 102
2667 100
2668 86
2669 80
2670 89
2671 90
2672 71
2673 96
2674 97
2675 86
2676 103
2677 99
2678 93
2679 83
2680 82
2681 89
2682 86
2683 85
2684 97
2685 92
2686 102
2687 97
2688 68
2689 98
2690 92
2691 97
2692 86
2693 98
2694 99
2695 77
2696 92
2697 98
2698 85
2699 98
2700 103
2701 93
2702 95
2703 100
2704 90
2705 95
2706 80
2707 63
2708 68
2709 80
2710 86
2711 91
2712 101
2713 88
2714 93
2715 86
2716 96
2717 102
2718 96
2719 83
2720 97
2721 96
2722 71
2723 70
2724 93
2725 99
2726 80
2727 86
2728 97
2729 100
2730 81
2731 84
2732 96
2733 96
2734 100
2735 82
2736 101
2737 80
2738 99
2739 98
2740 85
2741 90
2742 93
2743 91
2744 91
2745 101
2746 88
2747 69
2748 74
2749 82
2750 85
2751 80
2752 86
2753 95
2754 93
2755 80
2756 96
2757 90
2758 96
2759 102
2760 68
2761 87
2762 92
2763 94
2764 98
2765 86
2766 85
2767 90
2768 96
2769 99
2770 46
2771 87
2772 80
2773 84
2774 87
2775 100
2776 95
2777 99
2778 77
2779 83
2780 86
2781 89
2782 99
2783 96
2784 63
2785 80
2786 91
2787 100
2788 93
2789 82
2790 83
2791 98
2792 94
2793 91
2794 87
2795 98
2796 98
2797 77
2798 103
2799 93
2800 96
2801 95
2802 103
2803 93
2804 86
2805 92
2806 100
2807 89
2808 103
2809 97
2810 91
2811 88
2812 98
2813 98
2814 97
2815 80
2816 86
2817 82
2818 71
2819 86
2820 100
2821 102
2822 98
2823 92
2824 83
2825 80
2826 96
2827 84
2828 97
2829 86
2830 91
2831 95
2832 86
2833 32
2834 80
2835 96
2836 99
2837 80
2838 95
2839 85
2840 100
2841 98
2842 97
2843 80
2844 98
2845 95
2846 80
2847 94
2848 100
2849 76
2850 82
2851 95
2852 99
2853 98
2854 82
2855 91
2856 90
2857 98
2858 82
2859 93
2860 97
2861 93
2862 103
2863 86
2864 99
2865 100
2866 96
2867 80
2868 87
2869 97
2870 80
2871 90
2872 100
2873 102
2874 100
2875 86
2876 87
2877 84
2878 98
2879 89
2880 80
2881 75
2882 99
2883 98
2884 94
2885 82
2886 66
2887 83
2888 96
2889 96
2890 86
2891 98
2892 94
2893 100
2894 82
2895 86
2896 94
2897 80
2898 96
2899 89
2900 44
2901 98
2902 96
2903 75
2904 94
2905 96
2906 66
2907 99
2908 84
2909 96
2910 86
2911 86
2912 99
2913 68
2914 86
2915 92
2916 83
2917 82
2918 86
2919 96
2920 80
2921 96
2922 100
2923 100
2924 77
2925 96
2926 103
2927 24
2928 96
2929 71
2930 63
2931 82
2932 97
2933 100
2934 96
2935 98
2936 87
2937 96
2938 82
2939 102
2940 86
2941 93
2942 91
2943 82
2944 94
2945 82
2946 97
2947 90
2948 44
2949 100
2950 103
2951 91
2952 80
2953 75
2954 91
2955 96
2956 89
2957 84
2958 99
2959 99
2960 97
2961 86
2962 86
2963 90
2964 93
2965 97
2966 80
2967 94
2968 100
2969 96
2970 88
2971 89
2972 60
2973 95
2974 99
2975 99
2976 83
2977 85
2978 93
2979 90
2980 68
2981 100
2982 100
2983 97
2984 98
2985 83
2986 86
2987 91
2988 82
2989 102
2990 90
2991 98
2992 98
2993 96
2994 80
2995 80
2996 82
2997 88
2998 85
2999 98
3000 103
3001 68
3002 90
3003 102
3004 100
3005 101
3006 84
3007 103
3008 84
3009 95
3010 95
3011 98
3012 89
3013 96
3014 102
3015 93
3016 80
3017 63
3018 103
3019 91
3020 95
3021 77
3022 90
3023 98
3024 82
3025 93
3026 97
3027 4
3028 89
3029 91
3030 90
3031 2
3032 82
3033 93
3034 95
3035 103
3036 102
3037 99
3038 97
3039 91
3040 89
3041 96
3042 96
3043 83
3044 85
3045 95
3046 102
3047 98
3048 95
3049 97
3050 85
3051 100
3052 100
3053 97
3054 76
3055 102
3056 88
3057 98
3058 102
3059 100
3060 97
3061 90
3062 102
3063 94
3064 87
3065 74
3066 88
3067 80
3068 80
3069 102
3070 100
3071 98
3072 92
3073 96
3074 98
3075 96
3076 76
3077 100
3078 80
3079 100
3080 100
3081 82
3082 89
3083 82
3084 101
3085 88
3086 89
3087 99
3088 80
3089 101
3090 102
3091 82
3092 97
3093 77
3094 83
3095 96
3096 100
3097 98
3098 91
3099 80
3100 74
3101 90
3102 89
3103 97
3104 97
3105 83
3106 77
3107 80
3108 101
3109 93
3110 100
3111 86
3112 101
3113 100
3114 71
3115 68
3116 87
3117 91
3118 90
3119 83
3120 84
3121 86
3122 95
3123 76
3124 86
3125 94
3126 86
3127 82
3128 85
3129 95
3130 102
3131 98
3132 103
3133 95
3134 94
3135 103
3136 82
3137 80
3138 85
3139 82
3140 82
3141 101
3142 82
3143 98
3144 82
3145 82
3146 90
3147 100
3148 96
3149 99
3150 96
3151 82
3152 81
3153 96
3154 84
3155 94
3156 62
3157 81
3158 100
3159 98
3160 96
3161 77
3162 82
3163 95
3164 97
3165 70
3166 81
3167 96
3168 98
3169 88
3170 91
3171 77
3172 90
3173 90
3174 86
3175 94
3176 98
3177 91
3178 83
3179 86
3180 87
3181 103
3182 90
3183 102
3184 80
3185 83
3186 82
3187 98
3188 86
3189 103
3190 94
3191 98
3192 96
3193 97
3194 102
3195 81
3196 92
3197 96
3198 85
3199 80
3200 82
3201 98
3202 100
3203 84
3204 88
3205 88
3206 99
3207 86
3208 87
3209 89
3210 100
3211 96
3212 103
3213 89
3214 96
3215 89
3216 85
3217 100
3218 75
3219 103
3220 83
3221 93
3222 89
3223 68
3224 92
3225 89
3226 88
3227 96
3228 75
3229 96
3230 96
3231 101
3232 90
3233 98
3234 81
3235 103
3236 80
3237 84
3238 80
3239 84
3240 97
3241 77
3242 84
3243 97
3244 84
3245 75
3246 94
3247 86
3248 83
3249 91
3250 96
3251 89
3252 103
3253 84
3254 85
3255 97
3256 74
3257 96
3258 84
3259 96
3260 82
3261 89
3262 103
3263 85
3264 80
3265 74
3266 5
3267 102
3268 89
3269 97
3270 89
3271 81
3272 80
3273 71
3274 75
3275 95
3276 93
3277 21
3278 86
3279 90
3280 87
3281 97
3282 97
3283 96
3284 102
3285 100
3286 96
3287 96
3288 93
3289 95
3290 89
3291 93
3292 95
3293 98
3294 70
3295 68
3296 96
3297 93
3298 88
3299 98
3300 102
3301 84
3302 76
3303 89
3304 87
3305 85
3306 80
3307 97
3308 75
3309 85
3310 80
3311 96
3312 100
3313 83
3314 86
3315 88
3316 82
3317 33
3318 71
3319 103
3320 87
3321 97
3322 103
3323 88
3324 89
3325 74
3326 89
3327 77
3328 95
3329 91
3330 95
3331 103
3332 102
3333 96
3334 86
3335 102
3336 101
3337 96
3338 99
3339 102
3340 96
3341 96
3342 89
3343 88
3344 87
3345 6
3346 80
3347 100
3348 85
3349 25
3350 91
3351 98
3352 91
3353 87
3354 90
3355 83
3356 100
3357 71
3358 103
3359 9
3360 84
3361 99
3362 94
3363 101
3364 99
3365 101
3366 93
3367 94
3368 82
3369 99
3370 93
3371 96
3372 94
3373 91
3374 94
3375 90
3376 100
3377 97
3378 82
3379 97
3380 85
3381 96
3382 84
3383 91
3384 102
3385 82
3386 88
3387 96
3388 91
3389 85
3390 85
3391 88
3392 74
3393 97
3394 86
3395 68
3396 100
3397 96
3398 80
3399 97
3400 83
3401 87
3402 102
3403 99
3404 95
3405 98
3406 75
3407 86
3408 84
3409 99
3410 100
3411 97
3412 101
3413 87
3414 103
3415 84
3416 90
3417 80
3418 77
3419 77
3420 99
3421 100
3422 91
3423 91
3424 85
3425 85
3426 95
3427 92
3428 93
3429 83
3430 82
3431 96
3432 82
3433 91
3434 77
3435 80
3436 92
3437 89
3438 90
3439 12
3440 103
3441 103
3442 94
3443 98
3444 85
3445 84
3446 98
3447 80
3448 98
3449 90
3450 95
3451 84
3452 75
3453 97
3454 101
3455 101
3456 102
3457 103
3458 86
3459 84
3460 96
3461 92
3462 99
3463 80
3464 90
3465 98
3466 96
3467 95
3468 98
3469 86
3470 93
3471 80
3472 100
3473 90
3474 86
3475 93
3476 93
3477 84
3478 97
3479 98
3480 88
3481 92
3482 86
3483 98
3484 97
3485 95
3486 13
3487 85
3488 90
3489 80
3490 87
3491 96
3492 99
3493 99
3494 100
3495 99
3496 93
3497 96
3498 84
3499 93
3500 100
3501 82
3502 96
3503 95
3504 86
3505 99
3506 81
3507 101
3508 75
3509 88
3510 80
3511 80
3512 94
3513 89
3514 87
3515 97
3516 87
3517 86
3518 91
3519 84
3520 97
3521 98
3522 99
3523 100
3524 98
3525 81
3526 93
3527 84
3528 97
3529 82
3530 81
3531 88
3532 98
3533 102
3534 97
3535 100
3536 93
3537 84
3538 90
3539 82
3540 80
3541 80
3542 100
3543 80
3544 97
3545 82
3546 102
3547 83
3548 83
3549 97
3550 102
3551 93
3552 97
3553 103
3554 96
3555 101
3556 98
3557 94
3558 77
3559 97
3560 97
3561 95
3562 97
3563 103
3564 93
3565 80
3566 80
3567 85
3568 102
3569 81
3570 85
3571 96
3572 80
3573 84
3574 91
3575 84
3576 92
3577 95
3578 102
3579 90
3580 95
3581 95
3582 101
3583 97
3584 80
3585 77
3586 84
3587 85
3588 98
3589 97
3590 75
3591 84
3592 85
3593 91
3594 89
3595 98
3596 88
3597 85
3598 103
3599 102
3600 77
3601 103
3602 101
3603 82
3604 101
3605 97
3606 101
3607 92
3608 102
3609 96
3610 90
3611 77
3612 96
3613 94
3614 96
3615 96
3616 85
3617 96
3618 86
3619 95
3620 100
3621 97
3622 96
3623 85
3624 100
3625 103
3626 88
3627 94
3628 100
3629 84
3630 94
3631 102
3632 81
3633 102
3634 98
3635 75
3636 98
3637 92
3638 99
3639 85
3640 94
3641 77
3642 94
3643 83
3644 94
3645 85
3646 99
3647 89
3648 82
3649 93
3650 96
3651 90
3652 88
3653 99
3654 83
3655 89
3656 83
3657 77
3658 85
3659 87
3660 97
3661 96
3662 95
3663 96
3664 77
3665 98
3666 100
3667 97
3668 80
3669 91
3670 85
3671 87
3672 96
3673 81
3674 95
3675 103
3676 83
3677 96
3678 99
3679 82
3680 84
3681 103
3682 80
3683 81
3684 88
3685 96
3686 98
3687 90
3688 83
3689 82
3690 100
3691 97
3692 94
3693 97
3694 103
3695 102
3696 98
3697 91
3698 85
3699 97
3700 97
3701 100
3702 86
3703 89
3704 80
3705 101
3706 102
3707 85
3708 77
3709 81
3710 100
3711 97
3712 95
3713 95
3714 102
3715 80
3716 80
3717 97
3718 99
3719 101
3720 100
3721 100
3722 102
3723 99
3724 97
3725 98
3726 89
3727 102
3728 100
3729 100
3730 101
3731 95
3732 98
3733 102
3734 90
3735 100
3736 102
3737 92
3738 97
3739 97
3740 95
3741 80
3742 99
3743 93
3744 94
3745 80
3746 83
3747 90
3748 89
3749 97
3750 89
3751 89
3752 103
3753 101
3754 97
3755 101
3756 80
3757 103
3758 80
3759 97
3760 92
3761 101
3762 90
3763 101
3764 85
3765 80
3766 82
3767 99
3768 86
3769 100
3770 80
3771 89
3772 98
3773 90
3774 90
3775 88
3776 87
3777 80
3778 85
3779 88
3780 100
3781 85
3782 84
3783 87
3784 102
3785 97
3786 90
3787 96
3788 80
3789 96
3790 96
3791 77
3792 96
3793 100
3794 103
3795 94
3796 84
3797 83
3798 80
3799 99
3800 96
3801 98
3802 94
3803 87
3804 98
3805 91
3806 89
3807 103
3808 103
3809 97
3810 82
3811 96
3812 83
3813 100
3814 89
3815 89
3816 85
3817 98
3818 77
3819 102
3820 80
3821 90
3822 96
3823 93
3824 85
3825 100
3826 82
3827 90
3828 98
3829 80
3830 88
3831 99
3832 97
3833 88
3834 80
3835 98
3836 80
3837 102
3838 87
3839 80
3840 90
3841 83
3842 86
3843 101
3844 77
3845 101
3846 85
3847 85
3848 100
3849 103
3850 84
3851 80
3852 85
3853 97
3854 83
3855 84
3856 87
3857 80
3858 100
3859 101
3860 97
3861 97
3862 85
3863 87
3864 83
3865 101
3866 96
3867 86
3868 89
3869 87
3870 85
3871 93
3872 93
3873 102
3874 101
3875 97
3876 84
3877 94
3878 99
3879 82
3880 82
3881 95
3882 101
3883 101
3884 102
3885 100
3886 103
3887 82
3888 102
3889 96
3890 94
3891 99
3892 83
3893 86
3894 82
3895 100
3896 80
3897 89
3898 93
3899 94
3900 91
3901 91
3902 99
3903 100
3904 84
3905 93
3906 87
3907 82
3908 95
3909 96
3910 80
3911 103
3912 90
3913 90
3914 82
3915 101
3916 96
3917 100
3918 95
3919 103
3920 96
3921 100
3922 97
3923 103
3924 90
3925 103
3926 96
3927 93
3928 89
3929 89
3930 93
3931 95
3932 96
3933 97
3934 87
3935 99
3936 94
3937 94
3938 96
3939 90
3940 89
3941 101
3942 101
3943 95
3944 98
3945 91
3946 96
3947 98
3948 99
3949 83
3950 83
3951 101
3952 86
3953 89
3954 103
3955 98
3956 96
3957 94
3958 102
3959 82
3960 97
3961 95
3962 99
3963 90
3964 91
3965 94
3966 100
3967 99
3968 91
3969 100
3970 82
3971 82
3972 103
3973 100
3974 102
3975 80
3976 86
3977 102
3978 103
3979 103
3980 96
3981 98
3982 101
3983 102
3984 97
3985 90
3986 96
3987 98
3988 94
3989 90
3990 103
3991 101
3992 99
3993 90
3994 100
3995 85
3996 89
3997 91
3998 99
3999 96
4000 99
