Time:13994.51178598404
NMI:0.27483322603884947
ARI:0.007767153448698483
#com:104
1 100
2 100
3 100
4 100
5 100
6 100
7 100
8 100
9 100
10 100
11 100
12 100
13 100
14 100
15 99
16 100
17 100
18 100
19 100
20 99
21 100
22 100
23 100
24 100
25 100
26 100
27 100
28 100
29 100
30 100
31 99
32 100
33 100
34 100
35 100
36 100
37 100
38 100
39 100
40 100
41 99
42 99
43 100
44 100
45 100
46 16
47 100
48 39
49 99
50 100
51 100
52 100
53 100
54 100
55 99
56 100
57 100
58 100
59 100
60 100
61 6
62 99
63 100
64 100
65 6
66 100
67 100
68 100
69 100
70 100
71 100
72 99
73 100
74 100
75 100
76 100
77 100
78 100
79 100
80 100
81 99
82 100
83 100
84 100
85 100
86 100
87 100
88 100
89 100
90 100
91 100
92 100
93 100
94 100
95 100
96 99
97 100
98 100
99 100
100 100
101 100
102 100
103 100
104 100
105 100
106 100
107 100
108 100
109 99
110 100
111 100
112 99
113 100
114 42
115 100
116 100
117 99
118 100
119 100
120 100
121 100
122 100
123 100
124 100
125 100
126 100
127 100
128 100
129 99
130 100
131 100
132 100
133 100
134 100
135 99
136 100
137 100
138 16
139 100
140 100
141 100
142 99
143 100
144 100
145 100
146 100
147 100
148 100
149 100
150 100
151 100
152 100
153 100
154 100
155 100
156 100
157 100
158 100
159 100
160 100
161 100
162 100
163 100
164 100
165 100
166 100
167 100
168 99
169 100
170 100
171 100
172 100
173 100
174 37
175 100
176 97
177 100
178 100
179 100
180 99
181 103
182 100
183 99
184 100
185 100
186 100
187 100
188 102
189 100
190 100
191 100
192 100
193 100
194 100
195 100
196 100
197 100
198 100
199 99
200 100
201 99
202 100
203 100
204 99
205 100
206 100
207 100
208 100
209 100
210 100
211 100
212 99
213 100
214 100
215 100
216 100
217 100
218 100
219 100
220 100
221 66
222 99
223 100
224 100
225 99
226 100
227 40
228 100
229 100
230 100
231 100
232 99
233 5
234 100
235 100
236 100
237 100
238 100
239 100
240 100
241 100
242 100
243 6
244 100
245 100
246 100
247 100
248 100
249 100
250 100
251 99
252 99
253 99
254 99
255 100
256 100
257 100
258 100
259 100
260 100
261 100
262 100
263 100
264 100
265 100
266 31
267 100
268 100
269 100
270 100
271 100
272 100
273 100
274 100
275 99
276 100
277 100
278 100
279 100
280 100
281 100
282 100
283 100
284 100
285 100
286 100
287 100
288 100
289 100
290 100
291 100
292 100
293 100
294 99
295 100
296 34
297 99
298 35
299 100
300 99
301 100
302 100
303 100
304 36
305 100
306 100
307 100
308 100
309 100
310 100
311 100
312 100
313 99
314 5
315 100
316 100
317 100
318 99
319 100
320 100
321 100
322 100
323 100
324 100
325 100
326 99
327 100
328 100
329 99
330 100
331 100
332 100
333 100
334 100
335 100
336 100
337 5
338 100
339 100
340 100
341 100
342 100
343 100
344 100
345 100
346 100
347 99
348 100
349 100
350 100
351 100
352 100
353 100
354 100
355 100
356 100
357 99
358 100
359 34
360 100
361 100
362 100
363 100
364 100
365 100
366 39
367 97
368 100
369 100
370 100
371 100
372 100
373 100
374 100
375 100
376 100
377 100
378 100
379 100
380 100
381 100
382 100
383 100
384 100
385 100
386 41
387 100
388 42
389 100
390 100
391 100
392 100
393 100
394 100
395 100
396 100
397 99
398 100
399 100
400 100
401 100
402 44
403 100
404 100
405 100
406 100
407 100
408 100
409 99
410 100
411 100
412 100
413 100
414 100
415 99
416 100
417 100
418 100
419 100
420 100
421 100
422 100
423 100
424 100
425 100
426 100
427 100
428 95
429 99
430 100
431 100
432 100
433 99
434 100
435 100
436 100
437 34
438 100
439 100
440 100
441 100
442 100
443 99
444 100
445 100
446 100
447 99
448 100
449 99
450 76
451 100
452 100
453 100
454 100
455 100
456 100
457 100
458 100
459 100
460 100
461 99
462 48
463 49
464 100
465 100
466 100
467 100
468 100
469 100
470 50
471 100
472 100
473 100
474 51
475 100
476 100
477 100
478 100
479 100
480 100
481 100
482 100
483 100
484 100
485 100
486 100
487 51
488 100
489 99
490 100
491 41
492 49
493 100
494 100
495 100
496 100
497 100
498 100
499 100
500 99
501 100
502 100
503 100
504 100
505 100
506 100
507 100
508 100
509 100
510 35
511 100
512 100
513 99
514 100
515 100
516 100
517 100
518 99
519 100
520 100
521 100
522 99
523 100
524 100
525 100
526 100
527 54
528 100
529 100
530 100
531 100
532 100
533 100
534 100
535 100
536 100
537 100
538 100
539 100
540 100
541 100
542 100
543 100
544 100
545 100
546 99
547 100
548 100
549 99
550 100
551 100
552 100
553 100
554 100
555 100
556 100
557 100
558 100
559 100
560 100
561 100
562 100
563 100
564 100
565 100
566 100
567 100
568 100
569 99
570 6
571 100
572 100
573 100
574 99
575 100
576 99
577 100
578 100
579 100
580 100
581 100
582 100
583 58
584 100
585 100
586 100
587 100
588 100
589 100
590 71
591 100
592 100
593 99
594 99
595 6
596 100
597 59
598 97
599 100
600 100
601 100
602 100
603 100
604 99
605 100
606 100
607 100
608 100
609 100
610 5
611 100
612 100
613 100
614 100
615 100
616 100
617 16
618 100
619 100
620 60
621 100
622 100
623 100
624 100
625 99
626 99
627 100
628 100
629 100
630 100
631 100
632 100
633 100
634 100
635 60
636 100
637 100
638 100
639 100
640 100
641 100
642 100
643 100
644 100
645 100
646 100
647 100
648 100
649 100
650 100
651 100
652 100
653 100
654 100
655 100
656 99
657 62
658 99
659 51
660 100
661 100
662 100
663 63
664 100
665 65
666 100
667 100
668 100
669 100
670 100
671 100
672 100
673 100
674 100
675 100
676 66
677 100
678 100
679 100
680 100
681 100
682 100
683 100
684 100
685 100
686 100
687 100
688 100
689 100
690 100
691 100
692 100
693 100
694 100
695 100
696 100
697 100
698 100
699 100
700 100
701 100
702 100
703 100
704 100
705 100
706 100
707 31
708 100
709 16
710 100
711 100
712 100
713 100
714 100
715 100
716 100
717 100
718 100
719 100
720 55
721 100
722 69
723 100
724 100
725 100
726 62
727 99
728 100
729 100
730 100
731 100
732 100
733 100
734 100
735 100
736 49
737 100
738 44
739 99
740 100
741 100
742 100
743 100
744 100
745 100
746 100
747 48
748 100
749 100
750 100
751 100
752 100
753 70
754 100
755 99
756 100
757 100
758 100
759 100
760 87
761 100
762 100
763 42
764 100
765 100
766 100
767 100
768 100
769 99
770 100
771 57
772 49
773 100
774 100
775 100
776 42
777 100
778 100
779 100
780 100
781 100
782 100
783 100
784 99
785 100
786 100
787 100
788 100
789 100
790 100
791 100
792 100
793 73
794 100
795 100
796 100
797 100
798 100
799 99
800 100
801 100
802 100
803 100
804 100
805 100
806 100
807 100
808 100
809 97
810 100
811 100
812 100
813 100
814 100
815 100
816 100
817 100
818 100
819 100
820 100
821 100
822 100
823 100
824 99
825 100
826 100
827 21
828 100
829 100
830 100
831 99
832 99
833 100
834 100
835 100
836 100
837 100
838 100
839 100
840 100
841 100
842 100
843 100
844 100
845 100
846 100
847 100
848 100
849 100
850 99
851 100
852 100
853 100
854 100
855 100
856 100
857 100
858 100
859 100
860 100
861 100
862 100
863 100
864 100
865 100
866 100
867 6
868 100
869 100
870 100
871 100
872 100
873 100
874 99
875 99
876 100
877 16
878 100
879 100
880 100
881 100
882 100
883 100
884 100
885 100
886 100
887 100
888 100
889 99
890 100
891 100
892 100
893 100
894 100
895 100
896 100
897 100
898 100
899 35
900 100
901 100
902 100
903 100
904 100
905 100
906 100
907 100
908 100
909 31
910 100
911 99
912 100
913 100
914 100
915 100
916 100
917 100
918 103
919 76
920 100
921 100
922 35
923 100
924 100
925 100
926 100
927 100
928 100
929 100
930 99
931 100
932 100
933 100
934 100
935 100
936 66
937 34
938 100
939 100
940 100
941 16
942 100
943 100
944 100
945 100
946 100
947 100
948 100
949 100
950 99
951 100
952 100
953 100
954 100
955 31
956 66
957 99
958 99
959 100
960 100
961 100
962 100
963 100
964 51
965 99
966 100
967 78
968 100
969 100
970 100
971 100
972 100
973 100
974 100
975 59
976 100
977 100
978 100
979 100
980 100
981 100
982 100
983 100
984 100
985 100
986 100
987 100
988 100
989 100
990 100
991 100
992 79
993 100
994 100
995 100
996 100
997 58
998 100
999 100
1000 100
1001 100
1002 100
1003 100
1004 100
1005 100
1006 100
1007 100
1008 100
1009 100
1010 100
1011 100
1012 100
1013 59
1014 100
1015 100
1016 100
1017 100
1018 100
1019 100
1020 100
1021 100
1022 49
1023 100
1024 100
1025 99
1026 100
1027 100
1028 100
1029 100
1030 66
1031 100
1032 100
1033 100
1034 100
1035 100
1036 100
1037 99
1038 100
1039 100
1040 100
1041 100
1042 100
1043 100
1044 100
1045 100
1046 100
1047 100
1048 100
1049 100
1050 100
1051 39
1052 54
1053 100
1054 100
1055 100
1056 100
1057 100
1058 100
1059 100
1060 100
1061 100
1062 100
1063 100
1064 100
1065 100
1066 100
1067 100
1068 100
1069 100
1070 100
1071 100
1072 100
1073 100
1074 100
1075 103
1076 100
1077 100
1078 100
1079 100
1080 100
1081 61
1082 80
1083 100
1084 100
1085 100
1086 100
1087 100
1088 100
1089 100
1090 100
1091 100
1092 100
1093 100
1094 99
1095 100
1096 100
1097 100
1098 100
1099 100
1100 100
1101 100
1102 100
1103 100
1104 100
1105 51
1106 100
1107 100
1108 100
1109 100
1110 100
1111 81
1112 100
1113 100
1114 100
1115 100
1116 100
1117 100
1118 100
1119 99
1120 100
1121 100
1122 100
1123 44
1124 100
1125 100
1126 100
1127 100
1128 100
1129 100
1130 100
1131 100
1132 100
1133 100
1134 63
1135 100
1136 99
1137 100
1138 100
1139 100
1140 100
1141 100
1142 100
1143 100
1144 99
1145 100
1146 99
1147 100
1148 100
1149 100
1150 100
1151 100
1152 100
1153 100
1154 100
1155 100
1156 100
1157 100
1158 100
1159 39
1160 100
1161 100
1162 100
1163 100
1164 100
1165 100
1166 100
1167 100
1168 100
1169 100
1170 99
1171 100
1172 100
1173 100
1174 100
1175 59
1176 100
1177 57
1178 100
1179 100
1180 100
1181 100
1182 100
1183 100
1184 100
1185 99
1186 100
1187 100
1188 100
1189 49
1190 34
1191 100
1192 100
1193 100
1194 100
1195 73
1196 100
1197 100
1198 100
1199 100
1200 100
1201 100
1202 100
1203 100
1204 100
1205 100
1206 100
1207 100
1208 100
1209 100
1210 100
1211 100
1212 100
1213 100
1214 40
1215 99
1216 73
1217 100
1218 100
1219 100
1220 55
1221 99
1222 100
1223 100
1224 100
1225 100
1226 100
1227 100
1228 100
1229 100
1230 100
1231 100
1232 100
1233 100
1234 100
1235 100
1236 100
1237 100
1238 100
1239 100
1240 100
1241 100
1242 100
1243 100
1244 70
1245 100
1246 100
1247 100
1248 100
1249 100
1250 100
1251 100
1252 100
1253 57
1254 100
1255 100
1256 100
1257 100
1258 100
1259 100
1260 100
1261 100
1262 100
1263 100
1264 100
1265 100
1266 100
1267 100
1268 100
1269 100
1270 100
1271 100
1272 100
1273 100
1274 100
1275 100
1276 100
1277 100
1278 100
1279 100
1280 100
1281 100
1282 99
1283 100
1284 100
1285 100
1286 100
1287 100
1288 78
1289 100
1290 100
1291 81
1292 100
1293 100
1294 100
1295 100
1296 100
1297 100
1298 100
1299 99
1300 100
1301 100
1302 99
1303 100
1304 40
1305 100
1306 100
1307 100
1308 100
1309 57
1310 100
1311 100
1312 99
1313 55
1314 100
1315 100
1316 100
1317 100
1318 100
1319 78
1320 100
1321 100
1322 100
1323 100
1324 100
1325 100
1326 100
1327 100
1328 100
1329 100
1330 100
1331 100
1332 100
1333 100
1334 100
1335 100
1336 100
1337 99
1338 100
1339 99
1340 100
1341 100
1342 100
1343 100
1344 100
1345 99
1346 100
1347 100
1348 100
1349 99
1350 100
1351 100
1352 100
1353 100
1354 99
1355 100
1356 100
1357 100
1358 84
1359 100
1360 100
1361 100
1362 42
1363 100
1364 100
1365 100
1366 100
1367 100
1368 100
1369 100
1370 100
1371 100
1372 100
1373 100
1374 100
1375 100
1376 100
1377 100
1378 100
1379 99
1380 100
1381 100
1382 100
1383 99
1384 100
1385 100
1386 100
1387 100
1388 103
1389 100
1390 99
1391 100
1392 100
1393 100
1394 100
1395 100
1396 100
1397 66
1398 100
1399 100
1400 100
1401 100
1402 100
1403 100
1404 100
1405 99
1406 100
1407 100
1408 16
1409 100
1410 100
1411 100
1412 100
1413 100
1414 100
1415 100
1416 100
1417 100
1418 100
1419 100
1420 100
1421 100
1422 100
1423 100
1424 100
1425 100
1426 44
1427 99
1428 100
1429 100
1430 100
1431 100
1432 100
1433 100
1434 100
1435 100
1436 100
1437 100
1438 100
1439 100
1440 100
1441 100
1442 100
1443 100
1444 99
1445 100
1446 100
1447 100
1448 100
1449 100
1450 100
1451 100
1452 100
1453 59
1454 100
1455 100
1456 100
1457 100
1458 100
1459 100
1460 100
1461 100
1462 100
1463 100
1464 100
1465 100
1466 100
1467 100
1468 100
1469 100
1470 100
1471 100
1472 100
1473 100
1474 99
1475 100
1476 100
1477 100
1478 100
1479 51
1480 100
1481 100
1482 100
1483 100
1484 100
1485 100
1486 100
1487 100
1488 100
1489 100
1490 100
1491 100
1492 100
1493 100
1494 100
1495 100
1496 100
1497 99
1498 100
1499 100
1500 100
1501 100
1502 100
1503 100
1504 100
1505 54
1506 81
1507 100
1508 100
1509 100
1510 100
1511 100
1512 99
1513 100
1514 100
1515 100
1516 100
1517 100
1518 100
1519 39
1520 69
1521 100
1522 100
1523 100
1524 100
1525 100
1526 100
1527 100
1528 100
1529 100
1530 100
1531 100
1532 100
1533 100
1534 100
1535 100
1536 100
1537 99
1538 100
1539 100
1540 79
1541 78
1542 99
1543 100
1544 100
1545 83
1546 69
1547 100
1548 99
1549 100
1550 100
1551 100
1552 100
1553 100
1554 100
1555 100
1556 100
1557 100
1558 100
1559 100
1560 100
1561 100
1562 100
1563 100
1564 99
1565 100
1566 99
1567 99
1568 100
1569 100
1570 85
1571 100
1572 100
1573 100
1574 100
1575 100
1576 99
1577 100
1578 100
1579 100
1580 100
1581 100
1582 100
1583 100
1584 100
1585 63
1586 100
1587 100
1588 64
1589 100
1590 100
1591 100
1592 100
1593 100
1594 100
1595 100
1596 100
1597 100
1598 100
1599 85
1600 100
1601 100
1602 100
1603 100
1604 100
1605 100
1606 100
1607 99
1608 100
1609 100
1610 100
1611 78
1612 100
1613 100
1614 100
1615 100
1616 100
1617 100
1618 100
1619 100
1620 100
1621 100
1622 99
1623 100
1624 100
1625 100
1626 99
1627 100
1628 100
1629 100
1630 100
1631 100
1632 100
1633 100
1634 100
1635 100
1636 100
1637 100
1638 100
1639 100
1640 42
1641 100
1642 100
1643 83
1644 99
1645 86
1646 100
1647 100
1648 100
1649 100
1650 100
1651 100
1652 100
1653 100
1654 100
1655 100
1656 100
1657 100
1658 100
1659 100
1660 100
1661 100
1662 100
1663 100
1664 100
1665 86
1666 100
1667 100
1668 100
1669 100
1670 100
1671 100
1672 100
1673 100
1674 100
1675 100
1676 100
1677 100
1678 100
1679 100
1680 100
1681 100
1682 40
1683 100
1684 100
1685 100
1686 100
1687 100
1688 99
1689 100
1690 100
1691 100
1692 100
1693 100
1694 88
1695 100
1696 100
1697 100
1698 100
1699 100
1700 100
1701 100
1702 100
1703 100
1704 100
1705 100
1706 100
1707 100
1708 100
1709 100
1710 100
1711 100
1712 100
1713 100
1714 99
1715 100
1716 100
1717 100
1718 99
1719 100
1720 100
1721 100
1722 100
1723 100
1724 100
1725 100
1726 100
1727 100
1728 100
1729 99
1730 99
1731 100
1732 100
1733 100
1734 100
1735 100
1736 99
1737 100
1738 100
1739 100
1740 100
1741 100
1742 100
1743 100
1744 100
1745 100
1746 100
1747 100
1748 100
1749 100
1750 100
1751 100
1752 100
1753 99
1754 100
1755 99
1756 100
1757 100
1758 100
1759 100
1760 100
1761 100
1762 100
1763 100
1764 100
1765 100
1766 100
1767 100
1768 100
1769 100
1770 100
1771 100
1772 100
1773 100
1774 100
1775 100
1776 100
1777 100
1778 100
1779 100
1780 100
1781 100
1782 100
1783 100
1784 100
1785 100
1786 100
1787 100
1788 100
1789 100
1790 100
1791 100
1792 100
1793 100
1794 100
1795 76
1796 100
1797 100
1798 100
1799 100
1800 100
1801 100
1802 100
1803 100
1804 100
1805 100
1806 100
1807 100
1808 100
1809 100
1810 100
1811 100
1812 100
1813 100
1814 100
1815 100
1816 100
1817 100
1818 100
1819 100
1820 99
1821 83
1822 100
1823 100
1824 100
1825 100
1826 100
1827 100
1828 100
1829 100
1830 100
1831 100
1832 100
1833 100
1834 100
1835 86
1836 100
1837 100
1838 100
1839 100
1840 100
1841 100
1842 83
1843 100
1844 100
1845 80
1846 100
1847 100
1848 100
1849 100
1850 99
1851 100
1852 100
1853 99
1854 100
1855 100
1856 100
1857 100
1858 100
1859 100
1860 100
1861 100
1862 100
1863 99
1864 100
1865 100
1866 100
1867 100
1868 100
1869 100
1870 100
1871 100
1872 100
1873 99
1874 103
1875 100
1876 100
1877 89
1878 100
1879 100
1880 100
1881 100
1882 100
1883 100
1884 100
1885 100
1886 100
1887 100
1888 100
1889 99
1890 100
1891 100
1892 100
1893 99
1894 100
1895 84
1896 100
1897 100
1898 100
1899 100
1900 100
1901 100
1902 100
1903 44
1904 100
1905 100
1906 100
1907 100
1908 100
1909 100
1910 100
1911 100
1912 100
1913 100
1914 100
1915 100
1916 100
1917 100
1918 100
1919 100
1920 100
1921 100
1922 100
1923 100
1924 100
1925 100
1926 100
1927 100
1928 100
1929 100
1930 100
1931 100
1932 100
1933 100
1934 100
1935 100
1936 100
1937 100
1938 100
1939 99
1940 100
1941 100
1942 99
1943 100
1944 100
1945 100
1946 100
1947 100
1948 100
1949 100
1950 100
1951 100
1952 100
1953 100
1954 100
1955 100
1956 99
1957 100
1958 100
1959 100
1960 100
1961 75
1962 100
1963 100
1964 100
1965 100
1966 100
1967 85
1968 100
1969 100
1970 100
1971 100
1972 100
1973 99
1974 99
1975 100
1976 100
1977 100
1978 100
1979 100
1980 100
1981 100
1982 100
1983 100
1984 100
1985 100
1986 100
1987 100
1988 100
1989 100
1990 99
1991 100
1992 21
1993 41
1994 99
1995 100
1996 100
1997 100
1998 100
1999 100
2000 100
2001 100
2002 100
2003 100
2004 100
2005 100
2006 100
2007 100
2008 100
2009 99
2010 100
2011 99
2012 100
2013 100
2014 100
2015 100
2016 100
2017 100
2018 100
2019 100
2020 100
2021 100
2022 100
2023 84
2024 100
2025 100
2026 100
2027 100
2028 100
2029 100
2030 100
2031 100
2032 78
2033 100
2034 99
2035 100
2036 100
2037 100
2038 100
2039 100
2040 100
2041 100
2042 100
2043 100
2044 99
2045 99
2046 100
2047 100
2048 99
2049 100
2050 100
2051 100
2052 100
2053 100
2054 100
2055 100
2056 100
2057 99
2058 100
2059 99
2060 100
2061 64
2062 100
2063 100
2064 100
2065 100
2066 100
2067 100
2068 100
2069 100
2070 100
2071 100
2072 54
2073 100
2074 100
2075 100
2076 99
2077 100
2078 100
2079 100
2080 100
2081 83
2082 100
2083 100
2084 100
2085 100
2086 98
2087 84
2088 100
2089 100
2090 100
2091 100
2092 100
2093 100
2094 100
2095 100
2096 100
2097 100
2098 100
2099 40
2100 100
2101 39
2102 100
2103 100
2104 84
2105 100
2106 100
2107 99
2108 100
2109 100
2110 100
2111 100
2112 100
2113 100
2114 100
2115 100
2116 100
2117 100
2118 100
2119 100
2120 100
2121 100
2122 100
2123 100
2124 100
2125 100
2126 100
2127 100
2128 100
2129 100
2130 99
2131 100
2132 100
2133 100
2134 100
2135 100
2136 100
2137 100
2138 99
2139 99
2140 100
2141 99
2142 100
2143 100
2144 100
2145 100
2146 85
2147 100
2148 100
2149 100
2150 100
2151 100
2152 100
2153 93
2154 99
2155 100
2156 100
2157 100
2158 100
2159 99
2160 64
2161 100
2162 99
2163 100
2164 93
2165 100
2166 99
2167 100
2168 100
2169 100
2170 100
2171 100
2172 100
2173 103
2174 100
2175 100
2176 100
2177 100
2178 100
2179 100
2180 100
2181 100
2182 100
2183 100
2184 100
2185 100
2186 69
2187 100
2188 100
2189 100
2190 100
2191 90
2192 100
2193 100
2194 21
2195 100
2196 100
2197 100
2198 100
2199 99
2200 100
2201 100
2202 100
2203 40
2204 100
2205 100
2206 100
2207 100
2208 100
2209 100
2210 100
2211 100
2212 100
2213 100
2214 100
2215 100
2216 64
2217 100
2218 100
2219 100
2220 100
2221 99
2222 100
2223 99
2224 99
2225 55
2226 100
2227 100
2228 100
2229 100
2230 100
2231 100
2232 99
2233 100
2234 100
2235 100
2236 85
2237 99
2238 100
2239 100
2240 100
2241 100
2242 100
2243 100
2244 103
2245 100
2246 100
2247 100
2248 97
2249 100
2250 100
2251 100
2252 100
2253 100
2254 100
2255 100
2256 100
2257 100
2258 41
2259 100
2260 99
2261 100
2262 100
2263 100
2264 99
2265 100
2266 100
2267 100
2268 100
2269 100
2270 100
2271 100
2272 100
2273 83
2274 100
2275 99
2276 100
2277 100
2278 99
2279 91
2280 100
2281 99
2282 100
2283 100
2284 99
2285 100
2286 100
2287 100
2288 99
2289 99
2290 100
2291 100
2292 100
2293 100
2294 99
2295 100
2296 100
2297 100
2298 100
2299 99
2300 100
2301 100
2302 100
2303 100
2304 99
2305 100
2306 81
2307 100
2308 100
2309 100
2310 100
2311 100
2312 100
2313 21
2314 99
2315 100
2316 100
2317 99
2318 100
2319 88
2320 100
2321 21
2322 100
2323 100
2324 100
2325 100
2326 100
2327 69
2328 94
2329 100
2330 100
2331 86
2332 99
2333 99
2334 100
2335 100
2336 100
2337 77
2338 100
2339 100
2340 100
2341 100
2342 100
2343 100
2344 100
2345 100
2346 100
2347 100
2348 100
2349 99
2350 100
2351 100
2352 100
2353 99
2354 100
2355 99
2356 100
2357 100
2358 100
2359 100
2360 100
2361 69
2362 100
2363 99
2364 99
2365 100
2366 93
2367 100
2368 100
2369 100
2370 100
2371 100
2372 100
2373 99
2374 100
2375 100
2376 23
2377 100
2378 100
2379 100
2380 100
2381 100
2382 100
2383 100
2384 100
2385 100
2386 100
2387 100
2388 100
2389 100
2390 100
2391 100
2392 100
2393 41
2394 100
2395 100
2396 100
2397 99
2398 99
2399 100
2400 99
2401 100
2402 99
2403 100
2404 100
2405 100
2406 100
2407 100
2408 100
2409 100
2410 100
2411 100
2412 100
2413 89
2414 100
2415 100
2416 100
2417 100
2418 100
2419 100
2420 100
2421 100
2422 100
2423 100
2424 61
2425 100
2426 100
2427 100
2428 99
2429 99
2430 100
2431 99
2432 99
2433 100
2434 54
2435 100
2436 100
2437 100
2438 100
2439 100
2440 100
2441 100
2442 86
2443 99
2444 99
2445 100
2446 73
2447 100
2448 100
2449 100
2450 100
2451 75
2452 100
2453 100
2454 99
2455 99
2456 100
2457 100
2458 99
2459 100
2460 100
2461 100
2462 100
2463 100
2464 100
2465 100
2466 99
2467 103
2468 100
2469 100
2470 100
2471 100
2472 100
2473 100
2474 100
2475 99
2476 100
2477 100
2478 100
2479 99
2480 99
2481 100
2482 61
2483 100
2484 100
2485 100
2486 100
2487 91
2488 100
2489 100
2490 99
2491 100
2492 100
2493 100
2494 84
2495 100
2496 100
2497 99
2498 100
2499 100
2500 100
2501 91
2502 100
2503 100
2504 100
2505 100
2506 100
2507 100
2508 100
2509 100
2510 100
2511 100
2512 100
2513 100
2514 100
2515 99
2516 100
2517 100
2518 100
2519 100
2520 99
2521 100
2522 100
2523 100
2524 99
2525 100
2526 100
2527 99
2528 100
2529 100
2530 99
2531 89
2532 100
2533 100
2534 100
2535 100
2536 100
2537 99
2538 100
2539 100
2540 100
2541 100
2542 99
2543 91
2544 100
2545 100
2546 100
2547 100
2548 100
2549 100
2550 100
2551 100
2552 100
2553 100
2554 89
2555 100
2556 99
2557 100
2558 100
2559 79
2560 100
2561 100
2562 100
2563 100
2564 100
2565 100
2566 100
2567 54
2568 100
2569 100
2570 100
2571 100
2572 100
2573 100
2574 100
2575 100
2576 100
2577 100
2578 100
2579 100
2580 100
2581 100
2582 100
2583 100
2584 100
2585 99
2586 100
2587 100
2588 100
2589 96
2590 99
2591 100
2592 100
2593 23
2594 100
2595 100
2596 99
2597 99
2598 100
2599 100
2600 100
2601 100
2602 100
2603 99
2604 99
2605 100
2606 100
2607 100
2608 100
2609 99
2610 100
2611 100
2612 100
2613 100
2614 100
2615 100
2616 100
2617 100
2618 100
2619 100
2620 100
2621 100
2622 100
2623 100
2624 100
2625 100
2626 98
2627 100
2628 100
2629 100
2630 99
2631 100
2632 100
2633 100
2634 100
2635 100
2636 73
2637 100
2638 100
2639 100
2640 100
2641 100
2642 99
2643 99
2644 100
2645 99
2646 99
2647 100
2648 98
2649 100
2650 100
2651 100
2652 100
2653 99
2654 100
2655 75
2656 100
2657 100
2658 100
2659 100
2660 99
2661 100
2662 100
2663 100
2664 100
2665 100
2666 100
2667 100
2668 100
2669 100
2670 100
2671 100
2672 100
2673 100
2674 100
2675 87
2676 100
2677 100
2678 99
2679 100
2680 100
2681 99
2682 100
2683 100
2684 100
2685 100
2686 100
2687 100
2688 100
2689 99
2690 100
2691 98
2692 100
2693 100
2694 100
2695 99
2696 99
2697 100
2698 100
2699 100
2700 100
2701 100
2702 100
2703 100
2704 99
2705 100
2706 100
2707 75
2708 99
2709 100
2710 100
2711 100
2712 99
2713 100
2714 100
2715 100
2716 100
2717 100
2718 100
2719 100
2720 100
2721 100
2722 100
2723 100
2724 99
2725 100
2726 100
2727 100
2728 100
2729 99
2730 100
2731 100
2732 100
2733 100
2734 99
2735 100
2736 100
2737 100
2738 100
2739 100
2740 100
2741 99
2742 100
2743 100
2744 100
2745 100
2746 99
2747 99
2748 100
2749 100
2750 100
2751 100
2752 100
2753 100
2754 99
2755 100
2756 100
2757 100
2758 100
2759 100
2760 99
2761 100
2762 94
2763 100
2764 100
2765 100
2766 100
2767 100
2768 23
2769 100
2770 100
2771 100
2772 100
2773 100
2774 99
2775 99
2776 100
2777 100
2778 100
2779 99
2780 100
2781 99
2782 99
2783 100
2784 99
2785 100
2786 100
2787 99
2788 99
2789 100
2790 100
2791 100
2792 100
2793 100
2794 100
2795 100
2796 100
2797 89
2798 100
2799 100
2800 99
2801 100
2802 100
2803 100
2804 100
2805 96
2806 100
2807 100
2808 100
2809 100
2810 100
2811 99
2812 99
2813 100
2814 100
2815 100
2816 100
2817 100
2818 100
2819 100
2820 100
2821 77
2822 100
2823 94
2824 100
2825 100
2826 100
2827 100
2828 100
2829 100
2830 100
2831 100
2832 87
2833 99
2834 99
2835 100
2836 100
2837 100
2838 100
2839 100
2840 100
2841 100
2842 100
2843 100
2844 100
2845 100
2846 100
2847 99
2848 100
2849 91
2850 99
2851 100
2852 100
2853 100
2854 100
2855 99
2856 100
2857 100
2858 100
2859 97
2860 100
2861 100
2862 100
2863 87
2864 99
2865 100
2866 100
2867 100
2868 100
2869 100
2870 100
2871 100
2872 100
2873 72
2874 100
2875 100
2876 100
2877 100
2878 99
2879 99
2880 100
2881 46
2882 100
2883 100
2884 100
2885 100
2886 99
2887 100
2888 100
2889 100
2890 87
2891 100
2892 100
2893 99
2894 100
2895 100
2896 99
2897 100
2898 100
2899 100
2900 99
2901 100
2902 93
2903 100
2904 100
2905 100
2906 99
2907 99
2908 100
2909 99
2910 100
2911 100
2912 100
2913 100
2914 87
2915 96
2916 100
2917 100
2918 87
2919 100
2920 100
2921 100
2922 99
2923 99
2924 30
2925 93
2926 100
2927 100
2928 100
2929 100
2930 75
2931 100
2932 99
2933 99
2934 93
2935 100
2936 100
2937 99
2938 100
2939 100
2940 100
2941 97
2942 100
2943 100
2944 99
2945 99
2946 99
2947 99
2948 99
2949 100
2950 103
2951 100
2952 100
2953 46
2954 100
2955 100
2956 32
2957 100
2958 100
2959 100
2960 100
2961 100
2962 100
2963 100
2964 100
2965 100
2966 100
2967 100
2968 100
2969 100
2970 99
2971 100
2972 73
2973 100
2974 100
2975 100
2976 100
2977 100
2978 99
2979 100
2980 99
2981 99
2982 100
2983 100
2984 99
2985 100
2986 100
2987 100
2988 100
2989 77
2990 79
2991 100
2992 100
2993 100
2994 100
2995 100
2996 100
2997 99
2998 100
2999 100
3000 103
3001 99
3002 100
3003 77
3004 99
3005 100
3006 100
3007 100
3008 100
3009 100
3010 100
3011 100
3012 100
3013 100
3014 90
3015 99
3016 100
3017 75
3018 100
3019 100
3020 100
3021 100
3022 100
3023 100
3024 100
3025 97
3026 99
3027 100
3028 32
3029 100
3030 100
3031 99
3032 100
3033 100
3034 100
3035 100
3036 72
3037 100
3038 100
3039 100
3040 99
3041 100
3042 100
3043 99
3044 100
3045 100
3046 72
3047 99
3048 100
3049 100
3050 100
3051 100
3052 100
3053 100
3054 90
3055 100
3056 100
3057 99
3058 100
3059 99
3060 100
3061 100
3062 100
3063 100
3064 99
3065 100
3066 100
3067 100
3068 99
3069 100
3070 100
3071 99
3072 99
3073 99
3074 100
3075 100
3076 90
3077 100
3078 100
3079 99
3080 100
3081 100
3082 100
3083 100
3084 100
3085 99
3086 100
3087 100
3088 100
3089 100
3090 72
3091 100
3092 100
3093 99
3094 100
3095 93
3096 100
3097 100
3098 100
3099 100
3100 100
3101 79
3102 100
3103 100
3104 98
3105 100
3106 100
3107 100
3108 100
3109 99
3110 99
3111 100
3112 100
3113 99
3114 100
3115 99
3116 95
3117 100
3118 99
3119 99
3120 99
3121 100
3122 100
3123 90
3124 87
3125 99
3126 87
3127 100
3128 100
3129 100
3130 102
3131 100
3132 103
3133 95
3134 102
3135 103
3136 100
3137 99
3138 100
3139 100
3140 100
3141 100
3142 100
3143 100
3144 100
3145 100
3146 100
3147 100
3148 99
3149 99
3150 100
3151 100
3152 100
3153 100
3154 67
3155 99
3156 100
3157 99
3158 99
3159 100
3160 99
3161 30
3162 100
3163 100
3164 100
3165 99
3166 99
3167 100
3168 100
3169 65
3170 100
3171 100
3172 97
3173 79
3174 100
3175 100
3176 100
3177 100
3178 99
3179 100
3180 99
3181 100
3182 100
3183 102
3184 100
3185 99
3186 100
3187 100
3188 100
3189 103
3190 99
3191 100
3192 93
3193 98
3194 77
3195 100
3196 99
3197 99
3198 100
3199 100
3200 100
3201 99
3202 99
3203 100
3204 99
3205 65
3206 99
3207 100
3208 95
3209 100
3210 100
3211 93
3212 103
3213 32
3214 93
3215 32
3216 100
3217 99
3218 99
3219 103
3220 99
3221 97
3222 100
3223 99
3224 99
3225 99
3226 65
3227 93
3228 99
3229 100
3230 100
3231 100
3232 100
3233 100
3234 99
3235 103
3236 100
3237 100
3238 100
3239 67
3240 100
3241 30
3242 67
3243 43
3244 99
3245 100
3246 99
3247 100
3248 100
3249 100
3250 93
3251 99
3252 100
3253 67
3254 100
3255 43
3256 100
3257 93
3258 100
3259 99
3260 100
3261 32
3262 100
3263 99
3264 100
3265 14
3266 99
3267 77
3268 99
3269 100
3270 100
3271 99
3272 100
3273 100
3274 99
3275 100
3276 97
3277 99
3278 87
3279 100
3280 95
3281 99
3282 100
3283 100
3284 100
3285 100
3286 100
3287 100
3288 97
3289 100
3290 100
3291 97
3292 99
3293 28
3294 99
3295 99
3296 100
3297 99
3298 65
3299 99
3300 102
3301 100
3302 90
3303 100
3304 99
3305 100
3306 100
3307 100
3308 100
3309 100
3310 100
3311 100
3312 100
3313 99
3314 87
3315 99
3316 100
3317 53
3318 100
3319 103
3320 95
3321 100
3322 100
3323 65
3324 99
3325 14
3326 99
3327 100
3328 100
3329 100
3330 100
3331 100
3332 92
3333 93
3334 100
3335 100
3336 100
3337 99
3338 99
3339 92
3340 100
3341 99
3342 100
3343 100
3344 95
3345 53
3346 100
3347 100
3348 100
3349 53
3350 100
3351 100
3352 100
3353 95
3354 100
3355 99
3356 99
3357 100
3358 103
3359 53
3360 99
3361 100
3362 99
3363 100
3364 99
3365 100
3366 97
3367 99
3368 100
3369 100
3370 97
3371 93
3372 100
3373 100
3374 99
3375 100
3376 99
3377 43
3378 100
3379 100
3380 100
3381 93
3382 100
3383 100
3384 92
3385 100
3386 65
3387 99
3388 100
3389 100
3390 100
3391 100
3392 14
3393 100
3394 100
3395 99
3396 100
3397 93
3398 100
3399 100
3400 100
3401 95
3402 92
3403 100
3404 100
3405 28
3406 0
3407 100
3408 100
3409 100
3410 99
3411 99
3412 101
3413 99
3414 100
3415 67
3416 100
3417 100
3418 100
3419 99
3420 100
3421 100
3422 100
3423 100
3424 100
3425 100
3426 100
3427 45
3428 100
3429 99
3430 99
3431 93
3432 100
3433 100
3434 99
3435 100
3436 100
3437 99
3438 97
3439 53
3440 103
3441 103
3442 100
3443 100
3444 100
3445 99
3446 28
3447 100
3448 100
3449 100
3450 100
3451 100
3452 99
3453 100
3454 101
3455 101
3456 92
3457 103
3458 100
3459 100
3460 93
3461 100
3462 100
3463 100
3464 97
3465 100
3466 100
3467 100
3468 28
3469 100
3470 100
3471 100
3472 100
3473 100
3474 100
3475 19
3476 97
3477 99
3478 15
3479 100
3480 65
3481 45
3482 100
3483 99
3484 100
3485 100
3486 53
3487 100
3488 100
3489 100
3490 95
3491 100
3492 99
3493 100
3494 99
3495 100
3496 19
3497 93
3498 100
3499 97
3500 100
3501 3
3502 100
3503 100
3504 100
3505 100
3506 68
3507 101
3508 0
3509 100
3510 100
3511 100
3512 99
3513 99
3514 95
3515 100
3516 99
3517 100
3518 100
3519 100
3520 15
3521 99
3522 100
3523 99
3524 100
3525 99
3526 19
3527 100
3528 100
3529 3
3530 99
3531 100
3532 100
3533 26
3534 15
3535 99
3536 97
3537 99
3538 100
3539 3
3540 100
3541 100
3542 99
3543 100
3544 100
3545 100
3546 26
3547 99
3548 100
3549 100
3550 26
3551 19
3552 15
3553 103
3554 99
3555 101
3556 100
3557 99
3558 100
3559 82
3560 82
3561 100
3562 15
3563 103
3564 97
3565 100
3566 100
3567 100
3568 92
3569 68
3570 100
3571 100
3572 100
3573 99
3574 100
3575 100
3576 45
3577 100
3578 26
3579 97
3580 100
3581 100
3582 101
3583 99
3584 100
3585 99
3586 29
3587 100
3588 100
3589 24
3590 0
3591 29
3592 100
3593 100
3594 100
3595 28
3596 65
3597 100
3598 103
3599 92
3600 100
3601 103
3602 101
3603 100
3604 101
3605 15
3606 101
3607 45
3608 26
3609 100
3610 97
3611 100
3612 100
3613 100
3614 93
3615 100
3616 100
3617 93
3618 100
3619 100
3620 99
3621 82
3622 100
3623 100
3624 99
3625 103
3626 65
3627 99
3628 100
3629 99
3630 100
3631 92
3632 68
3633 92
3634 100
3635 0
3636 100
3637 45
3638 99
3639 99
3640 100
3641 100
3642 99
3643 100
3644 99
3645 74
3646 100
3647 99
3648 99
3649 97
3650 56
3651 97
3652 100
3653 100
3654 100
3655 99
3656 100
3657 100
3658 99
3659 99
3660 15
3661 56
3662 100
3663 100
3664 100
3665 100
3666 99
3667 100
3668 100
3669 100
3670 74
3671 99
3672 56
3673 68
3674 100
3675 103
3676 100
3677 100
3678 99
3679 99
3680 29
3681 103
3682 100
3683 68
3684 100
3685 100
3686 99
3687 100
3688 99
3689 99
3690 99
3691 24
3692 100
3693 100
3694 100
3695 102
3696 99
3697 100
3698 100
3699 100
3700 99
3701 100
3702 100
3703 100
3704 100
3705 101
3706 102
3707 74
3708 99
3709 68
3710 99
3711 24
3712 100
3713 100
3714 102
3715 100
3716 100
3717 99
3718 100
3719 101
3720 99
3721 99
3722 102
3723 100
3724 15
3725 100
3726 99
3727 102
3728 99
3729 99
3730 101
3731 100
3732 99
3733 102
3734 99
3735 99
3736 102
3737 45
3738 100
3739 82
3740 100
3741 100
3742 100
3743 100
3744 99
3745 100
3746 99
3747 99
3748 99
3749 82
3750 99
3751 99
3752 103
3753 101
3754 100
3755 101
3756 100
3757 103
3758 100
3759 82
3760 45
3761 101
3762 99
3763 101
3764 99
3765 100
3766 99
3767 100
3768 100
3769 99
3770 100
3771 99
3772 99
3773 99
3774 100
3775 10
3776 100
3777 27
3778 100
3779 10
3780 99
3781 74
3782 47
3783 100
3784 102
3785 82
3786 99
3787 7
3788 100
3789 100
3790 7
3791 18
3792 56
3793 99
3794 100
3795 100
3796 47
3797 99
3798 27
3799 100
3800 100
3801 99
3802 100
3803 100
3804 99
3805 36
3806 100
3807 103
3808 103
3809 100
3810 100
3811 56
3812 99
3813 99
3814 100
3815 100
3816 74
3817 99
3818 18
3819 99
3820 27
3821 100
3822 7
3823 99
3824 74
3825 99
3826 100
3827 99
3828 99
3829 27
3830 10
3831 100
3832 82
3833 10
3834 99
3835 99
3836 99
3837 99
3838 12
3839 99
3840 99
3841 99
3842 1
3843 99
3844 18
3845 99
3846 74
3847 74
3848 38
3849 99
3850 47
3851 99
3852 74
3853 82
3854 100
3855 47
3856 12
3857 99
3858 38
3859 99
3860 82
3861 82
3862 74
3863 12
3864 9
3865 99
3866 100
3867 1
3868 100
3869 12
3870 74
3871 13
3872 13
3873 99
3874 99
3875 17
3876 47
3877 25
3878 100
3879 71
3880 71
3881 100
3882 99
3883 99
3884 99
3885 38
3886 99
3887 71
3888 99
3889 52
3890 25
3891 100
3892 9
3893 1
3894 71
3895 20
3896 99
3897 2
3898 13
3899 25
3900 36
3901 36
3902 100
3903 20
3904 47
3905 13
3906 12
3907 71
3908 33
3909 52
3910 99
3911 99
3912 37
3913 37
3914 71
3915 99
3916 52
3917 38
3918 33
3919 11
3920 52
3921 38
3922 17
3923 99
3924 37
3925 99
3926 52
3927 13
3928 2
3929 2
3930 13
3931 33
3932 52
3933 17
3934 12
3935 97
3936 25
3937 25
3938 52
3939 37
3940 2
3941 8
3942 8
3943 33
3944 22
3945 36
3946 52
3947 99
3948 97
3949 9
3950 9
3951 8
3952 1
3953 2
3954 11
3955 22
3956 52
3957 25
3958 4
3959 71
3960 17
3961 33
3962 97
3963 37
3964 36
3965 25
3966 38
3967 97
3968 36
3969 20
3970 71
3971 71
3972 11
3973 20
3974 4
3975 99
3976 1
3977 4
3978 11
3979 11
3980 52
3981 22
3982 8
3983 4
3984 17
3985 37
3986 52
3987 22
3988 25
3989 37
3990 11
3991 8
3992 97
3993 37
3994 20
3995 74
3996 2
3997 36
3998 97
3999 52
4000 97
