Time:27.401304960250854
NMI:0.3779430680397442
ARI:0.04231879135093495
1 0
2 0
3 0
4 1
5 2
6 0
7 3
8 4
9 5
10 6
11 7
12 8
13 9
14 10
15 11
16 39
17 39
18 12
19 13
20 14
21 31
22 15
23 17
24 16
25 31
26 17
27 31
28 42
29 18
30 19
31 20
32 21
33 25
34 26
35 61
36 61
37 41
38 61
39 61
40 61
41 27
42 42
43 28
44 29
45 30
46 31
47 32
48 33
49 34
50 35
51 36
52 37
53 38
54 45
55 42
56 39
57 40
58 43
59 22
60 73
61 73
62 66
63 73
64 73
65 63
66 63
67 46
68 48
69 65
70 64
71 49
72 23
73 47
74 50
75 51
76 55
77 52
78 44
79 59
80 53
81 54
82 71
83 55
84 56
85 57
86 24
87 73
88 74
89 73
90 73
91 69
92 60
93 72
94 73
95 73
96 73
97 71
98 71
99 74
100 58
101 68
102 67
103 62
104 70
105 70
