Time:30.93148636817932
NMI:0.3399820822122267
ARI:6.86766018817389e-05
1 0
2 1
3 2
4 3
5 4
6 5
7 6
8 7
9 8
10 9
11 10
12 11
13 12
14 13
15 14
16 15
17 16
18 17
19 18
20 19
21 20
22 21
23 22
24 23
25 24
26 25
27 26
28 27
29 28
30 29
31 30
32 31
33 35
34 36
35 78
36 37
37 56
38 38
39 52
40 53
41 39
42 40
43 41
44 42
45 43
46 44
47 45
48 46
49 47
50 48
51 49
52 50
53 51
54 60
55 57
56 54
57 55
58 58
59 32
60 82
61 83
62 84
63 85
64 86
65 80
66 80
67 61
68 80
69 81
70 80
71 63
72 33
73 62
74 64
75 65
76 66
77 67
78 59
79 76
80 68
81 69
82 95
83 70
84 71
85 72
86 34
87 73
88 96
89 90
90 91
91 92
92 77
93 97
94 74
95 98
96 87
97 93
98 94
99 99
100 75
101 89
102 88
103 79
104 80
105 80
