Time:30.905858993530273
NMI:0.3657521681387597
ARI:0.03180311863198279
1 0
2 0
3 0
4 1
5 2
6 0
7 3
8 4
9 5
10 6
11 7
12 8
13 9
14 10
15 11
16 45
17 45
18 12
19 13
20 14
21 15
22 16
23 17
24 18
25 36
26 19
27 36
28 20
29 21
30 22
31 23
32 24
33 28
34 29
35 69
36 30
37 47
38 44
39 44
40 44
41 31
42 32
43 33
44 34
45 35
46 36
47 37
48 38
49 39
50 40
51 41
52 42
53 43
54 51
55 48
56 45
57 46
58 49
59 25
60 79
61 79
62 79
63 79
64 79
65 71
66 72
67 52
68 54
69 74
70 73
71 55
72 26
73 53
74 56
75 57
76 58
77 59
78 50
79 67
80 60
81 61
82 81
83 62
84 63
85 64
86 27
87 65
88 82
89 77
90 77
91 78
92 68
93 83
94 79
95 79
96 75
97 79
98 79
99 84
100 66
101 76
102 79
103 70
104 80
105 80
