Time:1.0541510581970215
nmi:0.4857487205479849
ari:0.5054371785775472
nf1:0.426
#com:5
1 3
2 3
3 3
4 0
5 3
6 3
7 0
8 3
9 0
10 0
11 0
12 0
13 0
14 0
15 0
16 0
17 0
18 0
19 0
20 0
21 0
22 0
23 0
24 0
25 0
26 0
27 0
28 0
29 4
30 0
31 4
32 4
33 0
34 0
35 1
36 1
37 1
38 1
39 1
40 1
41 0
42 0
43 0
44 0
45 0
46 0
47 0
48 0
49 0
50 0
51 0
52 3
53 3
54 0
55 0
56 0
57 0
58 0
59 3
60 2
61 2
62 4
63 2
64 2
65 3
66 3
67 4
68 3
69 3
70 3
71 4
72 4
73 4
74 4
75 4
76 4
77 4
78 4
79 4
80 4
81 4
82 4
83 4
84 4
85 4
86 3
87 4
88 4
89 4
90 4
91 4
92 4
93 4
94 4
95 4
96 4
97 4
98 4
99 4
100 2
101 4
102 4
103 4
104 3
105 3
