Time:28.021785974502563
NMI:0.380441266918572
ARI:0.05224548246802494
1 0
2 0
3 0
4 1
5 2
6 0
7 3
8 4
9 5
10 6
11 7
12 8
13 9
14 10
15 11
16 39
17 39
18 12
19 13
20 14
21 31
22 15
23 17
24 16
25 31
26 17
27 31
28 42
29 18
30 19
31 20
32 21
33 25
34 26
35 62
36 62
37 41
38 62
39 62
40 62
41 27
42 42
43 28
44 29
45 30
46 31
47 32
48 33
49 34
50 35
51 36
52 37
53 38
54 45
55 42
56 39
57 40
58 43
59 22
60 73
61 73
62 67
63 73
64 73
65 64
66 64
67 46
68 48
69 66
70 65
71 49
72 23
73 47
74 50
75 51
76 55
77 52
78 44
79 60
80 53
81 54
82 73
83 55
84 56
85 57
86 24
87 73
88 74
89 73
90 73
91 70
92 61
93 72
94 58
95 73
96 73
97 73
98 73
99 74
100 59
101 69
102 68
103 63
104 71
105 71
