Time:30.142326831817627
NMI:0.3629635492199176
ARI:0.017350460414693063
1 0
2 0
3 0
4 1
5 2
6 0
7 3
8 4
9 5
10 6
11 7
12 8
13 9
14 10
15 11
16 42
17 42
18 12
19 13
20 14
21 15
22 16
23 18
24 17
25 33
26 18
27 33
28 45
29 19
30 20
31 21
32 22
33 26
34 27
35 65
36 28
37 44
38 41
39 41
40 41
41 29
42 45
43 30
44 31
45 32
46 33
47 34
48 35
49 36
50 37
51 38
52 39
53 40
54 48
55 45
56 42
57 43
58 46
59 23
60 71
61 71
62 70
63 71
64 71
65 67
66 67
67 49
68 51
69 69
70 68
71 52
72 24
73 50
74 53
75 54
76 58
77 55
78 47
79 63
80 56
81 57
82 78
83 58
84 59
85 60
86 25
87 71
88 79
89 75
90 75
91 76
92 64
93 80
94 61
95 81
96 72
97 78
98 78
99 82
100 62
101 74
102 73
103 66
104 77
105 77
