Time:1.479572057723999
NMI:0.36967835533341054
ARI:0.026808508697192538
1 0
2 0
3 0
4 1
5 2
6 0
7 3
8 4
9 5
10 6
11 7
12 8
13 9
14 10
15 11
16 40
17 40
18 12
19 13
20 14
21 32
22 15
23 17
24 16
25 32
26 17
27 32
28 43
29 18
30 19
31 20
32 21
33 25
34 26
35 63
36 27
37 42
38 63
39 63
40 63
41 28
42 43
43 29
44 30
45 31
46 32
47 33
48 34
49 35
50 36
51 37
52 38
53 39
54 46
55 43
56 40
57 41
58 44
59 22
60 72
61 72
62 68
63 72
64 72
65 65
66 65
67 47
68 49
69 67
70 66
71 50
72 23
73 48
74 51
75 52
76 56
77 53
78 45
79 61
80 54
81 55
82 75
83 56
84 57
85 58
86 24
87 72
88 78
89 72
90 72
91 73
92 62
93 76
94 59
95 77
96 69
97 75
98 75
99 78
100 60
101 71
102 70
103 64
104 74
105 74
