Time:0.8803191184997559
nmi:0.2398849052392057
ari:0.10146918876984785
nf1:0.13511111111111113
#com:5
1 3
2 3
3 3
4 4
5 3
6 3
7 4
8 3
9 0
10 4
11 4
12 4
13 0
14 0
15 4
16 4
17 4
18 0
19 4
20 4
21 4
22 4
23 4
24 0
25 4
26 4
27 4
28 0
29 4
30 4
31 4
32 4
33 0
34 0
35 1
36 1
37 1
38 1
39 1
40 1
41 0
42 0
43 0
44 0
45 0
46 4
47 4
48 0
49 4
50 4
51 4
52 3
53 3
54 4
55 0
56 4
57 0
58 4
59 3
60 2
61 2
62 4
63 2
64 2
65 3
66 3
67 4
68 3
69 3
70 3
71 4
72 4
73 4
74 4
75 4
76 4
77 4
78 4
79 4
80 4
81 4
82 4
83 4
84 4
85 4
86 3
87 4
88 4
89 4
90 4
91 4
92 4
93 4
94 4
95 4
96 4
97 4
98 4
99 4
100 4
101 4
102 4
103 4
104 3
105 3
