Time:1.076603889465332
nmi:0.3364351997761659
ari:0.33796766650363225
nf1:0.39
#com:5
1 2
2 2
3 2
4 3
5 2
6 2
7 3
8 2
9 3
10 3
11 3
12 3
13 3
14 3
15 3
16 3
17 3
18 3
19 3
20 3
21 3
22 3
23 3
24 3
25 3
26 3
27 3
28 3
29 4
30 3
31 4
32 4
33 3
34 3
35 0
36 0
37 0
38 0
39 0
40 0
41 3
42 3
43 3
44 3
45 3
46 3
47 3
48 3
49 3
50 2
51 3
52 2
53 2
54 3
55 3
56 3
57 3
58 3
59 2
60 1
61 1
62 3
63 1
64 1
65 2
66 2
67 4
68 2
69 2
70 2
71 4
72 4
73 4
74 4
75 4
76 4
77 4
78 4
79 4
80 4
81 4
82 4
83 4
84 4
85 4
86 2
87 4
88 4
89 4
90 4
91 4
92 4
93 4
94 3
95 3
96 3
97 4
98 4
99 4
100 1
101 4
102 3
103 3
104 2
105 2
