Time:34.58835983276367
NMI:0.3617180140080405
ARI:0.016235698428528195
1 0
2 0
3 0
4 1
5 2
6 0
7 3
8 4
9 5
10 6
11 7
12 8
13 9
14 10
15 11
16 43
17 43
18 12
19 13
20 14
21 15
22 16
23 18
24 17
25 34
26 18
27 34
28 30
29 19
30 20
31 21
32 22
33 26
34 27
35 65
36 28
37 45
38 42
39 42
40 42
41 29
42 30
43 31
44 32
45 33
46 34
47 35
48 36
49 37
50 38
51 39
52 40
53 41
54 48
55 30
56 43
57 44
58 46
59 23
60 71
61 71
62 70
63 71
64 71
65 67
66 67
67 49
68 51
69 69
70 68
71 52
72 24
73 50
74 53
75 54
76 58
77 55
78 47
79 63
80 56
81 57
82 79
83 58
84 59
85 60
86 25
87 71
88 80
89 75
90 75
91 76
92 64
93 81
94 61
95 82
96 72
97 77
98 77
99 83
100 62
101 74
102 73
103 66
104 78
105 78
