Time:6.1689112186431885
NMI:0.4125885523817098
ARI:0.3122902359109088
#com:12
1 0
2 0
3 0
4 1
5 0
6 0
7 0
8 0
9 1
10 1
11 2
12 1
13 1
14 1
15 1
16 2
17 2
18 1
19 1
20 3
21 4
22 1
23 5
24 1
25 1
26 5
27 1
28 1
29 6
30 0
31 6
32 6
33 1
34 2
35 2
36 2
37 1
38 2
39 2
40 2
41 1
42 1
43 8
44 8
45 1
46 1
47 1
48 1
49 4
50 4
51 1
52 7
53 7
54 1
55 1
56 3
57 3
58 4
59 7
60 10
61 10
62 11
63 10
64 10
65 7
66 7
67 6
68 9
69 7
70 7
71 6
72 6
73 6
74 6
75 6
76 6
77 6
78 6
79 6
80 6
81 6
82 6
83 6
84 6
85 6
86 7
87 6
88 6
89 6
90 6
91 6
92 6
93 6
94 6
95 11
96 11
97 6
98 6
99 6
100 10
101 6
102 11
103 11
104 9
105 9
