Time:5571.732528924942
NMI:0.27824958182337106
ARI:0.25820868233398947
#com:2121 0
2 0
3 1
4 0
5 0
6 2
7 0
8 0
9 0
10 0
11 0
12 0
13 0
14 0
15 3
16 0
17 0
18 0
19 0
20 0
21 0
22 0
23 0
24 0
25 4
26 5
27 5
28 0
29 0
30 0
31 0
32 0
33 0
34 0
35 0
36 0
37 0
38 0
39 0
40 6
41 7
42 0
43 0
44 0
45 0
46 0
47 0
48 0
49 8
50 0
51 0
52 0
53 0
54 0
55 0
56 0
57 0
58 9
59 0
60 0
61 0
62 0
63 145
64 0
65 145
66 63
67 5
68 13
69 13
70 0
71 0
72 30
73 0
74 0
75 0
76 0
77 0
78 30
79 0
80 0
81 31
82 0
83 0
84 0
85 0
86 0
87 14
88 0
89 0
90 30
91 0
92 0
93 0
94 0
95 176
96 0
97 0
98 0
99 0
100 0
101 0
102 5
103 5
104 5
105 65
106 65
107 0
108 0
109 0
110 0
111 0
112 0
113 0
114 0
115 0
116 0
117 0
118 0
119 14
120 32
121 0
122 0
123 0
124 0
125 0
126 0
127 33
128 0
129 0
130 86
131 0
132 0
133 0
134 0
135 0
136 0
137 0
138 0
139 5
140 5
141 5
142 0
143 0
144 0
145 5
146 0
147 0
148 5
149 0
150 0
151 0
152 0
153 0
154 0
155 0
156 0
157 0
158 5
159 5
160 5
161 5
162 5
163 5
164 5
165 5
166 5
167 5
168 5
169 5
170 5
171 5
172 15
173 22
174 53
175 34
176 0
177 0
178 0
179 0
180 7
181 0
182 0
183 60
184 10
185 13
186 0
187 0
188 0
189 0
190 5
191 0
192 0
193 0
194 0
195 0
196 0
197 0
198 0
199 0
200 0
201 0
202 0
203 66
204 5
205 9
206 0
207 16
208 5
209 130
210 130
211 92
212 0
213 0
214 11
215 0
216 5
217 12
218 0
219 1
220 0
221 1
222 5
223 5
224 0
225 5
226 0
227 80
228 0
229 5
230 0
231 0
232 0
233 0
234 17
235 18
236 19
237 0
238 0
239 20
240 0
241 20
242 0
243 21
244 0
245 0
246 22
247 23
248 24
249 5
250 25
251 0
252 0
253 0
254 26
255 0
256 0
257 0
258 27
259 28
260 5
261 5
262 29
263 5
264 3
265 0
266 0
267 0
268 0
269 0
270 35
271 0
272 0
273 0
274 0
275 0
276 134
277 67
278 15
279 15
280 5
281 36
282 0
283 36
284 0
285 5
286 129
287 0
288 0
289 0
290 0
291 37
292 0
293 0
294 0
295 26
296 0
297 9
298 0
299 0
300 0
301 0
302 38
303 10
304 39
305 161
306 5
307 5
308 144
309 128
310 5
311 8
312 5
313 10
314 146
315 132
316 132
317 99
318 0
319 0
320 0
321 0
322 108
323 0
324 0
325 0
326 0
327 124
328 0
329 0
330 38
331 0
332 39
333 35
334 0
335 172
336 68
337 31
338 40
339 0
340 0
341 0
342 63
343 41
344 68
345 74
346 139
347 139
348 0
349 69
350 69
351 10
352 129
353 0
354 0
355 0
356 42
357 0
358 43
359 44
360 138
361 138
362 0
363 18
364 54
365 0
366 0
367 0
368 45
369 6
370 46
371 0
372 0
373 47
374 0
375 0
376 48
377 0
378 0
379 11
380 34
381 4
382 0
383 0
384 5
385 49
386 49
387 47
388 0
389 0
390 50
391 0
392 51
393 0
394 0
395 0
396 0
397 0
398 0
399 52
400 12
401 0
402 0
403 0
404 5
405 0
406 0
407 53
408 54
409 0
410 0
411 0
412 55
413 5
414 5
415 5
416 0
417 5
418 5
419 5
420 0
421 56
422 5
423 5
424 57
425 5
426 58
427 5
428 59
429 5
430 131
431 131
432 5
433 10
434 143
435 143
436 49
437 22
438 25
439 22
440 22
441 88
442 88
443 42
444 2
445 0
446 0
447 0
448 0
449 0
450 3
451 0
452 172
453 0
454 0
455 134
456 0
457 134
458 134
459 134
460 126
461 5
462 98
463 98
464 98
465 98
466 43
467 89
468 71
469 42
470 5
471 89
472 73
473 42
474 61
475 62
476 41
477 19
478 0
479 0
480 0
481 37
482 41
483 0
484 61
485 67
486 162
487 0
488 90
489 90
490 0
491 0
492 169
493 65
494 70
495 168
496 117
497 12
498 67
499 0
500 5
501 0
502 5
503 5
504 71
505 40
506 94
507 94
508 60
509 66
510 14
511 33
512 12
513 72
514 5
515 46
516 5
517 63
518 64
519 6
520 182
521 0
522 0
523 0
524 37
525 0
526 5
527 5
528 5
529 5
530 109
531 5
532 5
533 5
534 5
535 73
536 5
537 100
538 5
539 5
540 174
541 5
542 5
543 5
544 5
545 5
546 5
547 140
548 5
549 5
550 5
551 5
552 5
553 5
554 5
555 5
556 5
557 5
558 5
559 5
560 5
561 5
562 5
563 5
564 5
565 62
566 44
567 0
568 40
569 93
570 71
571 93
572 9
573 29
574 180
575 5
576 147
577 147
578 5
579 45
580 75
581 4
582 0
583 5
584 38
585 5
586 33
587 0
588 5
589 5
590 87
591 182
592 0
593 0
594 0
595 0
596 74
597 0
598 0
599 0
600 48
601 75
602 3
603 5
604 0
605 34
606 76
607 76
608 16
609 77
610 78
611 0
612 0
613 0
614 78
615 0
616 17
617 0
618 5
619 79
620 80
621 5
622 5
623 5
624 5
625 5
626 5
627 5
628 81
629 82
630 5
631 5
632 5
633 5
634 5
635 5
636 83
637 5
638 84
639 34
640 51
641 85
642 0
643 0
644 17
645 55
646 0
647 5
648 101
649 5
650 5
651 5
652 5
653 5
654 5
655 5
656 5
657 5
658 5
659 17
660 57
661 91
662 5
663 196
664 193
665 9
666 0
667 133
668 5
669 210
670 210
671 0
672 89
673 200
674 5
675 5
676 211
677 211
678 92
679 5
680 0
681 0
682 0
683 169
684 77
685 0
686 0
687 5
688 148
689 148
690 5
691 102
692 32
693 5
694 168
695 168
696 5
697 0
698 173
699 92
700 5
701 6
702 0
703 0
704 135
705 0
706 0
707 0
708 71
709 4
710 6
711 5
712 5
713 185
714 5
715 5
716 5
717 5
718 8
719 0
720 0
721 0
722 72
723 85
724 103
725 104
726 5
727 5
728 5
729 64
730 177
731 188
732 5
733 5
734 5
735 105
736 105
737 5
738 23
739 170
740 20
741 92
742 0
743 5
744 5
745 5
746 0
747 136
748 106
749 11
750 181
751 5
752 0
753 5
754 5
755 190
756 164
757 50
758 135
759 5
760 207
761 207
762 5
763 5
764 5
765 5
766 137
767 0
768 171
769 171
770 191
771 5
772 70
773 50
774 0
775 0
776 21
777 21
778 0
779 0
780 92
781 38
782 135
783 86
784 107
785 5
786 149
787 5
788 5
789 92
790 5
791 127
792 5
793 24
794 175
795 133
796 0
797 4
798 5
799 5
800 9
801 9
802 0
803 168
804 4
805 0
806 108
807 5
808 5
809 5
810 0
811 5
812 0
813 0
814 5
815 0
816 92
817 5
818 5
819 141
820 5
821 91
822 5
823 5
824 28
825 95
826 109
827 5
828 5
829 198
830 5
831 0
832 95
833 92
834 5
835 146
836 5
837 52
838 5
839 5
840 5
841 150
842 150
843 5
844 5
845 5
846 5
847 5
848 5
849 155
850 5
851 5
852 192
853 5
854 5
855 5
856 151
857 5
858 58
859 173
860 0
861 0
862 5
863 170
864 201
865 5
866 110
867 5
868 0
869 5
870 5
871 186
872 0
873 0
874 205
875 191
876 5
877 176
878 148
879 5
880 96
881 97
882 56
883 92
884 9
885 142
886 183
887 5
888 0
889 13
890 152
891 5
892 111
893 197
894 111
895 142
896 5
897 5
898 153
899 5
900 112
901 5
902 5
903 187
904 199
905 5
906 5
907 181
908 5
909 196
910 5
911 123
912 5
913 79
914 113
915 5
916 5
917 188
918 5
919 153
920 154
921 5
922 5
923 5
924 117
925 5
926 5
927 192
928 5
929 83
930 203
931 203
932 82
933 5
934 101
935 5
936 5
937 155
938 5
939 206
940 5
941 157
942 177
943 5
944 5
945 128
946 5
947 99
948 5
949 5
950 136
951 183
952 5
953 156
954 157
955 189
956 5
957 174
958 208
959 5
960 208
961 5
962 5
963 87
964 106
965 114
966 5
967 161
968 197
969 178
970 193
971 114
972 115
973 5
974 103
975 158
976 126
977 160
978 5
979 5
980 194
981 5
982 5
983 5
984 5
985 126
986 5
987 5
988 5
989 5
990 153
991 116
992 159
993 5
994 96
995 5
996 5
997 194
998 5
999 5
1000 152
1001 27
1002 117
1003 87
1004 5
1005 118
1006 159
1007 149
1008 156
1009 58
1010 102
1011 104
1012 186
1013 186
1014 5
1015 5
1016 5
1017 160
1018 5
1019 5
1020 185
1021 5
1022 179
1023 127
1024 127
1025 199
1026 161
1027 206
1028 127
1029 5
1030 180
1031 101
1032 162
1033 5
1034 163
1035 5
1036 5
1037 126
1038 119
1039 120
1040 5
1041 164
1042 151
1043 165
1044 5
1045 121
1046 186
1047 122
1048 5
1049 5
1050 119
1051 5
1052 110
1053 137
1054 5
1055 5
1056 197
1057 201
1058 125
1059 200
1060 113
1061 5
1062 59
1063 5
1064 5
1065 5
1066 159
1067 166
1068 166
1069 209
1070 5
1071 123
1072 126
1073 5
1074 92
1075 5
1076 100
1077 195
1078 205
1079 5
1080 100
1081 128
1082 203
1083 197
1084 84
1085 197
1086 27
1087 180
1088 82
1089 5
1090 148
1091 167
1092 185
1093 198
1094 5
1095 196
1096 5
1097 5
1098 209
1099 126
1100 5
1101 176
1102 5
1103 126
1104 126
1105 118
1106 180
1107 124
1108 125
1109 5
1110 126
1111 5
1112 5
1113 187
1114 144
1115 5
1116 5
1117 202
1118 126
1119 178
1120 126
1121 126
1122 144
1123 180
1124 121
1125 148
1126 176
1127 175
1128 5
1129 126
1130 126
1131 126
1132 126
1133 154
1134 126
1135 126
1136 27
1137 126
1138 176
1139 126
1140 5
1141 5
1142 189
1143 176
1144 126
1145 112
1146 126
1147 126
1148 5
1149 126
1150 141
1151 113
1152 5
1153 115
1154 159
1155 179
1156 97
1157 202
1158 158
1159 5
1160 116
1161 167
1162 190
1163 176
1164 92
1165 5
1166 5
1167 107
1168 204
1169 5
1170 92
1171 5
1172 150
1173 195
1174 5
1175 5
1176 5
1177 64
1178 5
1179 5
1180 165
1181 165
1182 140
1183 163
1184 5
1185 176
1186 5
1187 5
1188 5
1189 184
1190 5
1191 176
1192 176
1193 5
1194 5
1195 5
1196 5
1197 5
1198 164
1199 120
1200 92
1201 5
1202 5
1203 140
1204 122
1205 5
1206 5
1207 5
1208 5
1209 5
1210 204
1211 5
1212 81
1213 184
1214 5
1215 5
1216 112
1217 5
1218 118
1219 5
1220 208
1221 5
1222 173
1223 5
1224 158
