1	9 
2	75 
3	72 
4	112 
5	116 
6	1 
7	12 
8	58 
9	161 
10	65 
11	156 
12	29 
13	39 
14	14 
15	116 
16	61 
17	165 
18	163 
19	45 
20	50 
21	76 
22	1 
23	52 
24	8 
25	16 
26	141 
27	115 
28	161 
29	37 
30	56 
31	31 
32	104 
33	7 
34	165 
35	13 
36	141 
37	72 
38	127 
39	26 
40	126 
41	91 
42	120 
43	72 
44	154 
45	19 
46	35 
47	1 
48	84 
49	124 
50	87 
51	127 
52	81 
53	118 
54	120 
55	96 
56	112 
57	4 
58	58 
59	37 
60	136 
61	50 
62	121 
63	36 
64	26 
65	118 
66	7 
67	25 
68	65 
69	83 
70	73 
71	160 
72	87 
73	87 
74	112 
75	29 
76	28 
77	81 
78	83 
79	19 
80	106 
81	23 
82	52 
83	78 
84	8 
85	128 
86	145 
87	8 
88	81 
89	72 
90	112 
91	26 
92	126 
93	94 
94	4 
95	83 
96	130 
97	118 
98	121 
99	145 
100	83 
101	1 
102	169 
103	114 
104	165 
105	5 
106	93 
107	116 
108	107 
109	13 
110	75 
111	91 
112	15 
113	141 
114	112 
115	116 
116	78 
117	6 
118	19 
119	37 
120	1 
121	46 
122	61 
123	4 
124	75 
125	74 
126	62 
127	158 
128	4 
129	17 
130	124 
131	74 
132	32 
133	3 
134	131 
135	26 
136	63 
137	137 
138	68 
139	105 
140	98 
141	169 
142	37 
143	50 
144	48 
145	13 
146	52 
147	44 
148	23 
149	50 
150	155 
151	65 
152	19 
153	124 
154	110 
155	154 
156	11 
157	32 
158	149 
159	146 
160	59 
161	108 
162	49 
163	29 
164	97 
165	118 
166	14 
167	58 
168	97 
169	130 
170	8 
171	125 
172	126 
173	81 
174	13 
175	136 
176	16 
177	38 
178	74 
179	67 
180	49 
181	163 
182	86 
183	60 
184	81 
185	96 
186	160 
187	21 
188	160 
189	164 
190	60 
191	62 
192	81 
193	28 
194	90 
195	56 
196	92 
197	169 
198	136 
199	87 
200	109 
201	81 
202	4 
203	22 
204	11 
205	24 
206	19 
207	29 
208	76 
209	94 
210	133 
211	124 
212	97 
213	80 
214	5 
215	138 
216	87 
217	161 
218	51 
219	87 
220	98 
221	126 
222	28 
223	123 
224	114 
225	130 
226	113 
227	4 
228	32 
229	141 
230	13 
231	139 
232	153 
233	23 
234	157 
235	169 
236	121 
237	3 
238	86 
239	11 
240	29 
241	104 
242	154 
243	50 
244	157 
245	134 
246	80 
247	65 
248	52 
249	163 
250	70 
251	168 
252	161 
253	1 
254	34 
255	83 
256	60 
257	125 
258	13 
259	124 
260	35 
261	83 
262	141 
263	161 
264	57 
265	1 
266	34 
267	143 
268	126 
269	162 
270	73 
271	33 
272	92 
273	81 
274	11 
275	26 
276	154 
277	83 
278	3 
279	87 
280	61 
281	20 
282	91 
283	35 
284	130 
285	130 
286	158 
287	28 
288	96 
289	7 
290	17 
291	166 
292	67 
293	28 
294	121 
295	161 
296	12 
297	87 
298	154 
299	78 
300	137 
301	28 
302	28 
303	26 
304	83 
305	151 
306	75 
307	73 
308	130 
309	5 
310	3 
311	37 
312	96 
313	158 
314	59 
315	90 
316	80 
317	1 
318	145 
319	159 
320	126 
321	96 
322	1 
323	23 
324	24 
325	121 
326	113 
327	95 
328	67 
329	4 
330	45 
331	44 
332	60 
333	126 
334	116 
335	109 
336	55 
337	8 
338	165 
339	50 
340	20 
341	130 
342	111 
343	152 
344	47 
345	138 
346	126 
347	26 
348	75 
349	80 
350	154 
351	160 
352	42 
353	77 
354	136 
355	126 
356	156 
357	25 
358	65 
359	116 
360	65 
361	130 
362	58 
363	58 
364	30 
365	91 
366	141 
367	90 
368	154 
369	35 
370	29 
371	75 
372	112 
373	12 
374	134 
375	117 
376	2 
377	54 
378	6 
379	87 
380	3 
381	136 
382	130 
383	121 
384	71 
385	94 
386	160 
387	4 
388	129 
389	83 
390	121 
391	90 
392	28 
393	113 
394	138 
395	46 
396	59 
397	154 
398	26 
399	37 
400	75 
401	41 
402	118 
403	20 
404	161 
405	65 
406	4 
407	64 
408	122 
409	87 
410	23 
411	6 
412	30 
413	138 
414	103 
415	32 
416	135 
417	86 
418	11 
419	28 
420	65 
421	56 
422	73 
423	85 
424	1 
425	44 
426	49 
427	141 
428	18 
429	59 
430	34 
431	19 
432	164 
433	27 
434	121 
435	145 
436	116 
437	71 
438	72 
439	160 
440	102 
441	139 
442	137 
443	110 
444	159 
445	50 
446	1 
447	35 
448	20 
449	113 
450	145 
451	132 
452	46 
453	65 
454	56 
455	11 
456	6 
457	164 
458	72 
459	135 
460	25 
461	58 
462	126 
463	25 
464	59 
465	8 
466	160 
467	121 
468	87 
469	81 
470	91 
471	121 
472	39 
473	62 
474	113 
475	68 
476	28 
477	141 
478	169 
479	161 
480	7 
481	65 
482	13 
483	89 
484	146 
485	50 
486	65 
487	114 
488	159 
489	93 
490	19 
491	130 
492	139 
493	87 
494	129 
495	6 
496	50 
497	57 
498	165 
499	9 
500	46 
501	116 
502	5 
503	136 
504	158 
505	153 
506	72 
507	127 
508	93 
509	9 
510	75 
511	62 
512	112 
513	67 
514	118 
515	165 
516	58 
517	131 
518	145 
519	70 
520	94 
521	104 
522	6 
523	162 
524	126 
525	144 
526	153 
527	165 
528	126 
529	19 
530	154 
531	68 
532	169 
533	30 
534	161 
535	112 
536	19 
537	8 
538	94 
539	6 
540	1 
541	20 
542	158 
543	83 
544	28 
545	56 
546	96 
547	124 
548	58 
549	16 
550	71 
551	37 
552	36 
553	78 
554	28 
555	160 
556	156 
557	37 
558	75 
559	23 
560	50 
561	154 
562	83 
563	62 
564	1 
565	144 
566	53 
567	120 
568	93 
569	120 
570	87 
571	19 
572	120 
573	26 
574	93 
575	126 
576	83 
577	146 
578	163 
579	100 
580	116 
581	92 
582	80 
583	3 
584	118 
585	144 
586	116 
587	90 
588	32 
589	92 
590	97 
591	18 
592	121 
593	14 
594	55 
595	121 
596	141 
597	156 
598	100 
599	7 
600	57 
601	47 
602	12 
603	112 
604	28 
605	57 
606	50 
607	46 
608	8 
609	11 
610	118 
611	121 
612	154 
613	143 
614	94 
615	53 
616	1 
617	121 
618	72 
619	90 
620	159 
621	59 
622	69 
623	60 
624	12 
625	139 
626	130 
627	53 
628	2 
629	85 
630	123 
631	116 
632	136 
633	94 
634	13 
635	68 
636	13 
637	72 
638	161 
639	19 
640	127 
641	41 
642	74 
643	116 
644	83 
645	163 
646	12 
647	88 
648	7 
649	128 
650	69 
651	77 
652	169 
653	148 
654	30 
655	93 
656	163 
657	40 
658	93 
659	142 
660	23 
661	19 
662	23 
663	32 
664	136 
665	73 
666	96 
667	136 
668	6 
669	44 
670	29 
671	169 
672	91 
673	20 
674	88 
675	109 
676	50 
677	161 
678	69 
679	161 
680	59 
681	119 
682	135 
683	65 
684	118 
685	18 
686	54 
687	75 
688	83 
689	169 
690	113 
691	3 
692	8 
693	65 
694	26 
695	62 
696	132 
697	154 
698	50 
699	58 
700	65 
701	11 
702	34 
703	63 
704	163 
705	25 
706	67 
707	165 
708	47 
709	164 
710	77 
711	41 
712	127 
713	66 
714	158 
715	124 
716	2 
717	121 
718	166 
719	160 
720	65 
721	64 
722	37 
723	16 
724	141 
725	134 
726	127 
727	153 
728	45 
729	59 
730	146 
731	156 
732	116 
733	125 
734	107 
735	96 
736	22 
737	136 
738	126 
739	148 
740	129 
741	114 
742	21 
743	137 
744	75 
745	13 
746	22 
747	110 
748	109 
749	16 
750	75 
751	1 
752	126 
753	120 
754	134 
755	30 
756	91 
757	6 
758	113 
759	93 
760	75 
761	24 
762	77 
763	143 
764	84 
765	162 
766	154 
767	56 
768	121 
769	169 
770	103 
771	82 
772	71 
773	96 
774	160 
775	35 
776	91 
777	15 
778	115 
779	153 
780	60 
781	80 
782	95 
783	15 
784	74 
785	158 
786	20 
787	128 
788	59 
789	102 
790	130 
791	126 
792	91 
793	97 
794	4 
795	2 
796	166 
797	29 
798	16 
799	63 
800	37 
801	81 
802	113 
803	15 
804	36 
805	164 
806	139 
807	136 
808	20 
809	154 
810	4 
811	58 
812	80 
813	8 
814	40 
815	151 
816	40 
817	104 
818	162 
819	86 
820	161 
821	45 
822	91 
823	93 
824	86 
825	112 
826	112 
827	138 
828	29 
829	95 
830	145 
831	83 
832	37 
833	158 
834	20 
835	156 
836	3 
837	163 
838	88 
839	3 
840	158 
841	50 
842	44 
843	89 
844	169 
845	94 
846	134 
847	57 
848	59 
849	6 
850	103 
851	147 
852	32 
853	35 
854	117 
855	84 
856	68 
857	146 
858	23 
859	135 
860	141 
861	139 
862	38 
863	8 
864	118 
865	50 
866	81 
867	93 
868	12 
869	46 
870	75 
871	31 
872	66 
873	77 
874	67 
875	59 
876	79 
877	141 
878	78 
879	113 
880	26 
881	18 
882	157 
883	28 
884	62 
885	139 
886	28 
887	17 
888	83 
889	29 
890	81 
891	50 
892	135 
893	164 
894	136 
895	44 
896	75 
897	130 
898	69 
899	154 
900	93 
901	14 
902	6 
903	161 
904	124 
905	125 
906	46 
907	20 
908	76 
909	130 
910	11 
911	161 
912	27 
913	32 
914	79 
915	37 
916	113 
917	48 
918	103 
919	23 
920	121 
921	11 
922	110 
923	159 
924	82 
925	160 
926	149 
927	97 
928	2 
929	4 
930	86 
931	126 
932	124 
933	58 
934	20 
935	67 
936	32 
937	68 
938	57 
939	149 
940	127 
941	166 
942	82 
943	8 
944	65 
945	1 
946	139 
947	50 
948	40 
949	53 
950	109 
951	72 
952	112 
953	110 
954	149 
955	72 
956	8 
957	128 
958	65 
959	96 
960	46 
961	18 
962	60 
963	152 
964	81 
965	74 
966	72 
967	158 
968	6 
969	3 
970	107 
971	119 
972	112 
973	7 
974	22 
975	93 
976	72 
977	44 
978	62 
979	23 
980	79 
981	111 
982	145 
983	74 
984	8 
985	66 
986	165 
987	70 
988	113 
989	50 
990	130 
991	60 
992	45 
993	19 
994	78 
995	65 
996	78 
997	4 
998	37 
999	121 
1000	131 
1001	154 
1002	72 
1003	47 
1004	55 
1005	19 
1006	28 
1007	69 
1008	120 
1009	3 
1010	7 
1011	50 
1012	72 
1013	126 
1014	136 
1015	163 
1016	136 
1017	46 
1018	162 
1019	63 
1020	80 
1021	136 
1022	138 
1023	10 
1024	46 
1025	161 
1026	3 
1027	163 
1028	160 
1029	121 
1030	57 
1031	58 
1032	12 
1033	72 
1034	161 
1035	81 
1036	158 
1037	70 
1038	146 
1039	33 
1040	158 
1041	127 
1042	30 
1043	154 
1044	125 
1045	169 
1046	158 
1047	112 
1048	130 
1049	163 
1050	141 
1051	129 
1052	88 
1053	104 
1054	146 
1055	121 
1056	60 
1057	145 
1058	101 
1059	156 
1060	36 
1061	27 
1062	131 
1063	25 
1064	2 
1065	114 
1066	62 
1067	29 
1068	28 
1069	116 
1070	110 
1071	11 
1072	65 
1073	138 
1074	12 
1075	160 
1076	72 
1077	3 
1078	83 
1079	86 
1080	4 
1081	81 
1082	161 
1083	144 
1084	81 
1085	121 
1086	120 
1087	118 
1088	74 
1089	129 
1090	8 
1091	20 
1092	9 
1093	39 
1094	11 
1095	37 
1096	129 
1097	7 
1098	45 
1099	84 
1100	166 
1101	25 
1102	45 
1103	60 
1104	155 
1105	12 
1106	91 
1107	132 
1108	88 
1109	118 
1110	75 
1111	22 
1112	62 
1113	89 
1114	54 
1115	96 
1116	127 
1117	83 
1118	57 
1119	154 
1120	63 
1121	75 
1122	53 
1123	106 
1124	87 
1125	38 
1126	71 
1127	130 
1128	50 
1129	107 
1130	40 
1131	97 
1132	86 
1133	44 
1134	58 
1135	83 
1136	69 
1137	73 
1138	32 
1139	21 
1140	63 
1141	40 
1142	117 
1143	69 
1144	94 
1145	160 
1146	124 
1147	63 
1148	153 
1149	37 
1150	60 
1151	158 
1152	2 
1153	65 
1154	71 
1155	165 
1156	8 
1157	94 
1158	3 
1159	66 
1160	163 
1161	31 
1162	139 
1163	141 
1164	145 
1165	4 
1166	87 
1167	6 
1168	30 
1169	102 
1170	50 
1171	6 
1172	127 
1173	16 
1174	130 
1175	1 
1176	50 
1177	46 
1178	154 
1179	58 
1180	57 
1181	28 
1182	21 
1183	60 
1184	145 
1185	114 
1186	37 
1187	161 
1188	13 
1189	158 
1190	154 
1191	126 
1192	81 
1193	20 
1194	23 
1195	151 
1196	102 
1197	115 
1198	165 
1199	7 
1200	7 
1201	2 
1202	84 
1203	87 
1204	13 
1205	62 
1206	115 
1207	19 
1208	8 
1209	47 
1210	142 
1211	165 
1212	3 
1213	29 
1214	96 
1215	1 
1216	126 
1217	169 
1218	69 
1219	130 
1220	122 
1221	3 
1222	65 
1223	93 
1224	141 
1225	67 
1226	155 
1227	165 
1228	21 
1229	130 
1230	100 
1231	124 
1232	1 
1233	4 
1234	37 
1235	118 
1236	4 
1237	100 
1238	5 
1239	120 
1240	94 
1241	127 
1242	148 
1243	15 
1244	104 
1245	89 
1246	141 
1247	44 
1248	72 
1249	59 
1250	78 
1251	128 
1252	146 
1253	75 
1254	62 
1255	4 
1256	42 
1257	137 
1258	100 
1259	99 
1260	124 
1261	60 
1262	145 
1263	150 
1264	130 
1265	89 
1266	168 
1267	13 
1268	4 
1269	53 
1270	130 
1271	90 
1272	91 
1273	98 
1274	138 
1275	168 
1276	6 
1277	90 
1278	66 
1279	89 
1280	154 
1281	136 
1282	169 
1283	112 
1284	11 
1285	7 
1286	59 
1287	146 
1288	9 
1289	120 
1290	70 
1291	29 
1292	82 
1293	83 
1294	93 
1295	114 
1296	13 
1297	11 
1298	60 
1299	148 
1300	165 
1301	105 
1302	74 
1303	114 
1304	137 
1305	156 
1306	104 
1307	103 
1308	118 
1309	165 
1310	29 
1311	83 
1312	154 
1313	71 
1314	11 
1315	169 
1316	146 
1317	91 
1318	35 
1319	141 
1320	110 
1321	37 
1322	119 
1323	120 
1324	116 
1325	26 
1326	154 
1327	75 
1328	57 
1329	72 
1330	29 
1331	129 
1332	41 
1333	163 
1334	162 
1335	149 
1336	163 
1337	150 
1338	83 
1339	135 
1340	165 
1341	121 
1342	136 
1343	113 
1344	162 
1345	160 
1346	90 
1347	140 
1348	13 
1349	161 
1350	80 
1351	168 
1352	40 
1353	98 
1354	116 
1355	94 
1356	143 
1357	23 
1358	120 
1359	121 
1360	19 
1361	156 
1362	136 
1363	2 
1364	145 
1365	94 
1366	22 
1367	25 
1368	63 
1369	4 
1370	40 
1371	147 
1372	141 
1373	49 
1374	8 
1375	59 
1376	116 
1377	114 
1378	78 
1379	121 
1380	78 
1381	56 
1382	67 
1383	29 
1384	72 
1385	57 
1386	94 
1387	72 
1388	130 
1389	151 
1390	122 
1391	63 
1392	134 
1393	80 
1394	87 
1395	3 
1396	158 
1397	87 
1398	3 
1399	7 
1400	6 
1401	80 
1402	28 
1403	141 
1404	144 
1405	26 
1406	76 
1407	154 
1408	37 
1409	20 
1410	121 
1411	43 
1412	152 
1413	161 
1414	57 
1415	13 
1416	160 
1417	33 
1418	9 
1419	16 
1420	94 
1421	105 
1422	37 
1423	151 
1424	116 
1425	127 
1426	168 
1427	154 
1428	130 
1429	136 
1430	24 
1431	23 
1432	78 
1433	111 
1434	32 
1435	12 
1436	87 
1437	2 
1438	100 
1439	32 
1440	53 
1441	62 
1442	23 
1443	36 
1444	94 
1445	154 
1446	87 
1447	75 
1448	80 
1449	117 
1450	92 
1451	93 
1452	110 
1453	145 
1454	143 
1455	94 
1456	3 
1457	164 
1458	55 
1459	8 
1460	157 
1461	65 
1462	74 
1463	3 
1464	126 
1465	59 
1466	29 
1467	6 
1468	19 
1469	73 
1470	113 
1471	83 
1472	68 
1473	86 
1474	165 
1475	163 
1476	40 
1477	120 
1478	72 
1479	32 
1480	169 
1481	72 
1482	25 
1483	49 
1484	50 
1485	89 
1486	7 
1487	72 
1488	136 
1489	69 
1490	86 
1491	93 
1492	19 
1493	124 
1494	60 
1495	74 
1496	40 
1497	163 
1498	6 
1499	121 
1500	70 
1501	19 
1502	62 
1503	116 
1504	20 
1505	165 
1506	46 
1507	4 
1508	65 
1509	65 
1510	67 
1511	100 
1512	1 
1513	49 
1514	36 
1515	65 
1516	161 
1517	163 
1518	80 
1519	127 
1520	5 
1521	162 
1522	83 
1523	29 
1524	126 
1525	62 
1526	54 
1527	51 
1528	18 
1529	20 
1530	62 
1531	163 
1532	90 
1533	62 
1534	169 
1535	145 
1536	141 
1537	137 
1538	83 
1539	136 
1540	121 
1541	166 
1542	154 
1543	62 
1544	118 
1545	146 
1546	16 
1547	60 
1548	111 
1549	70 
1550	3 
1551	126 
1552	77 
1553	86 
1554	141 
1555	74 
1556	15 
1557	4 
1558	96 
1559	69 
1560	1 
1561	88 
1562	58 
1563	155 
1564	150 
1565	65 
1566	23 
1567	4 
1568	158 
1569	46 
1570	1 
1571	136 
1572	72 
1573	106 
1574	3 
1575	151 
1576	24 
1577	49 
1578	60 
1579	75 
1580	102 
1581	37 
1582	47 
1583	8 
1584	81 
1585	25 
1586	169 
1587	124 
1588	22 
1589	8 
1590	20 
1591	121 
1592	142 
1593	75 
1594	93 
1595	91 
1596	93 
1597	109 
1598	40 
1599	58 
1600	22 
1601	169 
1602	60 
1603	75 
1604	116 
1605	67 
1606	14 
1607	128 
1608	137 
1609	128 
1610	65 
1611	57 
1612	121 
1613	58 
1614	115 
1615	19 
1616	162 
1617	72 
1618	37 
1619	86 
1620	8 
1621	74 
1622	41 
1623	69 
1624	125 
1625	7 
1626	124 
1627	56 
1628	97 
1629	86 
1630	93 
1631	72 
1632	93 
1633	143 
1634	147 
1635	136 
1636	80 
1637	141 
1638	145 
1639	72 
1640	80 
1641	75 
1642	71 
1643	130 
1644	81 
1645	19 
1646	113 
1647	97 
1648	115 
1649	126 
1650	13 
1651	14 
1652	2 
1653	19 
1654	114 
1655	141 
1656	47 
1657	116 
1658	46 
1659	74 
1660	90 
1661	120 
1662	25 
1663	151 
1664	59 
1665	58 
1666	96 
1667	5 
1668	9 
1669	4 
1670	5 
1671	113 
1672	19 
1673	62 
1674	169 
1675	24 
1676	16 
1677	81 
1678	66 
1679	16 
1680	30 
1681	71 
1682	148 
1683	124 
1684	147 
1685	121 
1686	169 
1687	143 
1688	19 
1689	122 
1690	60 
1691	58 
1692	147 
1693	110 
1694	121 
1695	52 
1696	97 
1697	7 
1698	87 
1699	58 
1700	90 
1701	50 
1702	69 
1703	20 
1704	22 
1705	25 
1706	130 
1707	91 
1708	138 
1709	127 
1710	58 
1711	20 
1712	46 
1713	110 
1714	1 
1715	154 
1716	96 
1717	66 
1718	161 
1719	161 
1720	35 
1721	3 
1722	154 
1723	114 
1724	20 
1725	120 
1726	37 
1727	18 
1728	4 
1729	33 
1730	121 
1731	93 
1732	97 
1733	82 
1734	25 
1735	130 
1736	22 
1737	50 
1738	96 
1739	81 
1740	110 
1741	93 
1742	3 
1743	167 
1744	164 
1745	129 
1746	160 
1747	118 
1748	13 
1749	134 
1750	94 
1751	51 
1752	30 
1753	121 
1754	41 
1755	4 
1756	87 
1757	4 
1758	113 
1759	85 
1760	40 
1761	1 
1762	52 
1763	121 
1764	118 
1765	15 
1766	4 
1767	98 
1768	19 
1769	50 
1770	31 
1771	161 
1772	103 
1773	92 
1774	96 
1775	158 
1776	75 
1777	83 
1778	151 
1779	150 
1780	28 
1781	61 
1782	111 
1783	4 
1784	73 
1785	85 
1786	153 
1787	112 
1788	18 
1789	121 
1790	53 
1791	14 
1792	2 
1793	36 
1794	37 
1795	96 
1796	112 
1797	73 
1798	93 
1799	98 
1800	135 
1801	143 
1802	23 
1803	104 
1804	126 
1805	151 
1806	145 
1807	89 
1808	125 
1809	56 
1810	124 
1811	60 
1812	105 
1813	1 
1814	22 
1815	29 
1816	7 
1817	116 
1818	89 
1819	16 
1820	110 
1821	44 
1822	50 
1823	138 
1824	105 
1825	165 
1826	19 
1827	86 
1828	35 
1829	70 
1830	9 
1831	35 
1832	72 
1833	131 
1834	144 
1835	22 
1836	100 
1837	69 
1838	121 
1839	57 
1840	107 
1841	32 
1842	165 
1843	37 
1844	67 
1845	154 
1846	12 
1847	2 
1848	88 
1849	81 
1850	12 
1851	32 
1852	120 
1853	3 
1854	54 
1855	35 
1856	58 
1857	124 
1858	137 
1859	154 
1860	8 
1861	129 
1862	63 
1863	4 
1864	104 
1865	16 
1866	158 
1867	90 
1868	161 
1869	39 
1870	119 
1871	7 
1872	36 
1873	91 
1874	94 
1875	71 
1876	82 
1877	140 
1878	145 
1879	104 
1880	65 
1881	1 
1882	80 
1883	7 
1884	10 
1885	50 
1886	80 
1887	3 
1888	30 
1889	80 
1890	87 
1891	123 
1892	93 
1893	73 
1894	112 
1895	7 
1896	11 
1897	65 
1898	19 
1899	93 
1900	142 
1901	89 
1902	151 
1903	46 
1904	59 
1905	53 
1906	3 
1907	84 
1908	2 
1909	69 
1910	32 
1911	6 
1912	2 
1913	59 
1914	60 
1915	29 
1916	104 
1917	81 
1918	145 
1919	46 
1920	75 
1921	53 
1922	146 
1923	87 
1924	130 
1925	88 
1926	16 
1927	50 
1928	38 
1929	58 
1930	81 
1931	80 
1932	165 
1933	4 
1934	132 
1935	65 
1936	13 
1937	159 
1938	87 
1939	158 
1940	93 
1941	37 
1942	32 
1943	144 
1944	3 
1945	149 
1946	55 
1947	16 
1948	95 
1949	60 
1950	57 
1951	53 
1952	86 
1953	74 
1954	160 
1955	163 
1956	86 
1957	121 
1958	150 
1959	150 
1960	50 
1961	149 
1962	107 
1963	93 
1964	89 
1965	60 
1966	73 
1967	75 
1968	11 
1969	4 
1970	145 
1971	140 
1972	133 
1973	116 
1974	161 
1975	23 
1976	137 
1977	25 
1978	77 
1979	57 
1980	47 
1981	58 
1982	28 
1983	162 
1984	97 
1985	129 
1986	122 
1987	46 
1988	62 
1989	16 
1990	7 
1991	12 
1992	125 
1993	155 
1994	143 
1995	158 
1996	30 
1997	102 
1998	78 
1999	3 
2000	19 
2001	142 
2002	81 
2003	1 
2004	20 
2005	72 
2006	38 
2007	80 
2008	117 
2009	154 
2010	126 
2011	118 
2012	23 
2013	74 
2014	71 
2015	41 
2016	68 
2017	13 
2018	134 
2019	99 
2020	129 
2021	161 
2022	96 
2023	116 
2024	133 
2025	157 
2026	134 
2027	81 
2028	100 
2029	37 
2030	60 
2031	36 
2032	114 
2033	120 
2034	9 
2035	25 
2036	83 
2037	158 
2038	62 
2039	158 
2040	96 
2041	124 
2042	115 
2043	158 
2044	70 
2045	112 
2046	140 
2047	58 
2048	30 
2049	46 
2050	124 
2051	50 
2052	154 
2053	139 
2054	69 
2055	2 
2056	118 
2057	19 
2058	64 
2059	161 
2060	61 
2061	79 
2062	2 
2063	8 
2064	83 
2065	57 
2066	130 
2067	58 
2068	120 
2069	155 
2070	58 
2071	91 
2072	39 
2073	145 
2074	3 
2075	116 
2076	46 
2077	82 
2078	146 
2079	162 
2080	122 
2081	104 
2082	154 
2083	125 
2084	2 
2085	142 
2086	46 
2087	7 
2088	37 
2089	76 
2090	46 
2091	28 
2092	154 
2093	141 
2094	146 
2095	73 
2096	91 
2097	14 
2098	137 
2099	28 
2100	86 
2101	62 
2102	118 
2103	63 
2104	108 
2105	129 
2106	65 
2107	30 
2108	19 
2109	120 
2110	75 
2111	58 
2112	32 
2113	58 
2114	81 
2115	7 
2116	60 
2117	87 
2118	96 
2119	25 
2120	83 
2121	46 
2122	72 
2123	50 
2124	41 
2125	145 
2126	154 
2127	46 
2128	28 
2129	141 
2130	43 
2131	102 
2132	116 
2133	126 
2134	46 
2135	69 
2136	85 
2137	87 
2138	87 
2139	83 
2140	169 
2141	63 
2142	160 
2143	141 
2144	157 
2145	7 
2146	50 
2147	112 
2148	162 
2149	29 
2150	72 
2151	121 
2152	46 
2153	2 
2154	69 
2155	6 
2156	158 
2157	50 
2158	158 
2159	130 
2160	50 
2161	136 
2162	141 
2163	134 
2164	101 
2165	81 
2166	121 
2167	148 
2168	123 
2169	164 
2170	97 
2171	37 
2172	139 
2173	62 
2174	112 
2175	23 
2176	121 
2177	127 
2178	13 
2179	164 
2180	62 
2181	137 
2182	112 
2183	80 
2184	159 
2185	127 
2186	123 
2187	14 
2188	124 
2189	83 
2190	96 
2191	59 
2192	58 
2193	148 
2194	127 
2195	40 
2196	57 
2197	87 
2198	10 
2199	112 
2200	49 
2201	91 
2202	4 
2203	69 
2204	136 
2205	81 
2206	96 
2207	110 
2208	160 
2209	73 
2210	126 
2211	50 
2212	84 
2213	91 
2214	137 
2215	65 
2216	4 
2217	14 
2218	65 
2219	48 
2220	158 
2221	120 
2222	145 
2223	27 
2224	154 
2225	161 
2226	37 
2227	11 
2228	3 
2229	23 
2230	30 
2231	75 
2232	4 
2233	158 
2234	161 
2235	142 
2236	138 
2237	25 
2238	81 
2239	20 
2240	59 
2241	76 
2242	4 
2243	67 
2244	72 
2245	77 
2246	136 
2247	23 
2248	132 
2249	148 
2250	149 
2251	72 
2252	94 
2253	29 
2254	65 
2255	120 
2256	164 
2257	58 
2258	61 
2259	58 
2260	67 
2261	17 
2262	71 
2263	62 
2264	156 
2265	44 
2266	78 
2267	169 
2268	85 
2269	89 
2270	142 
2271	60 
2272	125 
2273	127 
2274	76 
2275	61 
2276	87 
2277	43 
2278	46 
2279	158 
2280	67 
2281	109 
2282	147 
2283	126 
2284	104 
2285	13 
2286	126 
2287	152 
2288	95 
2289	118 
2290	32 
2291	124 
2292	123 
2293	158 
2294	165 
2295	46 
2296	7 
2297	20 
2298	6 
2299	32 
2300	25 
2301	169 
2302	124 
2303	97 
2304	134 
2305	32 
2306	3 
2307	102 
2308	78 
2309	127 
2310	136 
2311	30 
2312	78 
2313	91 
2314	35 
2315	90 
2316	74 
2317	112 
2318	97 
2319	137 
2320	165 
2321	160 
2322	13 
2323	20 
2324	69 
2325	67 
2326	86 
2327	6 
2328	37 
2329	112 
2330	65 
2331	161 
2332	136 
2333	167 
2334	134 
2335	60 
2336	2 
2337	67 
2338	147 
2339	60 
2340	165 
2341	31 
2342	116 
2343	4 
2344	81 
2345	3 
2346	145 
2347	13 
2348	11 
2349	27 
2350	134 
2351	67 
2352	73 
2353	81 
2354	126 
2355	163 
2356	120 
2357	147 
2358	110 
2359	61 
2360	41 
2361	93 
2362	7 
2363	164 
2364	99 
2365	80 
2366	158 
2367	46 
2368	62 
2369	124 
2370	122 
2371	124 
2372	1 
2373	138 
2374	161 
2375	20 
2376	127 
2377	126 
2378	10 
2379	145 
2380	29 
2381	32 
2382	60 
2383	158 
2384	65 
2385	13 
2386	81 
2387	25 
2388	89 
2389	119 
2390	44 
2391	160 
2392	104 
2393	54 
2394	73 
2395	63 
2396	87 
2397	63 
2398	93 
2399	93 
2400	165 
2401	146 
2402	3 
2403	58 
2404	15 
2405	120 
2406	138 
2407	87 
2408	140 
2409	3 
2410	161 
2411	28 
2412	80 
2413	21 
2414	110 
2415	60 
2416	16 
2417	51 
2418	50 
2419	37 
2420	58 
2421	73 
2422	124 
2423	78 
2424	96 
2425	81 
2426	75 
2427	61 
2428	1 
2429	152 
2430	59 
2431	80 
2432	83 
2433	58 
2434	32 
2435	67 
2436	146 
2437	161 
2438	81 
2439	3 
2440	30 
2441	127 
2442	19 
2443	29 
2444	46 
2445	53 
2446	87 
2447	118 
2448	127 
2449	75 
2450	163 
2451	27 
2452	4 
2453	137 
2454	83 
2455	72 
2456	112 
2457	95 
2458	60 
2459	16 
2460	40 
2461	161 
2462	56 
2463	154 
2464	141 
2465	154 
2466	124 
2467	145 
2468	67 
2469	147 
2470	124 
2471	77 
2472	136 
2473	163 
2474	20 
2475	91 
2476	4 
2477	75 
2478	166 
2479	7 
2480	134 
2481	67 
2482	87 
2483	149 
2484	31 
2485	137 
2486	46 
2487	148 
2488	50 
2489	165 
2490	23 
2491	141 
2492	16 
2493	37 
2494	94 
2495	46 
2496	118 
2497	8 
2498	158 
2499	58 
2500	54 
2501	151 
2502	75 
2503	60 
2504	75 
2505	61 
2506	22 
2507	69 
2508	161 
2509	138 
2510	126 
2511	32 
2512	75 
2513	86 
2514	116 
2515	153 
2516	72 
2517	7 
2518	127 
2519	127 
2520	104 
2521	163 
2522	100 
2523	61 
2524	81 
2525	166 
2526	29 
2527	37 
2528	24 
2529	121 
2530	15 
2531	154 
2532	163 
2533	100 
2534	64 
2535	118 
2536	50 
2537	53 
2538	65 
2539	41 
2540	60 
2541	103 
2542	72 
2543	18 
2544	46 
2545	156 
2546	149 
2547	158 
2548	72 
2549	9 
2550	101 
2551	130 
2552	25 
2553	75 
2554	113 
2555	91 
2556	28 
2557	9 
2558	148 
2559	87 
2560	26 
2561	60 
2562	137 
2563	26 
2564	121 
2565	80 
2566	144 
2567	78 
2568	75 
2569	139 
2570	57 
2571	25 
2572	134 
2573	161 
2574	15 
2575	26 
2576	127 
2577	60 
2578	91 
2579	75 
2580	149 
2581	22 
2582	118 
2583	64 
2584	136 
2585	96 
2586	59 
2587	126 
2588	4 
2589	50 
2590	111 
2591	141 
2592	134 
2593	86 
2594	104 
2595	25 
2596	109 
2597	145 
2598	130 
2599	41 
2600	75 
2601	45 
2602	46 
2603	104 
2604	126 
2605	60 
2606	126 
2607	59 
2608	102 
2609	91 
2610	112 
2611	50 
2612	36 
2613	32 
2614	127 
2615	165 
2616	93 
2617	87 
2618	140 
2619	13 
2620	86 
2621	154 
2622	81 
2623	60 
2624	61 
2625	165 
2626	124 
2627	121 
2628	60 
2629	154 
2630	146 
2631	102 
2632	134 
2633	25 
2634	154 
2635	35 
2636	57 
2637	158 
2638	4 
2639	53 
2640	84 
2641	116 
2642	164 
2643	29 
2644	61 
2645	51 
2646	80 
2647	126 
2648	4 
2649	78 
2650	12 
2651	135 
2652	169 
2653	63 
2654	75 
2655	49 
2656	93 
2657	161 
2658	97 
2659	141 
2660	158 
2661	3 
2662	127 
2663	93 
2664	96 
2665	23 
2666	18 
2667	50 
2668	61 
2669	81 
2670	46 
2671	165 
2672	83 
2673	75 
2674	165 
2675	134 
2676	112 
2677	116 
2678	83 
2679	60 
2680	133 
2681	8 
2682	160 
2683	36 
2684	161 
2685	96 
2686	75 
2687	32 
2688	127 
2689	113 
2690	50 
2691	105 
2692	88 
2693	134 
2694	7 
2695	27 
2696	40 
2697	93 
2698	126 
2699	20 
2700	105 
2701	3 
2702	160 
2703	65 
2704	141 
2705	16 
2706	67 
2707	70 
2708	86 
2709	37 
2710	121 
2711	138 
2712	83 
2713	72 
2714	169 
2715	22 
2716	130 
2717	81 
2718	114 
2719	158 
2720	160 
2721	136 
2722	75 
2723	143 
2724	106 
2725	76 
2726	43 
2727	61 
2728	158 
2729	96 
2730	44 
2731	65 
2732	126 
2733	169 
2734	44 
2735	118 
2736	46 
2737	150 
2738	119 
2739	39 
2740	145 
2741	127 
2742	136 
2743	6 
2744	67 
2745	50 
2746	158 
2747	168 
2748	169 
2749	91 
2750	53 
2751	67 
2752	9 
2753	100 
2754	76 
2755	162 
2756	72 
2757	104 
2758	84 
2759	145 
2760	49 
2761	130 
2762	64 
2763	156 
2764	158 
2765	68 
2766	35 
2767	69 
2768	20 
2769	5 
2770	132 
2771	65 
2772	9 
2773	25 
2774	75 
2775	67 
2776	93 
2777	130 
2778	82 
2779	161 
2780	116 
2781	119 
2782	160 
2783	25 
2784	83 
2785	147 
2786	4 
2787	145 
2788	115 
2789	131 
2790	120 
2791	61 
2792	22 
2793	154 
2794	62 
2795	104 
2796	126 
2797	113 
2798	88 
2799	23 
2800	50 
2801	74 
2802	3 
2803	87 
2804	158 
2805	120 
2806	3 
2807	161 
2808	28 
2809	121 
2810	42 
2811	165 
2812	121 
2813	58 
2814	75 
2815	93 
2816	75 
2817	165 
2818	152 
2819	49 
2820	4 
2821	116 
2822	144 
2823	165 
2824	101 
2825	130 
2826	75 
2827	98 
2828	115 
2829	161 
2830	23 
2831	29 
2832	39 
2833	154 
2834	3 
2835	29 
2836	25 
2837	112 
2838	127 
2839	65 
2840	21 
2841	18 
2842	161 
2843	28 
2844	118 
2845	154 
2846	83 
2847	23 
2848	72 
2849	95 
2850	32 
2851	57 
2852	121 
2853	121 
2854	83 
2855	65 
2856	156 
2857	28 
2858	158 
2859	13 
2860	93 
2861	161 
2862	163 
2863	154 
2864	112 
2865	1 
2866	135 
2867	104 
2868	71 
2869	21 
2870	19 
2871	136 
2872	57 
2873	62 
2874	120 
2875	1 
2876	93 
2877	97 
2878	127 
2879	145 
2880	44 
2881	117 
2882	60 
2883	42 
2884	1 
2885	3 
2886	148 
2887	130 
2888	8 
2889	163 
2890	65 
2891	81 
2892	78 
2893	99 
2894	6 
2895	104 
2896	42 
2897	4 
2898	164 
2899	4 
2900	74 
2901	67 
2902	60 
2903	113 
2904	161 
2905	22 
2906	139 
2907	15 
2908	146 
2909	57 
2910	169 
2911	90 
2912	147 
2913	8 
2914	8 
2915	69 
2916	72 
2917	72 
2918	124 
2919	146 
2920	91 
2921	21 
2922	72 
2923	112 
2924	72 
2925	72 
2926	102 
2927	36 
2928	95 
2929	29 
2930	40 
2931	163 
2932	161 
2933	149 
2934	100 
2935	46 
2936	94 
2937	46 
2938	161 
2939	51 
2940	60 
2941	13 
2942	16 
2943	104 
2944	145 
2945	50 
2946	169 
2947	121 
2948	60 
2949	106 
2950	58 
2951	32 
2952	105 
2953	72 
2954	6 
2955	42 
2956	75 
2957	9 
2958	145 
2959	46 
2960	88 
2961	76 
2962	32 
2963	145 
2964	86 
2965	73 
2966	57 
2967	71 
2968	118 
2969	72 
2970	65 
2971	22 
2972	68 
2973	152 
2974	2 
2975	28 
2976	94 
2977	154 
2978	118 
2979	46 
2980	118 
2981	143 
2982	97 
2983	4 
2984	59 
2985	83 
2986	78 
2987	43 
2988	81 
2989	137 
2990	126 
2991	86 
2992	138 
2993	29 
2994	161 
2995	162 
2996	37 
2997	83 
2998	87 
2999	23 
3000	161 
3001	102 
3002	9 
3003	49 
3004	37 
3005	61 
3006	112 
3007	25 
3008	32 
3009	87 
3010	141 
3011	154 
3012	35 
3013	73 
3014	102 
3015	93 
3016	77 
3017	50 
3018	30 
3019	161 
3020	11 
3021	141 
3022	16 
3023	120 
3024	49 
3025	146 
3026	136 
3027	3 
3028	32 
3029	43 
3030	87 
3031	49 
3032	6 
3033	139 
3034	25 
3035	121 
3036	65 
3037	40 
3038	108 
3039	161 
3040	61 
3041	96 
3042	29 
3043	154 
3044	89 
3045	105 
3046	138 
3047	19 
3048	121 
3049	84 
3050	29 
3051	169 
3052	7 
3053	162 
3054	86 
3055	20 
3056	19 
3057	130 
3058	1 
3059	81 
3060	83 
3061	65 
3062	160 
3063	114 
3064	129 
3065	81 
3066	17 
3067	96 
3068	102 
3069	127 
3070	158 
3071	152 
3072	11 
3073	19 
3074	139 
3075	23 
3076	7 
3077	107 
3078	160 
3079	55 
3080	85 
3081	143 
3082	1 
3083	146 
3084	148 
3085	130 
3086	16 
3087	74 
3088	67 
3089	13 
3090	53 
3091	83 
3092	34 
3093	68 
3094	44 
3095	154 
3096	121 
3097	163 
3098	67 
3099	19 
3100	161 
3101	118 
3102	126 
3103	19 
3104	1 
3105	115 
3106	126 
3107	72 
3108	127 
3109	136 
3110	108 
3111	136 
3112	50 
3113	71 
3114	121 
3115	41 
3116	75 
3117	106 
3118	81 
3119	93 
3120	67 
3121	60 
3122	13 
3123	80 
3124	165 
3125	161 
3126	23 
3127	7 
3128	130 
3129	61 
3130	124 
3131	30 
3132	90 
3133	81 
3134	2 
3135	27 
3136	154 
3137	69 
3138	149 
3139	127 
3140	53 
3141	151 
3142	87 
3143	44 
3144	94 
3145	104 
3146	112 
3147	132 
3148	126 
3149	91 
3150	85 
3151	130 
3152	63 
3153	144 
3154	104 
3155	125 
3156	75 
3157	161 
3158	44 
3159	126 
3160	50 
3161	34 
3162	103 
3163	106 
3164	57 
3165	87 
3166	35 
3167	161 
3168	23 
3169	136 
3170	50 
3171	11 
3172	3 
3173	67 
3174	163 
3175	99 
3176	103 
3177	50 
3178	13 
3179	81 
3180	23 
3181	28 
3182	141 
3183	94 
3184	1 
3185	4 
3186	68 
3187	23 
3188	118 
3189	27 
3190	87 
3191	37 
3192	72 
3193	137 
3194	65 
3195	46 
3196	10 
3197	120 
3198	72 
3199	77 
3200	133 
3201	55 
3202	23 
3203	9 
3204	150 
3205	75 
3206	94 
3207	57 
3208	161 
3209	79 
3210	19 
3211	64 
3212	166 
3213	28 
3214	164 
3215	3 
3216	161 
3217	62 
3218	50 
3219	13 
3220	75 
3221	67 
3222	57 
3223	153 
3224	56 
3225	154 
3226	60 
3227	121 
3228	161 
3229	120 
3230	133 
3231	124 
3232	158 
3233	57 
3234	49 
3235	163 
3236	123 
3237	42 
3238	32 
3239	158 
3240	150 
3241	130 
3242	120 
3243	160 
3244	26 
3245	59 
3246	116 
3247	58 
3248	32 
3249	65 
3250	164 
3251	57 
3252	57 
3253	121 
3254	58 
3255	93 
3256	130 
3257	73 
3258	130 
3259	121 
3260	75 
3261	169 
3262	89 
3263	62 
3264	3 
3265	39 
3266	83 
3267	130 
3268	120 
3269	50 
3270	120 
3271	19 
3272	62 
3273	166 
3274	94 
3275	71 
3276	26 
3277	3 
3278	90 
3279	7 
3280	70 
3281	16 
3282	120 
3283	122 
3284	161 
3285	85 
3286	58 
3287	74 
3288	100 
3289	2 
3290	18 
3291	37 
3292	65 
3293	2 
3294	94 
3295	91 
3296	121 
3297	158 
3298	96 
3299	25 
3300	61 
3301	35 
3302	11 
3303	10 
3304	165 
3305	106 
3306	20 
3307	13 
3308	165 
3309	126 
3310	46 
3311	156 
3312	145 
3313	8 
3314	87 
3315	127 
3316	7 
3317	121 
3318	4 
3319	20 
3320	8 
3321	133 
3322	61 
3323	121 
3324	30 
3325	154 
3326	6 
3327	146 
3328	146 
3329	3 
3330	4 
3331	121 
3332	2 
3333	80 
3334	104 
3335	162 
3336	59 
3337	62 
3338	102 
3339	102 
3340	80 
3341	145 
3342	127 
3343	75 
3344	126 
3345	126 
3346	5 
3347	72 
3348	138 
3349	91 
3350	81 
3351	73 
3352	78 
3353	121 
3354	160 
3355	73 
3356	32 
3357	29 
3358	11 
3359	104 
3360	130 
3361	104 
3362	67 
3363	104 
3364	65 
3365	100 
3366	124 
3367	148 
3368	61 
3369	60 
3370	37 
3371	161 
3372	167 
3373	130 
3374	160 
3375	19 
3376	124 
3377	144 
3378	72 
3379	87 
3380	89 
3381	121 
3382	13 
3383	38 
3384	130 
3385	145 
3386	74 
3387	93 
3388	161 
3389	110 
3390	161 
3391	145 
3392	57 
3393	4 
3394	160 
3395	62 
3396	75 
3397	122 
3398	58 
3399	116 
3400	8 
3401	134 
3402	152 
3403	121 
3404	93 
3405	94 
3406	167 
3407	146 
3408	80 
3409	124 
3410	109 
3411	43 
3412	2 
3413	2 
3414	20 
3415	8 
3416	59 
3417	30 
3418	50 
3419	150 
3420	3 
3421	88 
3422	149 
3423	158 
3424	3 
3425	72 
3426	4 
3427	126 
3428	119 
3429	62 
3430	4 
3431	69 
3432	124 
3433	29 
3434	144 
3435	65 
3436	96 
3437	121 
3438	67 
3439	158 
3440	100 
3441	3 
3442	124 
3443	59 
3444	93 
3445	160 
3446	120 
3447	136 
3448	121 
3449	86 
3450	50 
3451	35 
3452	134 
3453	116 
3454	89 
3455	153 
3456	41 
3457	57 
3458	165 
3459	165 
3460	165 
3461	32 
3462	136 
3463	143 
3464	57 
3465	37 
3466	122 
3467	36 
3468	154 
3469	50 
3470	69 
3471	98 
3472	17 
3473	50 
3474	19 
3475	75 
3476	145 
3477	141 
3478	32 
3479	136 
3480	3 
3481	81 
3482	99 
3483	4 
3484	130 
3485	128 
3486	129 
3487	144 
3488	126 
3489	19 
3490	167 
3491	28 
3492	96 
3493	47 
3494	158 
3495	25 
3496	108 
3497	35 
3498	75 
3499	96 
3500	120 
3501	79 
3502	161 
3503	19 
3504	130 
3505	151 
3506	162 
3507	4 
3508	57 
3509	37 
3510	76 
3511	94 
3512	48 
3513	133 
3514	8 
3515	75 
3516	160 
3517	29 
3518	94 
3519	161 
3520	112 
3521	1 
3522	79 
3523	160 
3524	44 
3525	86 
3526	36 
3527	130 
3528	61 
3529	66 
3530	141 
3531	149 
3532	78 
3533	121 
3534	13 
3535	70 
3536	25 
3537	160 
3538	161 
3539	23 
3540	29 
3541	28 
3542	75 
3543	73 
3544	91 
3545	58 
3546	75 
3547	154 
3548	87 
3549	115 
3550	74 
3551	137 
3552	118 
3553	146 
3554	60 
3555	124 
3556	37 
3557	1 
3558	28 
3559	136 
3560	161 
3561	22 
3562	87 
3563	16 
3564	81 
3565	1 
3566	154 
3567	63 
3568	7 
3569	99 
3570	24 
3571	124 
3572	75 
3573	70 
3574	3 
3575	104 
3576	3 
3577	3 
3578	50 
3579	23 
3580	161 
3581	46 
3582	72 
3583	72 
3584	154 
3585	50 
3586	140 
3587	121 
3588	130 
3589	93 
3590	73 
3591	122 
3592	146 
3593	90 
3594	3 
3595	3 
3596	158 
3597	18 
3598	125 
3599	29 
3600	11 
3601	11 
3602	80 
3603	23 
3604	46 
3605	15 
3606	158 
3607	12 
3608	107 
3609	158 
3610	80 
3611	30 
3612	19 
3613	81 
3614	78 
3615	87 
3616	147 
3617	8 
3618	3 
3619	62 
3620	166 
3621	94 
3622	154 
3623	56 
3624	73 
3625	142 
3626	50 
3627	124 
3628	73 
3629	11 
3630	25 
3631	16 
3632	60 
3633	22 
3634	75 
3635	34 
3636	143 
3637	81 
3638	152 
3639	19 
3640	169 
3641	167 
3642	130 
3643	135 
3644	30 
3645	65 
3646	3 
3647	152 
3648	113 
3649	154 
3650	98 
3651	91 
3652	169 
3653	2 
3654	116 
3655	44 
3656	91 
3657	30 
3658	120 
3659	135 
3660	81 
3661	123 
3662	138 
3663	154 
3664	120 
3665	141 
3666	78 
3667	121 
3668	4 
3669	87 
3670	105 
3671	13 
3672	46 
3673	87 
3674	122 
3675	6 
3676	74 
3677	38 
3678	139 
3679	73 
3680	80 
3681	69 
3682	79 
3683	8 
3684	70 
3685	126 
3686	111 
3687	118 
3688	87 
3689	28 
3690	63 
3691	145 
3692	23 
3693	100 
3694	12 
3695	161 
3696	17 
3697	67 
3698	144 
3699	8 
3700	154 
3701	91 
3702	89 
3703	89 
3704	148 
3705	8 
3706	4 
3707	25 
3708	72 
3709	161 
3710	126 
3711	161 
3712	8 
3713	3 
3714	83 
3715	9 
3716	101 
3717	107 
3718	48 
3719	11 
3720	4 
3721	167 
3722	136 
3723	148 
3724	19 
3725	16 
3726	16 
3727	156 
3728	16 
3729	44 
3730	1 
3731	110 
3732	63 
3733	19 
3734	70 
3735	94 
3736	50 
3737	124 
3738	147 
3739	115 
3740	93 
3741	13 
3742	134 
3743	107 
3744	61 
3745	130 
3746	146 
3747	77 
3748	15 
3749	72 
3750	28 
3751	146 
3752	37 
3753	96 
3754	66 
3755	135 
3756	58 
3757	43 
3758	106 
3759	112 
3760	32 
3761	87 
3762	18 
3763	122 
3764	10 
3765	50 
3766	103 
3767	22 
3768	83 
3769	154 
3770	71 
3771	121 
3772	90 
3773	16 
3774	158 
3775	132 
3776	28 
3777	149 
3778	119 
3779	145 
3780	135 
3781	58 
3782	120 
3783	140 
3784	165 
3785	104 
3786	86 
3787	137 
3788	120 
3789	160 
3790	39 
3791	130 
3792	154 
3793	7 
3794	74 
3795	29 
3796	118 
3797	12 
3798	142 
3799	90 
3800	145 
3801	158 
3802	130 
3803	1 
3804	13 
3805	19 
3806	61 
3807	86 
3808	65 
3809	120 
3810	118 
3811	154 
3812	163 
3813	62 
3814	61 
3815	51 
3816	109 
3817	3 
3818	72 
3819	80 
3820	87 
3821	61 
3822	146 
3823	35 
3824	158 
3825	61 
3826	47 
3827	46 
3828	153 
3829	6 
3830	145 
3831	121 
3832	53 
3833	59 
3834	135 
3835	161 
3836	63 
3837	68 
3838	13 
3839	68 
3840	19 
3841	165 
3842	69 
3843	8 
3844	29 
3845	121 
3846	17 
3847	13 
3848	72 
3849	128 
3850	62 
3851	29 
3852	160 
3853	116 
3854	25 
3855	14 
3856	127 
3857	154 
3858	54 
3859	15 
3860	169 
3861	65 
3862	75 
3863	46 
3864	15 
3865	154 
3866	32 
3867	48 
3868	154 
3869	11 
3870	48 
3871	22 
3872	62 
3873	25 
3874	169 
3875	60 
3876	33 
3877	87 
3878	1 
3879	13 
3880	23 
3881	28 
3882	65 
3883	27 
3884	83 
3885	145 
3886	67 
3887	138 
3888	12 
3889	116 
3890	94 
3891	8 
3892	125 
3893	51 
3894	50 
3895	147 
3896	67 
3897	161 
3898	121 
3899	28 
3900	49 
3901	1 
3902	94 
3903	65 
3904	13 
3905	87 
3906	60 
3907	94 
3908	29 
3909	15 
3910	116 
3911	104 
3912	146 
3913	8 
3914	1 
3915	130 
3916	153 
3917	19 
3918	106 
3919	127 
3920	161 
3921	165 
3922	93 
3923	73 
3924	137 
3925	130 
3926	83 
3927	37 
3928	169 
3929	4 
3930	37 
3931	91 
3932	109 
3933	166 
3934	8 
3935	122 
3936	13 
3937	116 
3938	60 
3939	160 
3940	37 
3941	35 
3942	134 
3943	58 
3944	144 
3945	59 
3946	138 
3947	28 
3948	6 
3949	50 
3950	161 
3951	146 
3952	63 
3953	130 
3954	128 
3955	118 
3956	59 
3957	156 
3958	58 
3959	39 
3960	8 
3961	96 
3962	46 
3963	86 
3964	1 
3965	162 
3966	75 
3967	80 
3968	4 
3969	146 
3970	160 
3971	167 
3972	119 
3973	59 
3974	83 
3975	81 
3976	19 
3977	75 
3978	16 
3979	1 
3980	43 
3981	56 
3982	154 
3983	3 
3984	163 
3985	32 
3986	137 
3987	8 
3988	154 
3989	163 
3990	111 
3991	109 
3992	72 
3993	81 
3994	154 
3995	8 
3996	33 
3997	73 
3998	46 
3999	19 
4000	135 
4001	37 
4002	113 
4003	49 
4004	77 
4005	158 
4006	136 
4007	11 
4008	137 
4009	3 
4010	5 
4011	3 
4012	130 
4013	161 
4014	68 
4015	72 
4016	127 
4017	160 
4018	137 
4019	8 
4020	113 
4021	107 
4022	154 
4023	134 
4024	164 
4025	136 
4026	8 
4027	116 
4028	160 
4029	120 
4030	46 
4031	116 
4032	121 
4033	145 
4034	59 
4035	135 
4036	139 
4037	40 
4038	3 
4039	118 
4040	16 
4041	83 
4042	8 
4043	81 
4044	81 
4045	60 
4046	60 
4047	82 
4048	83 
4049	94 
4050	45 
4051	127 
4052	25 
4053	61 
4054	19 
4055	37 
4056	13 
4057	106 
4058	158 
4059	146 
4060	42 
4061	141 
4062	69 
4063	112 
4064	3 
4065	139 
4066	156 
4067	96 
4068	25 
4069	81 
4070	3 
4071	112 
4072	166 
4073	146 
4074	39 
4075	95 
4076	94 
4077	73 
4078	62 
4079	11 
4080	46 
4081	123 
4082	18 
4083	164 
4084	96 
4085	53 
4086	121 
4087	118 
4088	6 
4089	89 
4090	29 
4091	87 
4092	8 
4093	46 
4094	19 
4095	94 
4096	75 
4097	1 
4098	30 
4099	96 
4100	3 
4101	139 
4102	58 
4103	160 
4104	36 
4105	164 
4106	137 
4107	78 
4108	126 
4109	160 
4110	142 
4111	130 
4112	25 
4113	160 
4114	160 
4115	13 
4116	105 
4117	3 
4118	71 
4119	61 
4120	161 
4121	121 
4122	1 
4123	122 
4124	141 
4125	73 
4126	28 
4127	50 
4128	91 
4129	15 
4130	130 
4131	10 
4132	20 
4133	29 
4134	93 
4135	50 
4136	165 
4137	20 
4138	108 
4139	74 
4140	61 
4141	50 
4142	121 
4143	61 
4144	7 
4145	158 
4146	39 
4147	62 
4148	57 
4149	74 
4150	160 
4151	88 
4152	123 
4153	75 
4154	26 
4155	6 
4156	141 
4157	112 
4158	83 
4159	46 
4160	41 
4161	2 
4162	93 
4163	86 
4164	144 
4165	165 
4166	154 
4167	120 
4168	126 
4169	4 
4170	162 
4171	63 
4172	50 
4173	40 
4174	25 
4175	58 
4176	20 
4177	62 
4178	90 
4179	163 
4180	50 
4181	102 
4182	72 
4183	25 
4184	120 
4185	75 
4186	124 
4187	3 
4188	151 
4189	149 
4190	141 
4191	82 
4192	104 
4193	149 
4194	29 
4195	130 
4196	118 
4197	93 
4198	37 
4199	74 
4200	158 
4201	63 
4202	104 
4203	118 
4204	61 
4205	113 
4206	2 
4207	60 
4208	109 
4209	1 
4210	4 
4211	144 
4212	141 
4213	59 
4214	65 
4215	80 
4216	6 
4217	25 
4218	99 
4219	87 
4220	165 
4221	65 
4222	141 
4223	158 
4224	20 
4225	112 
4226	19 
4227	46 
4228	120 
4229	105 
4230	142 
4231	134 
4232	34 
4233	103 
4234	83 
4235	37 
4236	112 
4237	29 
4238	50 
4239	86 
4240	15 
4241	169 
4242	142 
4243	1 
4244	121 
4245	72 
4246	136 
4247	87 
4248	152 
4249	70 
4250	93 
4251	63 
4252	121 
4253	75 
4254	28 
4255	140 
4256	121 
4257	19 
4258	124 
4259	87 
4260	136 
4261	46 
4262	64 
4263	91 
4264	32 
4265	121 
4266	11 
4267	20 
4268	3 
4269	3 
4270	43 
4271	28 
4272	44 
4273	138 
4274	118 
4275	86 
4276	39 
4277	3 
4278	78 
4279	12 
4280	138 
4281	149 
4282	72 
4283	141 
4284	15 
4285	6 
4286	34 
4287	6 
4288	137 
4289	161 
4290	38 
4291	137 
4292	46 
4293	39 
4294	2 
4295	121 
4296	3 
4297	127 
4298	41 
4299	9 
4300	62 
4301	39 
4302	130 
4303	87 
4304	121 
4305	73 
4306	75 
4307	23 
4308	130 
4309	4 
4310	72 
4311	148 
4312	108 
4313	12 
4314	67 
4315	141 
4316	128 
4317	141 
4318	60 
4319	33 
4320	44 
4321	61 
4322	147 
4323	109 
4324	141 
4325	129 
4326	154 
4327	29 
4328	98 
4329	161 
4330	112 
4331	60 
4332	50 
4333	40 
4334	160 
4335	83 
4336	59 
4337	73 
4338	19 
4339	3 
4340	156 
4341	4 
4342	46 
4343	158 
4344	10 
4345	123 
4346	120 
4347	29 
4348	84 
4349	77 
4350	75 
4351	20 
4352	104 
4353	7 
4354	3 
4355	28 
4356	162 
4357	83 
4358	141 
4359	158 
4360	26 
4361	110 
4362	51 
4363	146 
4364	137 
4365	136 
4366	30 
4367	83 
4368	1 
4369	13 
4370	79 
4371	46 
4372	106 
4373	94 
4374	72 
4375	43 
4376	114 
4377	56 
4378	116 
4379	99 
4380	160 
4381	136 
4382	162 
4383	115 
4384	129 
4385	93 
4386	154 
4387	75 
4388	158 
4389	30 
4390	36 
4391	83 
4392	28 
4393	4 
4394	158 
4395	8 
4396	140 
4397	48 
4398	39 
4399	72 
4400	161 
4401	7 
4402	81 
4403	162 
4404	59 
4405	128 
4406	154 
4407	158 
4408	136 
4409	140 
4410	11 
4411	40 
4412	50 
4413	90 
4414	5 
4415	137 
4416	162 
4417	105 
4418	125 
4419	46 
4420	130 
4421	5 
4422	35 
4423	19 
4424	158 
4425	43 
4426	89 
4427	145 
4428	93 
4429	73 
4430	85 
4431	1 
4432	97 
4433	83 
4434	59 
4435	3 
4436	25 
4437	39 
4438	46 
4439	126 
4440	59 
4441	46 
4442	154 
4443	74 
4444	3 
4445	17 
4446	165 
4447	34 
4448	83 
4449	8 
4450	58 
4451	119 
4452	70 
4453	112 
4454	7 
4455	1 
4456	105 
4457	75 
4458	86 
4459	11 
4460	138 
4461	121 
4462	25 
4463	60 
4464	169 
4465	11 
4466	163 
4467	8 
4468	89 
4469	6 
4470	93 
4471	34 
4472	7 
4473	94 
4474	15 
4475	120 
4476	33 
4477	93 
4478	30 
4479	166 
4480	158 
4481	16 
4482	104 
4483	162 
4484	67 
4485	112 
4486	65 
4487	56 
4488	80 
4489	98 
4490	154 
4491	165 
4492	90 
4493	48 
4494	83 
4495	34 
4496	4 
4497	28 
4498	90 
4499	81 
4500	114 
4501	121 
4502	6 
4503	109 
4504	121 
4505	121 
4506	2 
4507	11 
4508	73 
4509	90 
4510	87 
4511	6 
4512	42 
4513	101 
4514	81 
4515	14 
4516	9 
4517	161 
4518	161 
4519	81 
4520	94 
4521	30 
4522	64 
4523	34 
4524	124 
4525	85 
4526	71 
4527	86 
4528	60 
4529	125 
4530	18 
4531	28 
4532	32 
4533	169 
4534	9 
4535	1 
4536	94 
4537	50 
4538	37 
4539	127 
4540	93 
4541	63 
4542	143 
4543	169 
4544	154 
4545	23 
4546	141 
4547	73 
4548	1 
4549	11 
4550	158 
4551	50 
4552	129 
4553	143 
4554	20 
4555	64 
4556	19 
4557	87 
4558	27 
4559	152 
4560	44 
4561	120 
4562	83 
4563	91 
4564	109 
4565	87 
4566	121 
4567	76 
4568	108 
4569	101 
4570	3 
4571	116 
4572	21 
4573	13 
4574	137 
4575	103 
4576	118 
4577	27 
4578	165 
4579	85 
4580	130 
4581	73 
4582	93 
4583	69 
4584	140 
4585	75 
4586	46 
4587	22 
4588	42 
4589	63 
4590	8 
4591	13 
4592	69 
4593	83 
4594	87 
4595	154 
4596	23 
4597	145 
4598	69 
4599	110 
4600	93 
4601	42 
4602	135 
4603	81 
4604	87 
4605	163 
4606	47 
4607	134 
4608	59 
4609	17 
4610	125 
4611	13 
4612	15 
4613	91 
4614	108 
4615	121 
4616	23 
4617	29 
4618	94 
4619	15 
4620	63 
4621	62 
4622	61 
4623	78 
4624	45 
4625	4 
4626	81 
4627	127 
4628	118 
4629	115 
4630	23 
4631	74 
4632	86 
4633	136 
4634	42 
4635	3 
4636	118 
4637	120 
4638	106 
4639	129 
4640	75 
4641	33 
4642	85 
4643	4 
4644	90 
4645	118 
4646	6 
4647	104 
4648	130 
4649	134 
4650	59 
4651	17 
4652	94 
4653	162 
4654	154 
4655	2 
4656	104 
4657	104 
4658	78 
4659	33 
4660	152 
4661	113 
4662	81 
4663	75 
4664	7 
4665	154 
4666	130 
4667	154 
4668	120 
4669	146 
4670	96 
4671	148 
4672	46 
4673	126 
4674	108 
4675	46 
4676	136 
4677	50 
4678	130 
4679	40 
4680	139 
4681	20 
4682	136 
4683	76 
4684	135 
4685	87 
4686	113 
4687	135 
4688	163 
4689	76 
4690	8 
4691	121 
4692	7 
4693	100 
4694	32 
4695	164 
4696	81 
4697	10 
4698	86 
4699	56 
4700	142 
4701	40 
4702	46 
4703	158 
4704	15 
4705	5 
4706	6 
4707	114 
4708	135 
4709	56 
4710	7 
4711	62 
4712	3 
4713	3 
4714	125 
4715	138 
4716	4 
4717	79 
4718	18 
4719	104 
4720	93 
4721	4 
4722	60 
4723	63 
4724	140 
4725	1 
4726	124 
4727	4 
4728	120 
4729	158 
4730	154 
4731	3 
4732	75 
4733	40 
4734	57 
4735	46 
4736	75 
4737	37 
4738	2 
4739	127 
4740	4 
4741	161 
4742	127 
4743	94 
4744	67 
4745	16 
4746	158 
4747	6 
4748	13 
4749	8 
4750	109 
4751	129 
4752	87 
4753	8 
4754	75 
4755	112 
4756	37 
4757	6 
4758	145 
4759	75 
4760	79 
4761	60 
4762	86 
4763	82 
4764	2 
4765	3 
4766	4 
4767	30 
4768	1 
4769	135 
4770	60 
4771	15 
4772	116 
4773	129 
4774	72 
4775	6 
4776	5 
4777	81 
4778	36 
4779	96 
4780	81 
4781	35 
4782	57 
4783	61 
4784	51 
4785	36 
4786	2 
4787	161 
4788	88 
4789	97 
4790	128 
4791	80 
4792	43 
4793	65 
4794	126 
4795	137 
4796	141 
4797	51 
4798	153 
4799	53 
4800	69 
4801	76 
4802	116 
4803	30 
4804	32 
4805	80 
4806	74 
4807	75 
4808	56 
4809	118 
4810	68 
4811	20 
4812	116 
4813	112 
4814	51 
4815	161 
4816	165 
4817	76 
4818	50 
4819	137 
4820	161 
4821	134 
4822	158 
4823	15 
4824	20 
4825	46 
4826	13 
4827	158 
4828	102 
4829	169 
4830	90 
4831	93 
4832	49 
4833	30 
4834	72 
4835	112 
4836	16 
4837	1 
4838	127 
4839	100 
4840	161 
4841	112 
4842	50 
4843	63 
4844	38 
4845	39 
4846	57 
4847	60 
4848	1 
4849	61 
4850	165 
4851	130 
4852	111 
4853	102 
4854	94 
4855	148 
4856	75 
4857	49 
4858	139 
4859	6 
4860	75 
4861	75 
4862	49 
4863	16 
4864	163 
4865	15 
4866	135 
4867	10 
4868	121 
4869	25 
4870	93 
4871	115 
4872	68 
4873	1 
4874	60 
4875	125 
4876	32 
4877	121 
4878	71 
4879	116 
4880	60 
4881	154 
4882	148 
4883	72 
4884	110 
4885	163 
4886	3 
4887	154 
4888	80 
4889	13 
4890	78 
4891	87 
4892	116 
4893	1 
4894	6 
4895	120 
4896	158 
4897	154 
4898	163 
4899	16 
4900	149 
4901	114 
4902	35 
4903	79 
4904	169 
4905	4 
4906	169 
4907	158 
4908	7 
4909	68 
4910	30 
4911	123 
4912	97 
4913	164 
4914	80 
4915	81 
4916	163 
4917	36 
4918	65 
4919	118 
4920	4 
4921	93 
4922	49 
4923	1 
4924	169 
4925	53 
4926	46 
4927	94 
4928	141 
4929	126 
4930	22 
4931	3 
4932	124 
4933	86 
4934	78 
4935	60 
4936	81 
4937	39 
4938	78 
4939	79 
4940	100 
4941	11 
4942	100 
4943	141 
4944	18 
4945	118 
4946	113 
4947	37 
4948	14 
4949	87 
4950	36 
4951	161 
4952	57 
4953	11 
4954	165 
4955	19 
4956	19 
4957	28 
4958	96 
4959	30 
4960	87 
4961	29 
4962	69 
4963	2 
4964	79 
4965	15 
4966	27 
4967	149 
4968	158 
4969	98 
4970	163 
4971	142 
4972	116 
4973	91 
4974	74 
4975	3 
4976	126 
4977	32 
4978	72 
4979	118 
4980	112 
4981	4 
4982	12 
4983	158 
4984	74 
4985	28 
4986	124 
4987	144 
4988	57 
4989	103 
4990	30 
4991	37 
4992	93 
4993	78 
4994	138 
4995	80 
4996	86 
4997	70 
4998	23 
4999	14 
5000	94 
5001	96 
5002	38 
5003	94 
5004	56 
5005	120 
5006	4 
5007	2 
5008	126 
5009	77 
5010	62 
5011	72 
5012	147 
5013	46 
5014	61 
5015	38 
5016	37 
5017	93 
5018	114 
5019	106 
5020	83 
5021	60 
5022	37 
5023	91 
5024	93 
5025	30 
5026	136 
5027	102 
5028	136 
5029	3 
5030	46 
5031	162 
5032	156 
5033	65 
5034	19 
5035	1 
5036	112 
5037	13 
5038	164 
5039	96 
5040	8 
5041	60 
5042	1 
5043	129 
5044	68 
5045	28 
5046	75 
5047	21 
5048	116 
5049	166 
5050	147 
5051	12 
5052	154 
5053	3 
5054	94 
5055	4 
5056	96 
5057	121 
5058	74 
5059	59 
5060	130 
5061	138 
5062	46 
5063	120 
5064	59 
5065	61 
5066	169 
5067	121 
5068	87 
5069	94 
5070	124 
5071	22 
5072	7 
5073	165 
5074	41 
5075	139 
5076	165 
5077	7 
5078	118 
5079	145 
5080	112 
5081	136 
5082	72 
5083	61 
5084	94 
5085	13 
5086	91 
5087	162 
5088	154 
5089	46 
5090	1 
5091	47 
5092	163 
5093	146 
5094	61 
5095	154 
5096	161 
5097	30 
5098	79 
5099	136 
5100	13 
5101	106 
5102	121 
5103	136 
5104	140 
5105	96 
5106	125 
5107	110 
5108	63 
5109	145 
5110	125 
5111	23 
5112	36 
5113	93 
5114	69 
5115	87 
5116	136 
5117	50 
5118	1 
5119	13 
5120	154 
5121	71 
5122	120 
5123	111 
5124	26 
5125	161 
5126	93 
5127	81 
5128	29 
5129	101 
5130	46 
5131	74 
5132	67 
5133	4 
5134	43 
5135	158 
5136	150 
5137	37 
5138	37 
5139	146 
5140	15 
5141	81 
5142	87 
5143	93 
5144	169 
5145	87 
5146	75 
5147	130 
5148	5 
5149	90 
5150	141 
5151	130 
5152	136 
5153	4 
5154	141 
5155	101 
5156	1 
5157	23 
5158	8 
5159	4 
5160	35 
5161	136 
5162	93 
5163	112 
5164	74 
5165	33 
5166	63 
5167	59 
5168	121 
5169	8 
5170	36 
5171	118 
5172	75 
5173	20 
5174	94 
5175	100 
5176	6 
5177	130 
5178	7 
5179	93 
5180	28 
5181	22 
5182	116 
5183	130 
5184	129 
5185	101 
5186	156 
5187	87 
5188	37 
5189	78 
5190	19 
5191	145 
5192	33 
5193	86 
5194	63 
5195	50 
5196	8 
5197	69 
5198	169 
5199	2 
5200	20 
5201	161 
5202	46 
5203	119 
5204	97 
5205	161 
5206	34 
5207	169 
5208	86 
5209	75 
5210	65 
5211	97 
5212	163 
5213	56 
5214	124 
5215	137 
5216	22 
5217	114 
5218	165 
5219	146 
5220	72 
5221	102 
5222	100 
5223	30 
5224	161 
5225	126 
5226	73 
5227	53 
5228	44 
5229	144 
5230	65 
5231	164 
5232	130 
5233	32 
5234	23 
5235	160 
5236	70 
5237	74 
5238	110 
5239	127 
5240	130 
5241	87 
5242	6 
5243	5 
5244	106 
5245	119 
5246	37 
5247	165 
5248	69 
5249	86 
5250	112 
5251	4 
5252	121 
5253	3 
5254	62 
5255	96 
5256	160 
5257	40 
5258	61 
5259	125 
5260	11 
5261	72 
5262	3 
5263	87 
5264	14 
5265	19 
5266	62 
5267	49 
5268	46 
5269	143 
5270	68 
5271	91 
5272	29 
5273	75 
5274	145 
5275	70 
5276	70 
5277	13 
5278	7 
5279	101 
5280	62 
5281	121 
5282	6 
5283	6 
5284	145 
5285	136 
5286	129 
5287	59 
5288	163 
5289	137 
5290	136 
5291	47 
5292	16 
5293	7 
5294	76 
5295	91 
5296	26 
5297	53 
5298	165 
5299	46 
5300	129 
5301	22 
5302	3 
5303	7 
5304	46 
5305	56 
5306	80 
5307	77 
5308	27 
5309	160 
5310	50 
5311	148 
5312	63 
5313	102 
5314	8 
5315	121 
5316	23 
5317	96 
5318	37 
5319	8 
5320	40 
5321	104 
5322	34 
5323	1 
5324	96 
5325	158 
5326	160 
5327	63 
5328	26 
5329	75 
5330	60 
5331	13 
5332	77 
5333	32 
5334	128 
5335	62 
5336	56 
5337	134 
5338	120 
5339	105 
5340	72 
5341	169 
5342	20 
5343	59 
5344	120 
5345	75 
5346	158 
5347	20 
5348	93 
5349	29 
5350	121 
5351	145 
5352	6 
5353	13 
5354	126 
5355	134 
5356	38 
5357	72 
5358	126 
5359	169 
5360	93 
5361	59 
5362	130 
5363	141 
5364	61 
5365	36 
5366	90 
5367	58 
5368	121 
5369	80 
5370	148 
5371	60 
5372	87 
5373	62 
5374	104 
5375	23 
5376	96 
5377	29 
5378	158 
5379	146 
5380	44 
5381	3 
5382	78 
5383	58 
5384	76 
5385	75 
5386	141 
5387	59 
5388	60 
5389	46 
5390	145 
5391	121 
5392	116 
5393	160 
5394	25 
5395	130 
5396	154 
5397	129 
5398	50 
5399	130 
5400	146 
5401	38 
5402	69 
5403	154 
5404	110 
5405	118 
5406	30 
5407	44 
5408	61 
5409	67 
5410	72 
5411	148 
5412	83 
5413	11 
5414	28 
5415	93 
5416	69 
5417	94 
5418	4 
5419	83 
5420	5 
5421	3 
5422	56 
5423	158 
5424	60 
5425	126 
5426	165 
5427	39 
5428	169 
5429	118 
5430	161 
5431	59 
5432	138 
5433	148 
5434	73 
5435	112 
5436	125 
5437	77 
5438	94 
5439	78 
5440	13 
5441	28 
5442	19 
5443	7 
5444	80 
5445	28 
5446	65 
5447	138 
5448	114 
5449	118 
5450	74 
5451	114 
5452	35 
5453	74 
5454	121 
5455	53 
5456	158 
5457	44 
5458	135 
5459	139 
5460	143 
5461	158 
5462	28 
5463	83 
5464	87 
5465	137 
5466	83 
5467	161 
5468	123 
5469	53 
5470	6 
5471	47 
5472	36 
5473	76 
5474	46 
5475	72 
5476	130 
5477	1 
5478	130 
5479	21 
5480	116 
5481	65 
5482	87 
5483	161 
5484	104 
5485	19 
5486	56 
5487	49 
5488	74 
5489	100 
5490	76 
5491	57 
5492	158 
5493	124 
5494	9 
5495	156 
5496	65 
5497	113 
5498	93 
5499	71 
5500	7 
5501	4 
5502	60 
5503	19 
5504	58 
5505	100 
5506	122 
5507	6 
5508	94 
5509	141 
5510	141 
5511	121 
5512	81 
5513	126 
5514	90 
5515	145 
5516	147 
5517	25 
5518	50 
5519	80 
5520	146 
5521	130 
5522	8 
5523	106 
5524	46 
5525	126 
5526	23 
5527	110 
5528	22 
5529	165 
5530	116 
5531	86 
5532	96 
5533	7 
5534	98 
5535	141 
5536	50 
5537	63 
5538	86 
5539	7 
5540	87 
5541	26 
5542	130 
5543	44 
5544	72 
5545	50 
5546	65 
5547	4 
5548	158 
5549	62 
5550	26 
5551	72 
5552	80 
5553	7 
5554	93 
5555	91 
5556	6 
5557	75 
5558	154 
5559	46 
5560	112 
5561	4 
5562	151 
5563	161 
5564	161 
5565	160 
5566	13 
5567	56 
5568	35 
5569	87 
5570	90 
5571	78 
5572	46 
5573	135 
5574	74 
5575	13 
5576	32 
5577	32 
5578	127 
5579	161 
5580	145 
5581	161 
5582	19 
5583	127 
5584	68 
5585	15 
5586	154 
5587	16 
5588	102 
5589	102 
5590	165 
5591	79 
5592	160 
5593	129 
5594	80 
5595	130 
5596	87 
5597	80 
5598	87 
5599	63 
5600	83 
5601	73 
5602	136 
5603	3 
5604	32 
5605	87 
5606	19 
5607	158 
5608	161 
5609	105 
5610	8 
5611	81 
5612	118 
5613	151 
5614	6 
5615	87 
5616	80 
5617	154 
5618	65 
5619	161 
5620	158 
5621	145 
5622	124 
5623	154 
5624	106 
5625	19 
5626	11 
5627	61 
5628	29 
5629	86 
5630	20 
5631	25 
5632	115 
5633	23 
5634	160 
5635	138 
5636	137 
5637	69 
5638	113 
5639	56 
5640	37 
5641	121 
5642	28 
5643	83 
5644	67 
5645	19 
5646	13 
5647	17 
5648	113 
5649	30 
5650	141 
5651	1 
5652	158 
5653	135 
5654	80 
5655	169 
5656	75 
5657	75 
5658	166 
5659	23 
5660	158 
5661	34 
5662	96 
5663	11 
5664	75 
5665	13 
5666	137 
5667	37 
5668	105 
5669	102 
5670	87 
5671	75 
5672	32 
5673	154 
5674	85 
5675	154 
5676	11 
5677	32 
5678	74 
5679	3 
5680	163 
5681	101 
5682	25 
5683	25 
5684	86 
5685	46 
5686	126 
5687	1 
5688	71 
5689	58 
5690	30 
5691	165 
5692	158 
5693	129 
5694	3 
5695	93 
5696	158 
5697	81 
5698	148 
5699	130 
5700	101 
5701	67 
5702	12 
5703	13 
5704	58 
5705	124 
5706	46 
5707	163 
5708	169 
5709	50 
5710	160 
5711	127 
5712	85 
5713	118 
5714	58 
5715	14 
5716	113 
5717	122 
5718	142 
5719	8 
5720	60 
5721	146 
5722	65 
5723	121 
5724	136 
5725	124 
5726	16 
5727	136 
5728	53 
5729	75 
5730	11 
5731	104 
5732	46 
5733	8 
5734	2 
5735	62 
5736	15 
5737	122 
5738	60 
5739	100 
5740	60 
5741	43 
5742	80 
5743	145 
5744	87 
5745	12 
5746	75 
5747	80 
5748	161 
5749	83 
5750	164 
5751	65 
5752	153 
5753	6 
5754	169 
5755	158 
5756	17 
5757	29 
5758	169 
5759	93 
5760	7 
5761	87 
5762	13 
5763	80 
5764	58 
5765	3 
5766	3 
5767	158 
5768	120 
5769	41 
5770	75 
5771	75 
5772	130 
5773	122 
5774	65 
5775	136 
5776	46 
5777	120 
5778	138 
5779	3 
5780	85 
5781	6 
5782	106 
5783	2 
5784	158 
5785	41 
5786	134 
5787	37 
5788	160 
5789	127 
5790	154 
5791	154 
5792	13 
5793	114 
5794	61 
5795	79 
5796	4 
5797	25 
5798	3 
5799	59 
5800	138 
5801	113 
5802	28 
5803	120 
5804	122 
5805	146 
5806	160 
5807	73 
5808	75 
5809	112 
5810	8 
5811	137 
5812	89 
5813	4 
5814	129 
5815	139 
5816	154 
5817	32 
5818	17 
5819	135 
5820	68 
5821	93 
5822	76 
5823	152 
5824	146 
5825	125 
5826	94 
5827	102 
5828	75 
5829	110 
5830	28 
5831	96 
5832	58 
5833	1 
5834	126 
5835	2 
5836	144 
5837	96 
5838	116 
5839	126 
5840	163 
5841	34 
5842	143 
5843	19 
5844	109 
5845	3 
5846	75 
5847	4 
5848	93 
5849	28 
5850	160 
5851	93 
5852	37 
5853	124 
5854	85 
5855	169 
5856	65 
5857	17 
5858	113 
5859	30 
5860	75 
5861	46 
5862	32 
5863	122 
5864	94 
5865	14 
5866	135 
5867	4 
5868	12 
5869	71 
5870	50 
5871	143 
5872	7 
5873	152 
5874	161 
5875	138 
5876	8 
5877	158 
5878	40 
5879	106 
5880	115 
5881	50 
5882	65 
5883	80 
5884	135 
5885	32 
5886	149 
5887	13 
5888	79 
5889	58 
5890	126 
5891	81 
5892	145 
5893	6 
5894	29 
5895	153 
5896	75 
5897	15 
5898	125 
5899	8 
5900	120 
5901	145 
5902	78 
5903	57 
5904	29 
5905	71 
5906	78 
5907	128 
5908	85 
5909	25 
5910	7 
5911	40 
5912	114 
5913	124 
5914	62 
5915	28 
5916	126 
5917	8 
5918	25 
5919	62 
5920	23 
5921	71 
5922	83 
5923	110 
5924	96 
5925	124 
5926	74 
5927	4 
5928	102 
5929	8 
5930	13 
5931	163 
5932	65 
5933	87 
5934	136 
5935	139 
5936	80 
5937	141 
5938	12 
5939	130 
5940	43 
5941	156 
5942	75 
5943	4 
5944	80 
5945	29 
5946	44 
5947	154 
5948	156 
5949	13 
5950	57 
5951	8 
5952	121 
5953	50 
5954	137 
5955	100 
5956	6 
5957	27 
5958	137 
5959	100 
5960	139 
5961	129 
5962	29 
5963	163 
5964	61 
5965	20 
5966	20 
5967	158 
5968	158 
5969	20 
5970	160 
5971	59 
5972	3 
5973	3 
5974	83 
5975	158 
5976	71 
5977	113 
5978	110 
5979	161 
5980	72 
5981	141 
5982	110 
5983	83 
5984	165 
5985	97 
5986	114 
5987	2 
5988	110 
5989	122 
5990	37 
5991	102 
5992	67 
5993	158 
5994	118 
5995	72 
5996	1 
5997	130 
5998	3 
5999	139 
6000	96 
6001	7 
6002	50 
6003	9 
6004	19 
6005	78 
6006	127 
6007	72 
6008	109 
6009	116 
6010	19 
6011	3 
6012	65 
6013	1 
6014	1 
6015	166 
6016	145 
6017	60 
6018	158 
6019	63 
6020	26 
6021	3 
6022	164 
6023	153 
6024	28 
6025	81 
6026	19 
6027	93 
6028	86 
6029	67 
6030	67 
6031	57 
6032	164 
6033	70 
6034	141 
6035	73 
6036	93 
6037	112 
6038	87 
6039	97 
6040	113 
6041	130 
6042	30 
6043	109 
6044	3 
6045	58 
6046	75 
6047	104 
6048	67 
6049	7 
6050	11 
6051	23 
6052	105 
6053	141 
6054	161 
6055	61 
6056	146 
6057	73 
6058	78 
6059	141 
6060	158 
6061	8 
6062	154 
6063	164 
6064	25 
6065	1 
6066	127 
6067	65 
6068	158 
6069	165 
6070	113 
6071	23 
6072	79 
6073	109 
6074	16 
6075	96 
6076	110 
6077	4 
6078	120 
6079	145 
6080	137 
6081	75 
6082	23 
6083	73 
6084	83 
6085	6 
6086	3 
6087	118 
6088	46 
6089	50 
6090	37 
6091	96 
6092	118 
6093	83 
6094	164 
6095	100 
6096	161 
6097	130 
6098	87 
6099	58 
6100	23 
6101	127 
6102	81 
6103	75 
6104	60 
6105	65 
6106	29 
6107	4 
6108	86 
6109	89 
6110	3 
6111	30 
6112	96 
6113	61 
6114	60 
6115	75 
6116	8 
6117	32 
6118	3 
6119	96 
6120	30 
6121	91 
6122	30 
6123	104 
6124	118 
6125	136 
6126	91 
6127	53 
6128	165 
6129	8 
6130	121 
6131	69 
6132	74 
6133	73 
6134	8 
6135	88 
6136	30 
6137	93 
6138	71 
6139	139 
6140	65 
6141	165 
6142	23 
6143	154 
6144	124 
6145	59 
6146	28 
6147	75 
6148	65 
6149	4 
6150	2 
6151	65 
6152	162 
6153	164 
6154	148 
6155	160 
6156	57 
6157	50 
6158	134 
6159	62 
6160	16 
6161	83 
6162	73 
6163	78 
6164	32 
6165	89 
6166	8 
6167	104 
6168	80 
6169	96 
6170	50 
6171	121 
6172	100 
6173	29 
6174	60 
6175	158 
6176	62 
6177	130 
6178	126 
6179	6 
6180	161 
6181	158 
6182	164 
6183	163 
6184	161 
6185	37 
6186	109 
6187	75 
6188	34 
6189	32 
6190	102 
6191	128 
6192	44 
6193	116 
6194	88 
6195	165 
6196	61 
6197	158 
6198	8 
6199	113 
6200	161 
6201	74 
6202	134 
6203	46 
6204	13 
6205	154 
6206	158 
6207	69 
6208	146 
6209	79 
6210	102 
6211	88 
6212	124 
6213	152 
6214	20 
6215	63 
6216	90 
6217	7 
6218	2 
6219	12 
6220	160 
6221	130 
6222	20 
6223	146 
6224	19 
6225	62 
6226	57 
6227	72 
6228	118 
6229	112 
6230	4 
6231	137 
6232	32 
6233	19 
6234	73 
6235	124 
6236	127 
6237	126 
6238	75 
6239	145 
6240	121 
6241	164 
6242	124 
6243	79 
6244	104 
6245	32 
6246	22 
6247	116 
6248	126 
6249	125 
6250	114 
6251	118 
6252	141 
6253	62 
6254	81 
6255	11 
6256	59 
6257	154 
6258	75 
6259	3 
6260	127 
6261	72 
6262	121 
6263	43 
6264	3 
6265	137 
6266	78 
6267	87 
6268	6 
6269	86 
6270	121 
6271	154 
6272	97 
6273	57 
6274	115 
6275	44 
6276	81 
6277	25 
6278	3 
6279	19 
6280	145 
6281	72 
6282	142 
6283	89 
6284	19 
6285	8 
6286	50 
6287	154 
6288	6 
6289	144 
6290	11 
6291	118 
6292	75 
6293	136 
6294	6 
6295	28 
6296	72 
6297	130 
6298	60 
6299	147 
6300	164 
6301	11 
6302	80 
6303	106 
6304	75 
6305	139 
6306	93 
6307	65 
6308	40 
6309	41 
6310	163 
6311	136 
6312	88 
6313	25 
6314	130 
6315	146 
6316	29 
6317	120 
6318	57 
6319	90 
6320	23 
6321	130 
6322	139 
6323	3 
6324	100 
6325	97 
6326	56 
6327	129 
6328	7 
6329	58 
6330	165 
6331	160 
6332	87 
6333	110 
6334	6 
6335	81 
6336	60 
6337	80 
6338	43 
6339	19 
6340	69 
6341	116 
6342	158 
6343	29 
6344	145 
6345	130 
6346	11 
6347	8 
6348	76 
6349	60 
6350	114 
6351	139 
6352	109 
6353	7 
6354	67 
6355	75 
6356	86 
6357	163 
6358	86 
6359	59 
6360	44 
6361	129 
6362	46 
6363	143 
6364	53 
6365	136 
6366	118 
6367	158 
6368	8 
6369	91 
6370	160 
6371	154 
6372	40 
6373	127 
6374	129 
6375	1 
6376	112 
6377	143 
6378	152 
6379	116 
6380	96 
6381	1 
6382	90 
6383	124 
6384	137 
6385	86 
6386	7 
6387	142 
6388	152 
6389	78 
6390	91 
6391	83 
6392	91 
6393	96 
6394	46 
6395	126 
6396	46 
6397	23 
6398	87 
6399	12 
6400	58 
6401	3 
6402	162 
6403	126 
6404	163 
6405	78 
6406	81 
6407	12 
6408	28 
6409	93 
6410	74 
6411	4 
6412	43 
6413	81 
6414	30 
6415	93 
6416	1 
6417	97 
6418	90 
6419	97 
6420	100 
6421	118 
6422	124 
6423	3 
6424	141 
6425	134 
6426	158 
6427	72 
6428	149 
6429	130 
6430	4 
6431	6 
6432	37 
6433	69 
6434	50 
6435	138 
6436	68 
6437	156 
6438	118 
6439	142 
6440	40 
6441	100 
6442	110 
6443	63 
6444	19 
6445	87 
6446	121 
6447	161 
6448	29 
6449	158 
6450	41 
6451	57 
6452	46 
6453	28 
6454	83 
6455	44 
6456	6 
6457	161 
6458	129 
6459	104 
6460	158 
6461	13 
6462	102 
6463	41 
6464	88 
6465	102 
6466	96 
6467	158 
6468	11 
6469	169 
6470	46 
6471	116 
6472	11 
6473	28 
6474	34 
6475	4 
6476	30 
6477	126 
6478	22 
6479	113 
6480	60 
6481	65 
6482	142 
6483	50 
6484	110 
6485	104 
6486	115 
6487	122 
6488	129 
6489	83 
6490	158 
6491	163 
6492	113 
6493	50 
6494	81 
6495	120 
6496	49 
6497	61 
6498	62 
6499	11 
6500	59 
6501	83 
6502	116 
6503	50 
6504	23 
6505	141 
6506	87 
6507	19 
6508	135 
6509	91 
6510	116 
6511	124 
6512	58 
6513	74 
6514	81 
6515	37 
6516	156 
6517	113 
6518	16 
6519	121 
6520	16 
6521	74 
6522	156 
6523	134 
6524	158 
6525	87 
6526	121 
6527	149 
6528	160 
6529	126 
6530	70 
6531	90 
6532	28 
6533	70 
6534	37 
6535	28 
6536	11 
6537	145 
6538	62 
6539	113 
6540	136 
6541	59 
6542	154 
6543	73 
6544	141 
6545	154 
6546	13 
6547	130 
6548	7 
6549	81 
6550	19 
6551	70 
6552	161 
6553	81 
6554	43 
6555	25 
6556	121 
6557	146 
6558	161 
6559	136 
6560	8 
6561	23 
6562	75 
6563	76 
6564	112 
6565	129 
6566	4 
6567	75 
6568	29 
6569	25 
6570	20 
6571	104 
6572	124 
6573	11 
6574	130 
6575	72 
6576	145 
6577	73 
6578	158 
6579	141 
6580	158 
6581	61 
6582	63 
6583	146 
6584	90 
6585	23 
6586	90 
6587	126 
6588	120 
6589	75 
6590	80 
6591	35 
6592	8 
6593	165 
6594	32 
6595	143 
6596	158 
6597	116 
6598	1 
6599	145 
6600	7 
6601	37 
6602	160 
6603	78 
6604	50 
6605	127 
6606	65 
6607	53 
6608	32 
6609	78 
6610	130 
6611	3 
6612	104 
6613	28 
6614	46 
6615	91 
6616	164 
6617	86 
6618	163 
6619	30 
6620	81 
6621	121 
6622	3 
6623	57 
6624	86 
6625	78 
6626	156 
6627	37 
6628	90 
6629	74 
6630	145 
6631	12 
6632	126 
6633	22 
6634	41 
6635	19 
6636	158 
6637	25 
6638	69 
6639	93 
6640	121 
6641	135 
6642	23 
6643	25 
6644	8 
6645	58 
6646	15 
6647	96 
6648	137 
6649	69 
6650	130 
6651	25 
6652	91 
6653	8 
6654	80 
6655	90 
6656	106 
6657	65 
6658	29 
6659	118 
6660	13 
6661	158 
6662	8 
6663	118 
6664	62 
6665	126 
6666	4 
6667	106 
6668	169 
6669	87 
6670	19 
6671	6 
6672	32 
6673	114 
6674	86 
6675	154 
6676	169 
6677	127 
6678	81 
6679	94 
6680	2 
6681	28 
6682	78 
6683	158 
6684	13 
6685	39 
6686	37 
6687	72 
6688	160 
6689	130 
6690	102 
6691	139 
6692	67 
6693	93 
6694	72 
6695	4 
6696	156 
6697	93 
6698	20 
6699	53 
6700	50 
6701	73 
6702	104 
6703	91 
6704	116 
6705	53 
6706	160 
6707	120 
6708	87 
6709	4 
6710	30 
6711	125 
6712	3 
6713	129 
6714	26 
6715	116 
6716	75 
6717	3 
6718	46 
6719	1 
6720	70 
6721	149 
6722	25 
6723	145 
6724	37 
6725	120 
6726	62 
6727	89 
6728	2 
6729	160 
6730	130 
6731	121 
6732	63 
6733	138 
6734	79 
6735	130 
6736	6 
6737	41 
6738	20 
6739	50 
6740	4 
6741	83 
6742	149 
6743	161 
6744	136 
6745	138 
6746	28 
6747	8 
6748	23 
6749	160 
6750	162 
6751	165 
6752	93 
6753	19 
6754	62 
6755	22 
6756	49 
6757	60 
6758	70 
6759	59 
6760	68 
6761	13 
6762	35 
6763	87 
6764	145 
6765	7 
6766	124 
6767	62 
6768	136 
6769	127 
6770	86 
6771	57 
6772	136 
6773	37 
6774	35 
6775	62 
6776	83 
6777	6 
6778	158 
6779	83 
6780	154 
6781	71 
6782	81 
6783	78 
6784	130 
6785	156 
6786	161 
6787	86 
6788	161 
6789	86 
6790	121 
6791	124 
6792	74 
6793	23 
6794	80 
6795	112 
6796	104 
6797	35 
6798	3 
6799	36 
6800	25 
6801	163 
6802	44 
6803	158 
6804	13 
6805	1 
6806	90 
6807	57 
6808	61 
6809	72 
6810	20 
6811	125 
6812	15 
6813	30 
6814	125 
6815	89 
6816	114 
6817	2 
6818	58 
6819	75 
6820	63 
6821	7 
6822	94 
6823	121 
6824	138 
6825	15 
6826	134 
6827	125 
6828	13 
6829	127 
6830	83 
6831	2 
6832	50 
6833	4 
6834	16 
6835	120 
6836	74 
6837	120 
6838	81 
6839	134 
6840	60 
6841	161 
6842	75 
6843	68 
6844	120 
6845	110 
6846	75 
6847	126 
6848	96 
6849	25 
6850	141 
6851	86 
6852	32 
6853	130 
6854	11 
6855	1 
6856	50 
6857	1 
6858	81 
6859	93 
6860	154 
6861	165 
6862	145 
6863	80 
6864	126 
6865	37 
6866	63 
6867	67 
6868	141 
6869	59 
6870	91 
6871	15 
6872	148 
6873	129 
6874	136 
6875	116 
6876	141 
6877	3 
6878	124 
6879	75 
6880	8 
6881	44 
6882	29 
6883	59 
6884	134 
6885	60 
6886	3 
6887	121 
6888	50 
6889	1 
6890	91 
6891	137 
6892	139 
6893	19 
6894	13 
6895	124 
6896	87 
6897	74 
6898	158 
6899	50 
6900	126 
6901	130 
6902	91 
6903	61 
6904	160 
6905	146 
6906	69 
6907	29 
6908	29 
6909	46 
6910	4 
6911	93 
6912	8 
6913	138 
6914	75 
6915	126 
6916	19 
6917	118 
6918	136 
6919	104 
6920	83 
6921	86 
6922	15 
6923	6 
6924	13 
6925	81 
6926	58 
6927	160 
6928	67 
6929	118 
6930	104 
6931	138 
6932	90 
6933	37 
6934	124 
6935	61 
6936	60 
6937	169 
6938	81 
6939	25 
6940	29 
6941	112 
6942	20 
6943	65 
6944	102 
6945	116 
6946	26 
6947	53 
6948	69 
6949	126 
6950	102 
6951	156 
6952	25 
6953	11 
6954	86 
6955	93 
6956	15 
6957	65 
6958	127 
6959	124 
6960	126 
6961	94 
6962	72 
6963	53 
6964	121 
6965	120 
6966	86 
6967	3 
6968	67 
6969	16 
6970	40 
6971	113 
6972	161 
6973	120 
6974	134 
6975	154 
6976	81 
6977	67 
6978	62 
6979	169 
6980	141 
6981	164 
6982	145 
6983	75 
6984	161 
6985	67 
6986	121 
6987	120 
6988	125 
6989	146 
6990	86 
6991	83 
6992	3 
6993	23 
6994	154 
6995	118 
6996	57 
6997	23 
6998	104 
6999	113 
7000	163 
7001	102 
7002	86 
7003	56 
7004	57 
7005	145 
7006	136 
7007	3 
7008	62 
7009	91 
7010	160 
7011	89 
7012	60 
7013	126 
7014	130 
7015	8 
7016	57 
7017	81 
7018	165 
7019	72 
7020	11 
7021	121 
7022	139 
7023	163 
7024	30 
7025	112 
7026	162 
7027	20 
7028	126 
7029	70 
7030	61 
7031	19 
7032	37 
7033	81 
7034	125 
7035	161 
7036	86 
7037	78 
7038	4 
7039	127 
7040	7 
7041	6 
7042	130 
7043	90 
7044	19 
7045	3 
7046	78 
7047	58 
7048	28 
7049	139 
7050	87 
7051	78 
7052	19 
7053	90 
7054	65 
7055	124 
7056	62 
7057	19 
7058	19 
7059	112 
7060	158 
7061	2 
7062	59 
7063	75 
7064	130 
7065	134 
7066	118 
7067	29 
7068	37 
7069	86 
7070	46 
7071	69 
7072	145 
7073	46 
7074	81 
7075	110 
7076	154 
7077	86 
7078	37 
7079	112 
7080	62 
7081	62 
7082	74 
7083	91 
7084	134 
7085	93 
7086	46 
7087	80 
7088	139 
7089	60 
7090	125 
7091	165 
7092	3 
7093	102 
7094	80 
7095	161 
7096	148 
7097	91 
7098	2 
7099	114 
7100	60 
7101	29 
7102	74 
7103	19 
7104	87 
7105	86 
7106	53 
7107	97 
7108	112 
7109	86 
7110	148 
7111	6 
7112	75 
7113	126 
7114	3 
7115	124 
7116	20 
7117	23 
7118	156 
7119	15 
7120	113 
7121	26 
7122	97 
7123	62 
7124	129 
7125	126 
7126	146 
7127	102 
7128	65 
7129	113 
7130	160 
7131	89 
7132	81 
7133	136 
7134	2 
7135	113 
7136	59 
7137	46 
7138	65 
7139	6 
7140	81 
7141	118 
7142	62 
7143	6 
7144	6 
7145	3 
7146	30 
7147	3 
7148	12 
7149	57 
7150	86 
7151	7 
7152	46 
7153	78 
7154	112 
7155	87 
7156	72 
7157	124 
7158	139 
7159	120 
7160	25 
7161	80 
7162	121 
7163	121 
7164	8 
7165	2 
7166	127 
7167	96 
7168	71 
7169	78 
7170	60 
7171	158 
7172	61 
7173	93 
7174	169 
7175	72 
7176	121 
7177	6 
7178	87 
7179	29 
7180	154 
7181	6 
7182	22 
7183	65 
7184	112 
7185	127 
7186	137 
7187	114 
7188	59 
7189	2 
7190	32 
7191	37 
7192	160 
7193	32 
7194	50 
7195	154 
7196	11 
7197	169 
7198	87 
7199	1 
7200	94 
7201	126 
7202	75 
7203	116 
7204	141 
7205	72 
7206	2 
7207	3 
7208	89 
7209	11 
7210	135 
7211	130 
7212	59 
7213	60 
7214	1 
7215	110 
7216	60 
7217	1 
7218	57 
7219	164 
7220	72 
7221	97 
7222	8 
7223	61 
7224	112 
7225	23 
7226	134 
7227	35 
7228	6 
7229	16 
7230	50 
7231	65 
7232	113 
7233	137 
7234	69 
7235	4 
7236	12 
7237	13 
7238	89 
7239	4 
7240	91 
7241	116 
7242	32 
7243	112 
7244	46 
7245	158 
7246	91 
7247	20 
7248	104 
7249	158 
7250	160 
7251	139 
7252	46 
7253	129 
7254	114 
7255	6 
7256	96 
7257	75 
7258	86 
7259	136 
7260	50 
7261	136 
7262	124 
7263	50 
7264	120 
7265	72 
7266	113 
7267	121 
7268	139 
7269	4 
7270	50 
7271	97 
7272	93 
7273	102 
7274	90 
7275	96 
7276	116 
7277	78 
7278	169 
7279	83 
7280	50 
7281	161 
7282	110 
7283	2 
7284	160 
7285	137 
7286	72 
7287	72 
7288	62 
7289	81 
7290	1 
7291	72 
7292	158 
7293	83 
7294	93 
7295	161 
7296	1 
7297	1 
7298	11 
7299	11 
7300	130 
7301	124 
7302	35 
7303	121 
7304	78 
7305	112 
7306	59 
7307	93 
7308	139 
7309	154 
7310	154 
7311	57 
7312	126 
7313	25 
7314	146 
7315	91 
7316	29 
7317	87 
7318	124 
7319	154 
7320	32 
7321	11 
7322	60 
7323	90 
7324	13 
7325	104 
7326	104 
7327	126 
7328	118 
7329	13 
7330	81 
7331	44 
7332	146 
7333	7 
7334	113 
7335	13 
7336	141 
7337	19 
7338	2 
7339	8 
7340	37 
7341	13 
7342	3 
7343	158 
7344	32 
7345	94 
7346	169 
7347	50 
7348	50 
7349	15 
7350	124 
7351	91 
7352	6 
7353	37 
7354	50 
7355	80 
7356	20 
7357	130 
7358	121 
7359	74 
7360	113 
7361	137 
7362	121 
7363	69 
7364	130 
7365	169 
7366	121 
7367	120 
7368	81 
7369	3 
7370	145 
7371	136 
7372	121 
7373	161 
7374	126 
7375	87 
7376	96 
7377	121 
7378	136 
7379	20 
7380	29 
7381	78 
7382	91 
7383	65 
7384	16 
7385	90 
7386	127 
7387	61 
7388	3 
7389	23 
7390	112 
7391	50 
7392	104 
7393	112 
7394	91 
7395	154 
7396	83 
7397	78 
7398	81 
7399	8 
7400	37 
7401	161 
7402	8 
7403	154 
7404	110 
7405	29 
7406	81 
7407	138 
7408	28 
7409	2 
7410	16 
7411	165 
7412	60 
7413	44 
7414	78 
7415	37 
7416	126 
7417	8 
7418	116 
7419	61 
7420	112 
7421	59 
7422	50 
7423	72 
7424	165 
7425	3 
7426	126 
7427	8 
7428	63 
7429	118 
7430	118 
7431	46 
7432	65 
7433	69 
7434	74 
7435	37 
7436	44 
7437	50 
7438	23 
7439	2 
7440	86 
7441	138 
7442	87 
7443	50 
7444	169 
7445	3 
7446	87 
7447	78 
7448	87 
7449	37 
7450	32 
7451	20 
7452	4 
7453	72 
7454	163 
7455	20 
7456	127 
7457	139 
7458	25 
7459	60 
7460	81 
7461	1 
7462	78 
7463	134 
7464	67 
7465	138 
7466	161 
7467	94 
7468	13 
7469	46 
7470	130 
7471	165 
7472	50 
7473	59 
7474	63 
7475	87 
7476	158 
7477	104 
7478	23 
7479	139 
7480	1 
7481	134 
7482	1 
7483	1 
7484	130 
7485	130 
7486	80 
7487	72 
7488	154 
7489	81 
7490	25 
7491	83 
7492	91 
7493	124 
7494	136 
7495	118 
7496	116 
7497	161 
7498	169 
7499	87 
7500	160 
7501	136 
7502	154 
7503	124 
7504	145 
7505	4 
7506	124 
7507	80 
7508	81 
7509	87 
7510	81 
7511	160 
7512	141 
7513	65 
7514	4 
7515	4 
7516	4 
7517	104 
7518	127 
7519	46 
7520	160 
7521	96 
7522	124 
7523	80 
7524	29 
7525	46 
7526	29 
7527	60 
7528	60 
7529	83 
7530	81 
7531	141 
7532	6 
7533	160 
7534	74 
7535	127 
7536	104 
7537	130 
7538	83 
7539	50 
7540	83 
7541	59 
7542	50 
7543	16 
7544	1 
7545	6 
7546	161 
7547	134 
7548	32 
7549	126 
7550	87 
7551	60 
7552	126 
7553	127 
7554	86 
7555	130 
7556	65 
7557	25 
7558	141 
7559	19 
7560	161 
7561	160 
7562	8 
7563	58 
7564	81 
7565	8 
7566	93 
7567	163 
7568	141 
7569	120 
7570	130 
7571	141 
7572	28 
7573	72 
7574	3 
7575	120 
7576	63 
7577	3 
7578	6 
7579	46 
7580	58 
7581	62 
7582	136 
7583	20 
7584	136 
7585	19 
7586	58 
7587	46 
7588	57 
7589	86 
7590	83 
7591	145 
7592	8 
7593	145 
7594	90 
7595	20 
7596	165 
7597	136 
7598	83 
7599	72 
7600	154 
7601	75 
7602	146 
7603	165 
7604	124 
7605	73 
7606	75 
7607	141 
7608	169 
7609	158 
7610	50 
7611	11 
7612	154 
7613	121 
7614	23 
7615	11 
7616	112 
7617	69 
7618	1 
7619	126 
7620	72 
7621	137 
7622	154 
7623	163 
7624	4 
7625	83 
7626	73 
7627	163 
7628	136 
7629	87 
7630	28 
7631	60 
7632	126 
7633	50 
7634	93 
7635	7 
7636	61 
7637	127 
7638	1 
7639	163 
7640	37 
7641	91 
7642	1 
7643	91 
7644	23 
7645	4 
7646	137 
7647	83 
7648	57 
7649	130 
7650	13 
7651	96 
7652	154 
7653	116 
7654	160 
7655	28 
7656	104 
7657	61 
7658	154 
7659	7 
7660	83 
7661	93 
7662	4 
7663	118 
7664	46 
7665	104 
7666	8 
7667	112 
7668	87 
7669	93 
7670	61 
7671	112 
7672	169 
7673	130 
7674	4 
7675	154 
7676	37 
7677	3 
7678	57 
7679	137 
7680	118 
7681	87 
7682	81 
7683	61 
7684	127 
7685	93 
7686	169 
7687	6 
7688	62 
7689	126 
7690	118 
7691	74 
7692	96 
7693	46 
7694	158 
7695	158 
7696	87 
7697	120 
7698	72 
7699	72 
7700	86 
7701	136 
7702	158 
7703	130 
7704	8 
7705	28 
7706	121 
7707	29 
7708	81 
7709	1 
7710	75 
7711	29 
7712	112 
7713	78 
7714	94 
7715	75 
7716	145 
7717	112 
7718	46 
7719	124 
7720	57 
7721	163 
7722	28 
7723	75 
7724	3 
7725	3 
7726	46 
7727	8 
7728	158 
7729	29 
7730	8 
7731	72 
7732	154 
7733	127 
7734	87 
7735	130 
7736	7 
7737	87 
7738	72 
7739	94 
7740	80 
7741	169 
7742	91 
7743	72 
7744	60 
7745	8 
7746	163 
7747	81 
7748	130 
7749	19 
7750	72 
7751	19 
7752	7 
7753	154 
7754	86 
7755	161 
7756	130 
7757	83 
7758	136 
7759	81 
7760	121 
7761	1 
7762	65 
7763	158 
7764	112 
7765	75 
7766	161 
7767	20 
7768	91 
7769	121 
7770	127 
7771	8 
7772	126 
7773	158 
7774	145 
7775	7 
7776	46 
7777	96 
7778	120 
7779	8 
7780	1 
7781	165 
7782	87 
7783	104 
7784	83 
7785	161 
7786	60 
7787	127 
7788	165 
7789	116 
7790	75 
7791	72 
7792	59 
7793	58 
7794	50 
7795	4 
7796	121 
7797	7 
7798	124 
7799	141 
7800	154 
7801	59 
7802	96 
7803	121 
7804	58 
7805	94 
7806	83 
7807	154 
7808	130 
7809	161 
7810	136 
7811	7 
7812	3 
7813	72 
7814	75 
7815	81 
7816	154 
7817	121 
7818	127 
7819	32 
7820	93 
7821	72 
7822	127 
7823	130 
7824	145 
7825	37 
7826	50 
7827	130 
7828	86 
7829	86 
7830	141 
7831	32 
7832	165 
7833	145 
7834	60 
7835	37 
7836	127 
7837	96 
7838	130 
7839	160 
7840	91 
7841	87 
7842	50 
7843	96 
7844	28 
7845	145 
7846	23 
7847	80 
7848	93 
7849	112 
7850	1 
7851	75 
7852	161 
7853	121 
7854	60 
7855	37 
7856	124 
7857	7 
7858	158 
7859	86 
7860	6 
7861	169 
7862	65 
7863	118 
7864	141 
7865	6 
7866	6 
7867	7 
7868	50 
7869	116 
7870	46 
7871	169 
7872	50 
7873	1 
7874	120 
7875	83 
7876	19 
7877	116 
7878	13 
7879	28 
7880	154 
7881	86 
7882	87 
7883	154 
7884	165 
7885	19 
7886	127 
7887	3 
7888	65 
7889	161 
7890	81 
7891	60 
7892	160 
7893	60 
7894	3 
7895	165 
7896	4 
7897	6 
7898	165 
7899	154 
7900	130 
7901	1 
7902	50 
7903	19 
7904	126 
7905	158 
7906	3 
7907	154 
7908	50 
7909	118 
7910	83 
7911	130 
7912	75 
7913	4 
7914	126 
7915	46 
7916	130 
7917	87 
7918	81 
7919	75 
7920	93 
7921	46 
7922	8 
7923	46 
7924	1 
7925	93 
7926	141 
7927	145 
7928	158 
7929	87 
7930	130 
7931	60 
7932	37 
7933	8 
7934	46 
7935	136 
7936	145 
7937	130 
7938	8 
7939	72 
7940	4 
7941	158 
7942	75 
7943	8 
7944	4 
7945	81 
7946	87 
7947	37 
7948	154 
7949	72 
7950	87 
7951	8 
7952	121 
7953	3 
7954	87 
7955	72 
7956	37 
7957	50 
7958	60 
7959	126 
7960	93 
7961	8 
7962	130 
7963	154 
7964	158 
7965	37 
7966	75 
7967	93 
7968	4 
7969	154 
7970	126 
7971	3 
7972	65 
7973	50 
7974	158 
7975	75 
7976	46 
7977	93 
7978	121 
7979	130 
7980	72 
7981	37 
7982	158 
7983	46 
7984	60 
7985	60 
7986	4 
7987	87 
7988	130 
7989	60 
7990	3 
7991	75 
7992	87 
7993	161 
7994	60 
7995	72 
7996	130 
7997	8 
7998	8 
7999	8 
8000	4 
