Time:282.96764397621155
NMI:0.3207709991765758
ARI:0.04403515124131752
#com:38
1 36
2 35
3 36
4 35
5 36
6 36
7 35
8 35
9 36
10 36
11 36
12 35
13 36
14 36
15 36
16 36
17 35
18 36
19 36
20 36
21 36
22 36
23 36
24 36
25 36
26 35
27 35
28 36
29 31
30 35
31 35
32 36
33 36
34 36
35 36
36 36
37 36
38 36
39 35
40 36
41 36
42 36
43 36
44 36
45 35
46 36
47 36
48 28
49 36
50 36
51 35
52 36
53 33
54 36
55 35
56 36
57 35
58 35
59 36
60 36
61 36
62 7
63 36
64 35
65 36
66 35
67 35
68 36
69 10
70 36
71 36
72 35
73 36
74 36
75 29
76 36
77 36
78 36
79 11
80 36
81 36
82 36
83 35
84 36
85 36
86 36
87 35
88 33
89 36
90 35
91 33
92 36
93 36
94 36
95 36
96 36
97 36
98 36
99 36
100 36
101 36
102 36
103 36
104 36
105 14
106 20
107 36
108 36
109 36
110 36
111 36
112 36
113 36
114 35
115 35
116 36
117 36
118 36
119 36
120 36
121 36
122 36
123 36
124 36
125 36
126 36
127 36
128 36
129 36
130 36
131 36
132 29
133 36
134 35
135 36
136 36
137 36
138 36
139 36
140 36
141 36
142 36
143 35
144 33
145 36
146 36
147 36
148 36
149 36
150 29
151 36
152 36
153 36
154 36
155 20
156 36
157 36
158 21
159 36
160 36
161 33
162 36
163 36
164 36
165 36
166 35
167 36
168 36
169 36
170 36
171 36
172 15
173 36
174 36
175 16
176 36
177 36
178 36
179 36
180 31
181 36
182 35
183 36
184 36
185 36
186 36
187 36
188 36
189 36
190 36
191 36
192 36
193 36
194 36
195 36
196 36
197 36
198 7
199 36
200 17
201 35
202 36
203 36
204 35
205 36
206 36
207 35
208 15
209 35
210 36
211 35
212 36
213 36
214 36
215 36
216 36
217 18
218 35
219 36
220 36
221 36
222 36
223 36
224 36
225 36
226 33
227 32
228 36
229 36
230 36
231 36
232 36
233 35
234 36
235 36
236 35
237 36
238 36
239 22
240 32
241 35
242 33
243 36
244 36
245 36
246 36
247 35
248 36
249 36
250 36
251 36
252 36
253 36
254 36
255 36
256 36
257 27
258 36
259 36
260 36
261 36
262 36
263 36
264 36
265 36
266 36
267 36
268 36
269 36
270 36
271 36
272 36
273 36
274 36
275 35
276 36
277 36
278 36
279 35
280 36
281 36
282 36
283 36
284 36
285 35
286 36
287 36
288 36
289 36
290 36
291 35
292 35
293 36
294 36
295 36
296 36
297 36
298 36
299 36
300 20
301 36
302 36
303 33
304 33
305 36
306 36
307 36
308 36
309 36
310 36
311 36
312 36
313 36
314 35
315 36
316 36
317 36
318 36
319 36
320 36
321 36
322 36
323 36
324 36
325 36
326 36
327 36
328 35
329 35
330 36
331 36
332 36
333 36
334 36
335 36
336 36
337 36
338 35
339 36
340 35
341 36
342 36
343 36
344 36
345 36
346 36
347 36
348 35
349 23
350 35
351 36
352 36
353 36
354 36
355 36
356 36
357 36
358 36
359 10
360 36
361 36
362 36
363 35
364 36
365 36
366 36
367 35
368 36
369 36
370 36
371 35
372 35
373 36
374 36
375 36
376 35
377 36
378 36
379 35
380 36
381 36
382 36
383 24
384 36
385 33
386 36
387 36
388 36
389 24
390 36
391 35
392 35
393 36
394 36
395 36
396 33
397 36
398 35
399 35
400 36
401 36
402 27
403 24
404 36
405 33
406 36
407 36
408 25
409 36
410 26
411 17
412 33
413 36
414 36
415 36
416 16
417 36
418 35
419 36
420 36
421 11
422 27
423 35
424 36
425 36
426 33
427 35
428 36
429 36
430 35
431 36
432 36
433 10
434 36
435 36
436 36
437 36
438 35
439 36
440 36
441 35
442 36
443 35
444 35
445 36
446 35
447 36
448 11
449 36
450 36
451 18
452 33
453 36
454 36
455 35
456 36
457 22
458 36
459 35
460 36
461 36
462 11
463 36
464 33
465 36
466 32
467 36
468 36
469 36
470 36
471 36
472 35
473 27
474 36
475 36
476 36
477 33
478 25
479 36
480 35
481 36
482 36
483 36
484 36
485 36
486 27
487 36
488 36
489 35
490 36
491 36
492 36
493 36
494 36
495 36
496 36
497 26
498 36
499 35
500 35
501 36
502 36
503 36
504 36
505 35
506 36
507 36
508 36
509 36
510 36
511 19
512 36
513 36
514 36
515 36
516 33
517 29
518 36
519 36
520 35
521 36
522 35
523 36
524 33
525 36
526 36
527 36
528 35
529 35
530 35
531 36
532 33
533 35
534 35
535 36
536 36
537 36
538 36
539 36
540 33
541 36
542 36
543 29
544 36
545 36
546 35
547 33
548 36
549 35
550 35
551 36
552 20
553 36
554 35
555 36
556 36
557 36
558 36
559 36
560 36
561 32
562 36
563 36
564 36
565 36
566 33
567 36
568 36
569 35
570 32
571 36
572 33
573 36
574 36
575 36
576 36
577 31
578 36
579 36
580 36
581 36
582 23
583 36
584 35
585 36
586 36
587 31
588 35
589 36
590 36
591 36
592 35
593 35
594 36
595 36
596 35
597 36
598 36
599 35
600 36
601 36
602 36
603 20
604 37
605 35
606 35
607 36
608 36
609 36
610 33
611 33
612 19
613 36
614 33
615 20
616 36
617 36
618 35
619 35
620 36
621 36
622 35
623 20
624 36
625 36
626 36
627 14
628 36
629 35
630 36
631 36
632 36
633 30
634 36
635 35
636 23
637 36
638 35
639 36
640 36
641 35
642 24
643 32
644 36
645 33
646 35
647 36
648 36
649 33
650 36
651 36
652 36
653 36
654 36
655 36
656 36
657 35
658 20
659 36
660 36
661 35
662 36
663 36
664 36
665 36
666 35
667 34
668 36
669 35
670 36
671 36
672 32
673 36
674 36
675 36
676 36
677 36
678 36
679 35
680 35
681 33
682 36
683 36
684 36
685 36
686 19
687 14
688 35
689 33
690 28
691 20
692 36
693 33
694 36
695 35
696 36
697 36
698 36
699 36
700 36
701 35
702 36
703 36
704 35
705 33
706 35
707 35
708 36
709 36
710 19
711 36
712 36
713 29
714 33
715 30
716 36
717 36
718 35
719 35
720 35
721 36
722 35
723 33
724 35
725 36
726 36
727 35
728 23
729 36
730 36
731 35
732 23
733 37
734 33
735 21
736 35
737 36
738 33
739 33
740 35
741 36
742 36
743 36
744 36
745 33
746 33
747 36
748 36
749 35
750 36
751 31
752 31
753 36
754 35
755 35
756 21
757 35
758 36
759 33
760 28
761 36
762 35
763 36
764 36
765 35
766 28
767 36
768 36
769 33
770 36
771 32
772 36
773 36
774 35
775 34
776 33
777 36
778 36
779 33
780 36
781 36
782 22
783 35
784 28
785 35
786 35
787 37
788 33
789 35
790 35
791 22
792 35
793 33
794 30
795 37
796 29
797 36
798 35
799 21
800 31
801 35
802 36
803 33
804 31
805 33
806 36
807 21
808 28
809 36
810 33
811 33
812 33
813 34
814 33
815 36
816 36
817 33
818 35
819 4
820 36
821 33
822 33
823 36
824 30
825 22
826 22
827 35
828 28
829 36
830 29
831 36
832 23
833 4
834 21
835 35
836 35
837 36
838 35
839 22
840 33
841 35
842 33
843 30
844 36
845 21
846 5
847 36
848 35
849 36
850 4
851 36
852 35
853 34
854 36
855 35
856 4
857 36
858 35
859 36
860 5
861 28
862 33
863 33
864 36
865 5
866 36
867 36
868 35
869 36
870 35
871 33
872 36
873 28
874 35
875 36
876 36
877 28
878 36
879 34
880 36
881 34
882 36
883 12
884 30
885 36
886 2
887 35
888 35
889 35
890 35
891 35
892 36
893 33
894 28
895 35
896 2
897 31
898 5
899 36
900 28
901 22
902 36
903 35
904 12
905 36
906 28
907 4
908 36
909 35
910 36
911 2
912 22
913 22
914 36
915 35
916 30
917 35
918 36
919 35
920 21
921 35
922 2
923 5
924 36
925 28
926 30
927 35
928 12
929 34
930 30
931 28
932 34
933 29
934 29
935 34
936 35
937 36
938 35
939 22
940 34
941 34
942 28
943 35
944 36
945 30
946 29
947 29
948 5
949 29
950 29
951 29
952 30
953 35
954 34
955 6
956 13
957 6
958 34
959 13
960 36
961 34
962 13
963 6
964 35
965 8
966 3
967 13
968 6
969 34
970 6
971 1
972 6
973 1
974 9
975 8
976 3
977 6
978 9
979 8
980 13
981 9
982 9
983 9
984 0
985 1
986 3
987 8
988 0
989 9
990 13
991 3
992 8
993 8
994 3
995 9
996 0
997 13
998 6
999 1
1000 1
