Time:284.416775226593
NMI:0.3198116320123369
ARI:0.026883049594275114
#com:38
1 37
2 37
3 37
4 37
5 37
6 36
7 37
8 37
9 37
10 37
11 37
12 37
13 37
14 37
15 37
16 37
17 37
18 37
19 37
20 37
21 37
22 37
23 37
24 37
25 37
26 37
27 37
28 37
29 37
30 37
31 37
32 37
33 37
34 37
35 37
36 37
37 37
38 37
39 37
40 37
41 36
42 37
43 37
44 37
45 37
46 37
47 37
48 36
49 37
50 37
51 37
52 36
53 37
54 37
55 37
56 37
57 37
58 37
59 37
60 37
61 37
62 7
63 37
64 37
65 37
66 37
67 37
68 37
69 10
70 37
71 37
72 37
73 37
74 37
75 30
76 37
77 37
78 37
79 11
80 37
81 37
82 37
83 36
84 37
85 37
86 37
87 37
88 37
89 37
90 37
91 36
92 37
93 37
94 37
95 37
96 37
97 37
98 37
99 37
100 37
101 37
102 37
103 37
104 37
105 14
106 20
107 37
108 37
109 37
110 37
111 37
112 37
113 37
114 37
115 37
116 37
117 37
118 37
119 37
120 37
121 37
122 37
123 37
124 37
125 37
126 37
127 37
128 37
129 37
130 37
131 37
132 30
133 37
134 37
135 37
136 37
137 37
138 37
139 37
140 36
141 37
142 37
143 37
144 36
145 37
146 37
147 37
148 37
149 37
150 30
151 37
152 37
153 37
154 37
155 20
156 37
157 37
158 22
159 37
160 37
161 35
162 37
163 37
164 37
165 37
166 37
167 37
168 37
169 37
170 37
171 37
172 15
173 37
174 37
175 16
176 36
177 37
178 37
179 37
180 37
181 37
182 37
183 37
184 37
185 37
186 37
187 37
188 37
189 37
190 37
191 37
192 37
193 37
194 37
195 37
196 37
197 37
198 7
199 37
200 17
201 36
202 37
203 37
204 37
205 37
206 37
207 37
208 15
209 37
210 37
211 37
212 37
213 37
214 37
215 37
216 37
217 18
218 37
219 37
220 37
221 37
222 37
223 37
224 37
225 37
226 36
227 34
228 37
229 37
230 37
231 37
232 37
233 37
234 37
235 37
236 37
237 37
238 37
239 30
240 33
241 37
242 35
243 37
244 37
245 37
246 37
247 37
248 37
249 37
250 37
251 37
252 37
253 37
254 37
255 37
256 36
257 28
258 37
259 37
260 37
261 37
262 37
263 37
264 37
265 37
266 37
267 37
268 37
269 37
270 37
271 37
272 37
273 37
274 37
275 37
276 37
277 37
278 37
279 37
280 37
281 37
282 37
283 37
284 37
285 37
286 37
287 37
288 37
289 37
290 37
291 37
292 37
293 37
294 37
295 37
296 37
297 37
298 37
299 37
300 20
301 37
302 37
303 36
304 35
305 37
306 37
307 37
308 37
309 37
310 37
311 37
312 37
313 37
314 36
315 37
316 37
317 37
318 37
319 37
320 37
321 37
322 37
323 37
324 37
325 37
326 37
327 37
328 37
329 37
330 37
331 37
332 37
333 37
334 37
335 37
336 37
337 37
338 37
339 37
340 37
341 37
342 37
343 37
344 37
345 37
346 37
347 37
348 37
349 24
350 37
351 37
352 37
353 37
354 37
355 37
356 37
357 37
358 37
359 10
360 37
361 37
362 37
363 37
364 37
365 37
366 37
367 37
368 37
369 37
370 37
371 36
372 37
373 37
374 36
375 37
376 37
377 37
378 37
379 37
380 37
381 37
382 37
383 25
384 37
385 35
386 37
387 37
388 37
389 25
390 37
391 37
392 37
393 37
394 37
395 37
396 36
397 37
398 36
399 36
400 37
401 37
402 28
403 25
404 37
405 36
406 37
407 37
408 26
409 37
410 27
411 17
412 37
413 37
414 37
415 37
416 16
417 37
418 37
419 37
420 37
421 11
422 28
423 37
424 37
425 37
426 37
427 36
428 37
429 37
430 37
431 37
432 37
433 10
434 37
435 37
436 37
437 37
438 37
439 37
440 37
441 37
442 37
443 37
444 37
445 37
446 37
447 37
448 11
449 37
450 37
451 18
452 36
453 37
454 37
455 37
456 37
457 29
458 37
459 37
460 37
461 37
462 11
463 37
464 29
465 37
466 34
467 37
468 37
469 37
470 37
471 36
472 36
473 28
474 37
475 37
476 37
477 35
478 26
479 37
480 37
481 37
482 37
483 37
484 37
485 37
486 28
487 37
488 37
489 37
490 37
491 37
492 37
493 37
494 37
495 37
496 37
497 27
498 37
499 36
500 37
501 37
502 37
503 37
504 37
505 37
506 37
507 37
508 37
509 37
510 37
511 19
512 37
513 37
514 37
515 37
516 36
517 30
518 37
519 37
520 37
521 37
522 37
523 36
524 33
525 37
526 37
527 37
528 37
529 36
530 37
531 37
532 36
533 36
534 37
535 37
536 37
537 37
538 37
539 37
540 35
541 37
542 37
543 30
544 37
545 35
546 37
547 37
548 37
549 37
550 37
551 37
552 20
553 37
554 37
555 37
556 37
557 37
558 37
559 37
560 37
561 34
562 37
563 37
564 37
565 37
566 35
567 37
568 37
569 37
570 33
571 37
572 35
573 37
574 37
575 37
576 37
577 32
578 37
579 37
580 37
581 37
582 24
583 37
584 37
585 36
586 37
587 32
588 37
589 37
590 37
591 37
592 37
593 37
594 37
595 37
596 37
597 37
598 37
599 37
600 37
601 37
602 37
603 20
604 37
605 37
606 36
607 37
608 37
609 37
610 35
611 33
612 19
613 37
614 36
615 20
616 37
617 37
618 30
619 37
620 37
621 37
622 37
623 20
624 37
625 37
626 37
627 14
628 37
629 37
630 37
631 37
632 37
633 31
634 37
635 37
636 24
637 37
638 37
639 37
640 37
641 37
642 25
643 34
644 37
645 37
646 37
647 37
648 37
649 35
650 37
651 37
652 37
653 37
654 37
655 37
656 37
657 36
658 20
659 36
660 37
661 36
662 37
663 37
664 37
665 37
666 36
667 36
668 37
669 37
670 37
671 37
672 33
673 37
674 37
675 37
676 37
677 37
678 37
679 37
680 37
681 36
682 37
683 37
684 37
685 37
686 19
687 14
688 37
689 35
690 21
691 20
692 37
693 36
694 37
695 37
696 37
697 37
698 37
699 37
700 37
701 37
702 37
703 37
704 37
705 36
706 37
707 37
708 37
709 37
710 19
711 37
712 37
713 30
714 37
715 31
716 37
717 37
718 37
719 37
720 36
721 37
722 37
723 29
724 37
725 37
726 37
727 36
728 24
729 37
730 37
731 37
732 24
733 37
734 35
735 22
736 37
737 37
738 36
739 36
740 37
741 37
742 37
743 37
744 37
745 37
746 35
747 37
748 37
749 37
750 37
751 32
752 32
753 37
754 37
755 37
756 22
757 30
758 37
759 29
760 21
761 37
762 37
763 37
764 37
765 36
766 36
767 37
768 35
769 35
770 37
771 33
772 37
773 37
774 37
775 23
776 35
777 37
778 37
779 36
780 37
781 37
782 29
783 37
784 36
785 37
786 37
787 37
788 37
789 37
790 36
791 29
792 36
793 36
794 31
795 37
796 30
797 37
798 36
799 22
800 37
801 37
802 37
803 35
804 32
805 35
806 37
807 22
808 21
809 37
810 36
811 36
812 35
813 23
814 36
815 37
816 37
817 36
818 36
819 4
820 37
821 36
822 35
823 37
824 31
825 29
826 29
827 37
828 21
829 37
830 30
831 37
832 24
833 4
834 22
835 36
836 36
837 37
838 36
839 29
840 35
841 37
842 37
843 31
844 37
845 22
846 5
847 37
848 37
849 37
850 4
851 37
852 36
853 23
854 37
855 37
856 4
857 37
858 37
859 35
860 5
861 21
862 37
863 36
864 37
865 5
866 37
867 37
868 37
869 37
870 37
871 35
872 37
873 21
874 37
875 37
876 37
877 21
878 37
879 36
880 37
881 36
882 37
883 12
884 31
885 36
886 2
887 37
888 37
889 37
890 37
891 36
892 37
893 35
894 21
895 36
896 2
897 32
898 5
899 37
900 21
901 37
902 37
903 36
904 12
905 37
906 21
907 4
908 37
909 37
910 37
911 2
912 29
913 29
914 37
915 37
916 31
917 36
918 37
919 37
920 22
921 37
922 2
923 5
924 36
925 21
926 31
927 36
928 12
929 36
930 31
931 21
932 23
933 30
934 30
935 23
936 37
937 37
938 36
939 29
940 23
941 23
942 21
943 37
944 36
945 31
946 30
947 30
948 5
949 30
950 30
951 30
952 31
953 36
954 23
955 6
956 13
957 6
958 23
959 13
960 36
961 23
962 13
963 6
964 36
965 8
966 3
967 13
968 6
969 23
970 6
971 1
972 6
973 1
974 9
975 8
976 3
977 6
978 9
979 8
980 13
981 9
982 9
983 9
984 0
985 1
986 3
987 8
988 0
989 9
990 13
991 3
992 8
993 8
994 3
995 9
996 0
997 13
998 6
999 1
1000 1
