Time:267.7762198448181
NMI:0.9177838836262967
ARI:0.9103582557139497
#com:38
1 36
2 35
3 31
4 35
5 35
6 31
7 35
8 34
9 35
10 29
11 33
12 0
13 23
14 31
15 33
16 32
17 35
18 36
19 36
20 29
21 33
22 33
23 30
24 23
25 33
26 34
27 34
28 34
29 29
30 29
31 37
32 36
33 32
34 26
35 33
36 26
37 36
38 29
39 35
40 32
41 36
42 35
43 32
44 23
45 32
46 3
47 31
48 33
49 29
50 26
51 23
52 36
53 31
54 26
55 30
56 35
57 35
58 34
59 36
60 30
61 30
62 29
63 36
64 23
65 36
66 1
67 31
68 33
69 3
70 33
71 2
72 37
73 32
74 32
75 34
76 31
77 31
78 36
79 3
80 29
81 33
82 36
83 33
84 35
85 29
86 34
87 32
88 32
89 34
90 35
91 34
92 31
93 33
94 36
95 33
96 36
97 33
98 36
99 30
100 34
101 36
102 31
103 36
104 32
105 29
106 37
107 36
108 35
109 31
110 29
111 12
112 6
113 30
114 7
115 23
116 33
117 32
118 32
119 32
120 35
121 35
122 35
123 33
124 34
125 32
126 32
127 33
128 23
129 36
130 33
131 26
132 8
133 26
134 36
135 33
136 34
137 35
138 31
139 32
140 9
141 35
142 30
143 30
144 34
145 33
146 36
147 36
148 26
149 36
150 10
151 35
152 30
153 33
154 29
155 37
156 32
157 26
158 11
159 31
160 31
161 32
162 31
163 31
164 34
165 31
166 31
167 32
168 31
169 34
170 36
171 36
172 30
173 36
174 36
175 30
176 35
177 32
178 33
179 33
180 29
181 32
182 35
183 23
184 35
185 34
186 32
187 34
188 12
189 29
190 36
191 34
192 32
193 29
194 31
195 33
196 12
197 32
198 29
199 32
200 35
201 30
202 33
203 31
204 23
205 34
206 32
207 35
208 23
209 36
210 36
211 34
212 29
213 23
214 31
215 36
216 34
217 29
218 37
219 35
220 36
221 36
222 33
223 12
224 31
225 33
226 31
227 30
228 31
229 34
230 36
231 33
232 30
233 12
234 26
235 32
236 12
237 29
238 12
239 34
240 30
241 36
242 32
243 33
244 33
245 36
246 37
247 35
248 26
249 33
250 36
251 13
252 12
253 34
254 29
255 35
256 36
257 26
258 36
259 14
260 36
261 31
262 36
263 33
264 34
265 31
266 34
267 5
268 23
269 32
270 26
271 32
272 12
273 36
274 31
275 36
276 31
277 36
278 16
279 12
280 36
281 17
282 26
283 36
284 12
285 35
286 35
287 32
288 15
289 37
290 36
291 23
292 36
293 26
294 18
295 36
296 36
297 36
298 33
299 35
300 37
301 34
302 31
303 34
304 32
305 36
306 31
307 19
308 33
309 31
310 33
311 31
312 33
313 31
314 34
315 33
316 35
317 31
318 36
319 35
320 32
321 26
322 36
323 33
324 34
325 33
326 36
327 31
328 23
329 31
330 23
331 34
332 33
333 31
334 26
335 20
336 21
337 31
338 35
339 31
340 35
341 31
342 33
343 35
344 32
345 34
346 22
347 36
348 35
349 26
350 35
351 33
352 31
353 4
354 36
355 36
356 35
357 36
358 31
359 3
360 36
361 37
362 35
363 35
364 37
365 34
366 36
367 37
368 32
369 31
370 36
371 31
372 36
373 33
374 34
375 31
376 36
377 34
378 31
379 31
380 26
381 33
382 30
383 23
384 35
385 32
386 31
387 31
388 34
389 23
390 33
391 35
392 24
393 34
394 32
395 33
396 34
397 32
398 30
399 33
400 34
401 30
402 26
403 23
404 33
405 34
406 32
407 37
408 35
409 34
410 29
411 35
412 32
413 32
414 31
415 33
416 30
417 36
418 37
419 31
420 34
421 3
422 26
423 34
424 23
425 35
426 31
427 30
428 33
429 32
430 34
431 30
432 33
433 3
434 32
435 33
436 33
437 32
438 36
439 32
440 31
441 37
442 34
443 32
444 12
445 32
446 37
447 33
448 3
449 29
450 37
451 29
452 34
453 33
454 27
455 35
456 34
457 34
458 23
459 35
460 32
461 34
462 3
463 33
464 34
465 37
466 30
467 29
468 34
469 26
470 26
471 35
472 31
473 26
474 34
475 36
476 35
477 32
478 35
479 36
480 36
481 26
482 34
483 31
484 35
485 31
486 26
487 35
488 31
489 35
490 31
491 33
492 35
493 31
494 36
495 31
496 36
497 29
498 28
499 30
500 30
501 32
502 36
503 36
504 31
505 36
506 36
507 33
508 32
509 31
510 36
511 12
512 37
513 33
514 29
515 37
516 31
517 37
518 33
519 32
520 37
521 31
522 34
523 34
524 30
525 31
526 35
527 36
528 31
529 34
530 23
531 31
532 31
533 33
534 31
535 31
536 12
537 35
538 33
539 35
540 32
541 37
542 31
543 37
544 32
545 32
546 25
547 31
548 35
549 37
550 23
551 32
552 37
553 3
554 34
555 36
556 37
557 33
558 33
559 35
560 33
561 30
562 31
563 35
564 33
565 35
566 32
567 36
568 23
569 30
570 30
571 35
572 32
573 33
574 34
575 26
576 33
577 29
578 12
579 35
580 35
581 34
582 26
583 37
584 31
585 35
586 35
587 29
588 30
589 33
590 36
591 37
592 34
593 31
594 34
595 31
596 37
597 36
598 36
599 35
600 33
601 35
602 33
603 37
604 37
605 23
606 36
607 36
608 35
609 31
610 32
611 30
612 12
613 31
614 31
615 37
616 31
617 36
618 37
619 23
620 35
621 29
622 36
623 37
624 26
625 34
626 36
627 29
628 35
629 31
630 31
631 36
632 32
633 31
634 37
635 37
636 26
637 32
638 36
639 36
640 29
641 36
642 23
643 30
644 31
645 32
646 36
647 31
648 35
649 32
650 36
651 34
652 35
653 34
654 32
655 31
656 31
657 36
658 37
659 35
660 35
661 34
662 33
663 35
664 36
665 26
666 33
667 36
668 31
669 23
670 36
671 31
672 30
673 33
674 36
675 33
676 35
677 33
678 35
679 32
680 31
681 31
682 29
683 35
684 35
685 36
686 12
687 29
688 36
689 32
690 33
691 37
692 34
693 31
694 33
695 37
696 36
697 33
698 31
699 36
700 36
701 35
702 36
703 33
704 23
705 34
706 36
707 23
708 31
709 34
710 12
711 26
712 33
713 37
714 30
715 31
716 33
717 31
718 34
719 35
720 33
721 34
722 36
723 34
724 23
725 36
726 33
727 33
728 26
729 29
730 36
731 35
732 26
733 37
734 32
735 37
736 36
737 36
738 31
739 31
740 35
741 36
742 36
743 36
744 36
745 32
746 32
747 36
748 35
749 36
750 33
751 29
752 29
753 32
754 36
755 31
756 37
757 37
758 35
759 34
760 33
761 31
762 31
763 36
764 36
765 36
766 33
767 33
768 32
769 32
770 36
771 30
772 33
773 34
774 36
775 36
776 32
777 33
778 33
779 34
780 35
781 30
782 34
783 36
784 33
785 36
786 35
787 37
788 31
789 36
790 35
791 34
792 36
793 34
794 31
795 37
796 37
797 34
798 33
799 37
800 29
801 36
802 33
803 32
804 29
805 32
806 36
807 37
808 33
809 34
810 31
811 34
812 32
813 36
814 31
815 33
816 33
817 34
818 36
819 23
820 36
821 34
822 32
823 33
824 31
825 34
826 34
827 31
828 33
829 34
830 37
831 36
832 26
833 23
834 37
835 33
836 36
837 34
838 33
839 34
840 32
841 34
842 30
843 31
844 36
845 37
846 30
847 33
848 37
849 33
850 23
851 36
852 33
853 36
854 35
855 37
856 23
857 36
858 37
859 32
860 30
861 33
862 31
863 31
864 32
865 30
866 34
867 33
868 36
869 31
870 35
871 32
872 35
873 33
874 36
875 32
876 31
877 33
878 33
879 36
880 36
881 36
882 33
883 29
884 31
885 36
886 26
887 37
888 34
889 32
890 35
891 36
892 33
893 32
894 33
895 33
896 26
897 29
898 30
899 35
900 33
901 34
902 34
903 32
904 29
905 36
906 33
907 23
908 33
909 32
910 36
911 26
912 34
913 34
914 31
915 32
916 31
917 35
918 32
919 35
920 37
921 35
922 26
923 30
924 36
925 33
926 31
927 35
928 29
929 36
930 31
931 33
932 36
933 37
934 37
935 36
936 32
937 33
938 35
939 34
940 36
941 36
942 33
943 37
944 36
945 31
946 37
947 37
948 30
949 37
950 37
951 37
952 31
953 35
954 36
955 34
956 33
957 34
958 36
959 33
960 36
961 36
962 33
963 34
964 32
965 37
966 32
967 33
968 34
969 36
970 34
971 36
972 34
973 36
974 31
975 37
976 32
977 34
978 31
979 37
980 33
981 31
982 31
983 31
984 35
985 36
986 32
987 37
988 35
989 31
990 33
991 32
992 37
993 37
994 32
995 31
996 35
997 33
998 34
999 36
1000 36
