Time:282.88142681121826
NMI:0.31189483786819705
ARI:0.030219015395843003
#com:38
1 36
2 36
3 36
4 36
5 36
6 37
7 36
8 36
9 36
10 36
11 36
12 30
13 36
14 36
15 36
16 36
17 36
18 36
19 36
20 36
21 36
22 36
23 36
24 36
25 36
26 36
27 36
28 36
29 36
30 36
31 36
32 36
33 36
34 36
35 36
36 36
37 36
38 36
39 36
40 36
41 37
42 36
43 36
44 36
45 36
46 36
47 36
48 29
49 36
50 36
51 36
52 37
53 37
54 36
55 36
56 36
57 36
58 37
59 36
60 36
61 36
62 7
63 36
64 36
65 36
66 36
67 36
68 36
69 10
70 36
71 36
72 36
73 36
74 36
75 30
76 36
77 36
78 36
79 11
80 36
81 36
82 36
83 36
84 36
85 36
86 36
87 36
88 37
89 36
90 36
91 37
92 36
93 36
94 36
95 36
96 36
97 36
98 36
99 36
100 36
101 36
102 36
103 36
104 36
105 14
106 20
107 36
108 36
109 36
110 36
111 36
112 36
113 36
114 36
115 36
116 36
117 36
118 36
119 36
120 36
121 36
122 36
123 36
124 36
125 36
126 36
127 36
128 36
129 36
130 36
131 36
132 30
133 36
134 36
135 36
136 36
137 36
138 36
139 36
140 37
141 36
142 36
143 36
144 37
145 36
146 36
147 36
148 36
149 36
150 30
151 36
152 36
153 36
154 36
155 20
156 36
157 36
158 21
159 36
160 36
161 37
162 36
163 36
164 36
165 36
166 36
167 36
168 36
169 36
170 36
171 36
172 15
173 36
174 36
175 16
176 37
177 36
178 36
179 36
180 36
181 36
182 36
183 36
184 36
185 36
186 36
187 36
188 36
189 36
190 36
191 36
192 36
193 36
194 36
195 36
196 36
197 36
198 7
199 36
200 17
201 37
202 36
203 36
204 36
205 36
206 36
207 36
208 15
209 36
210 36
211 36
212 36
213 36
214 36
215 36
216 36
217 18
218 36
219 36
220 36
221 36
222 36
223 36
224 36
225 36
226 37
227 34
228 36
229 36
230 36
231 36
232 36
233 36
234 36
235 36
236 36
237 36
238 36
239 30
240 33
241 36
242 37
243 36
244 36
245 36
246 36
247 36
248 36
249 36
250 36
251 36
252 36
253 36
254 36
255 36
256 37
257 28
258 36
259 36
260 36
261 36
262 36
263 36
264 36
265 36
266 36
267 36
268 36
269 36
270 36
271 36
272 36
273 36
274 36
275 36
276 36
277 36
278 36
279 36
280 36
281 36
282 36
283 36
284 36
285 36
286 36
287 36
288 36
289 37
290 36
291 36
292 36
293 36
294 36
295 36
296 36
297 36
298 36
299 36
300 20
301 36
302 36
303 37
304 37
305 36
306 36
307 36
308 36
309 36
310 36
311 36
312 36
313 36
314 37
315 36
316 36
317 36
318 36
319 36
320 36
321 36
322 36
323 36
324 36
325 36
326 36
327 36
328 36
329 37
330 36
331 36
332 36
333 36
334 36
335 36
336 36
337 36
338 36
339 36
340 36
341 36
342 36
343 36
344 36
345 36
346 36
347 36
348 36
349 24
350 36
351 36
352 36
353 36
354 36
355 36
356 36
357 36
358 36
359 10
360 36
361 36
362 36
363 36
364 36
365 36
366 36
367 36
368 36
369 36
370 36
371 37
372 36
373 36
374 37
375 36
376 36
377 36
378 36
379 37
380 36
381 36
382 36
383 25
384 36
385 37
386 36
387 36
388 36
389 25
390 36
391 36
392 36
393 36
394 36
395 36
396 37
397 36
398 37
399 36
400 36
401 36
402 28
403 25
404 36
405 37
406 36
407 36
408 26
409 36
410 27
411 17
412 37
413 36
414 36
415 36
416 16
417 36
418 36
419 36
420 36
421 11
422 28
423 36
424 36
425 36
426 37
427 37
428 36
429 36
430 37
431 36
432 36
433 10
434 36
435 36
436 36
437 36
438 36
439 36
440 36
441 36
442 36
443 36
444 36
445 36
446 36
447 36
448 11
449 36
450 36
451 18
452 37
453 36
454 36
455 36
456 36
457 23
458 36
459 36
460 36
461 36
462 11
463 36
464 37
465 36
466 34
467 36
468 36
469 36
470 36
471 37
472 37
473 28
474 36
475 36
476 36
477 37
478 26
479 36
480 36
481 36
482 36
483 36
484 36
485 36
486 28
487 36
488 36
489 36
490 36
491 36
492 36
493 36
494 36
495 36
496 36
497 27
498 37
499 37
500 36
501 36
502 36
503 36
504 36
505 36
506 36
507 36
508 36
509 36
510 36
511 19
512 36
513 36
514 36
515 36
516 37
517 30
518 36
519 36
520 36
521 36
522 36
523 37
524 33
525 36
526 36
527 36
528 37
529 37
530 36
531 36
532 37
533 36
534 37
535 36
536 36
537 36
538 36
539 36
540 37
541 36
542 36
543 30
544 36
545 37
546 36
547 37
548 36
549 36
550 36
551 36
552 20
553 36
554 37
555 36
556 36
557 36
558 36
559 36
560 36
561 34
562 36
563 36
564 36
565 36
566 37
567 36
568 36
569 36
570 33
571 36
572 35
573 36
574 36
575 36
576 36
577 32
578 36
579 36
580 36
581 36
582 24
583 36
584 37
585 37
586 36
587 32
588 36
589 36
590 36
591 36
592 36
593 36
594 36
595 36
596 36
597 36
598 36
599 36
600 36
601 36
602 36
603 20
604 37
605 36
606 37
607 36
608 36
609 36
610 37
611 33
612 19
613 36
614 37
615 20
616 36
617 36
618 30
619 36
620 36
621 36
622 36
623 20
624 36
625 36
626 36
627 14
628 36
629 37
630 36
631 36
632 36
633 31
634 36
635 36
636 24
637 36
638 36
639 36
640 36
641 36
642 25
643 34
644 36
645 37
646 36
647 36
648 36
649 35
650 36
651 36
652 36
653 36
654 36
655 36
656 36
657 37
658 20
659 37
660 36
661 37
662 36
663 36
664 36
665 36
666 36
667 37
668 36
669 36
670 36
671 36
672 33
673 36
674 36
675 36
676 36
677 36
678 36
679 36
680 37
681 37
682 36
683 36
684 36
685 36
686 19
687 14
688 36
689 35
690 29
691 20
692 36
693 37
694 36
695 36
696 36
697 36
698 36
699 36
700 36
701 36
702 36
703 36
704 36
705 37
706 36
707 36
708 36
709 36
710 19
711 36
712 36
713 30
714 36
715 31
716 36
717 36
718 37
719 36
720 36
721 36
722 36
723 37
724 36
725 36
726 36
727 36
728 24
729 36
730 36
731 36
732 24
733 37
734 37
735 21
736 36
737 36
738 37
739 37
740 36
741 36
742 36
743 36
744 36
745 37
746 37
747 36
748 36
749 36
750 36
751 32
752 32
753 36
754 36
755 37
756 21
757 30
758 36
759 37
760 29
761 36
762 37
763 36
764 36
765 37
766 29
767 36
768 37
769 37
770 36
771 33
772 36
773 36
774 36
775 22
776 37
777 36
778 36
779 37
780 36
781 36
782 23
783 36
784 29
785 36
786 36
787 37
788 37
789 36
790 37
791 23
792 37
793 37
794 31
795 37
796 30
797 36
798 36
799 21
800 36
801 36
802 36
803 37
804 32
805 37
806 36
807 21
808 29
809 36
810 37
811 37
812 35
813 22
814 37
815 36
816 36
817 37
818 37
819 4
820 36
821 37
822 37
823 36
824 31
825 23
826 23
827 36
828 29
829 36
830 30
831 36
832 24
833 4
834 21
835 36
836 37
837 36
838 36
839 23
840 35
841 36
842 36
843 31
844 36
845 21
846 5
847 36
848 36
849 36
850 4
851 36
852 36
853 22
854 36
855 36
856 4
857 36
858 36
859 37
860 5
861 29
862 37
863 37
864 36
865 5
866 36
867 36
868 36
869 36
870 36
871 37
872 36
873 29
874 36
875 36
876 36
877 29
878 36
879 37
880 36
881 37
882 36
883 12
884 31
885 37
886 2
887 36
888 36
889 36
890 36
891 37
892 36
893 37
894 29
895 36
896 2
897 32
898 5
899 36
900 29
901 23
902 36
903 36
904 12
905 36
906 29
907 4
908 36
909 36
910 36
911 2
912 23
913 23
914 36
915 36
916 31
917 37
918 36
919 36
920 21
921 36
922 2
923 5
924 37
925 29
926 31
927 37
928 12
929 37
930 31
931 29
932 22
933 30
934 30
935 22
936 36
937 36
938 37
939 23
940 22
941 22
942 29
943 36
944 37
945 31
946 30
947 30
948 5
949 30
950 30
951 30
952 31
953 37
954 22
955 6
956 13
957 6
958 22
959 13
960 37
961 22
962 13
963 6
964 36
965 8
966 3
967 13
968 6
969 22
970 6
971 1
972 6
973 1
974 9
975 8
976 3
977 6
978 9
979 8
980 13
981 9
982 9
983 9
984 0
985 1
986 3
987 8
988 0
989 9
990 13
991 3
992 8
993 8
994 3
995 9
996 0
997 13
998 6
999 1
1000 1
