Time:156.14909410476685
ORC_Time:0.38241004943847656
NMI:0.34175966911853634
ARI:0.06771544143465036
#com:38
1 36
2 33
3 36
4 33
5 36
6 35
7 35
8 35
9 36
10 36
11 36
12 27
13 33
14 36
15 36
16 35
17 33
18 36
19 36
20 36
21 36
22 35
23 36
24 36
25 36
26 35
27 35
28 36
29 29
30 33
31 35
32 36
33 36
34 36
35 36
36 36
37 36
38 35
39 36
40 36
41 33
42 36
43 35
44 36
45 35
46 36
47 35
48 26
49 35
50 36
51 33
52 35
53 33
54 36
55 35
56 36
57 33
58 35
59 35
60 35
61 36
62 7
63 36
64 33
65 36
66 35
67 35
68 36
69 10
70 36
71 36
72 36
73 35
74 36
75 27
76 36
77 36
78 36
79 11
80 35
81 36
82 36
83 35
84 36
85 36
86 36
87 35
88 32
89 35
90 35
91 33
92 36
93 36
94 36
95 36
96 36
97 36
98 36
99 35
100 36
101 36
102 36
103 36
104 36
105 14
106 19
107 35
108 36
109 36
110 35
111 36
112 35
113 36
114 36
115 33
116 36
117 35
118 33
119 36
120 36
121 36
122 36
123 36
124 35
125 35
126 36
127 36
128 33
129 36
130 36
131 36
132 27
133 27
134 35
135 36
136 36
137 36
138 36
139 35
140 35
141 36
142 36
143 33
144 33
145 36
146 36
147 36
148 35
149 35
150 27
151 36
152 35
153 36
154 36
155 19
156 36
157 36
158 27
159 36
160 36
161 32
162 36
163 35
164 35
165 36
166 35
167 36
168 36
169 36
170 36
171 36
172 33
173 36
174 36
175 15
176 33
177 35
178 36
179 36
180 29
181 35
182 35
183 33
184 33
185 36
186 36
187 36
188 36
189 36
190 36
191 35
192 36
193 36
194 36
195 36
196 36
197 36
198 7
199 36
200 16
201 35
202 36
203 36
204 33
205 36
206 36
207 33
208 33
209 33
210 36
211 35
212 35
213 36
214 36
215 36
216 35
217 17
218 36
219 36
220 35
221 36
222 36
223 36
224 36
225 36
226 33
227 31
228 36
229 36
230 35
231 35
232 36
233 35
234 35
235 36
236 35
237 35
238 36
239 27
240 35
241 35
242 32
243 36
244 36
245 36
246 36
247 36
248 36
249 36
250 36
251 36
252 36
253 36
254 36
255 36
256 35
257 25
258 36
259 35
260 36
261 36
262 36
263 36
264 35
265 36
266 35
267 36
268 36
269 36
270 36
271 35
272 36
273 36
274 36
275 35
276 36
277 36
278 36
279 35
280 35
281 36
282 35
283 36
284 36
285 33
286 36
287 35
288 36
289 35
290 35
291 33
292 33
293 35
294 36
295 35
296 35
297 36
298 36
299 36
300 19
301 36
302 36
303 33
304 35
305 36
306 36
307 27
308 36
309 36
310 36
311 36
312 36
313 36
314 33
315 36
316 36
317 36
318 36
319 36
320 35
321 35
322 36
323 36
324 36
325 36
326 36
327 36
328 33
329 33
330 33
331 36
332 36
333 36
334 36
335 36
336 36
337 36
338 35
339 36
340 36
341 36
342 36
343 36
344 35
345 35
346 36
347 36
348 33
349 21
350 35
351 36
352 36
353 36
354 36
355 36
356 36
357 36
358 36
359 10
360 36
361 36
362 36
363 36
364 36
365 36
366 36
367 36
368 36
369 36
370 36
371 36
372 35
373 36
374 35
375 36
376 35
377 35
378 36
379 33
380 36
381 35
382 35
383 22
384 36
385 32
386 36
387 36
388 35
389 22
390 36
391 33
392 35
393 36
394 36
395 36
396 33
397 36
398 35
399 35
400 36
401 35
402 25
403 22
404 35
405 33
406 36
407 36
408 23
409 36
410 24
411 16
412 32
413 36
414 36
415 36
416 15
417 36
418 36
419 36
420 36
421 11
422 25
423 33
424 33
425 36
426 33
427 35
428 36
429 35
430 35
431 36
432 36
433 10
434 36
435 36
436 35
437 36
438 33
439 35
440 36
441 35
442 35
443 35
444 35
445 36
446 35
447 36
448 11
449 35
450 35
451 17
452 33
453 36
454 36
455 33
456 35
457 20
458 33
459 33
460 36
461 35
462 11
463 36
464 33
465 36
466 31
467 36
468 36
469 35
470 35
471 33
472 36
473 25
474 35
475 36
476 36
477 32
478 23
479 36
480 35
481 35
482 36
483 36
484 36
485 36
486 25
487 36
488 36
489 35
490 35
491 36
492 36
493 35
494 36
495 36
496 36
497 24
498 35
499 35
500 33
501 36
502 36
503 36
504 36
505 35
506 36
507 36
508 36
509 36
510 36
511 18
512 36
513 36
514 35
515 36
516 33
517 27
518 36
519 35
520 35
521 36
522 33
523 35
524 30
525 35
526 36
527 36
528 33
529 33
530 33
531 36
532 33
533 33
534 33
535 35
536 36
537 36
538 36
539 36
540 32
541 35
542 36
543 27
544 35
545 32
546 35
547 33
548 36
549 35
550 33
551 36
552 19
553 36
554 33
555 36
556 36
557 36
558 36
559 36
560 36
561 31
562 36
563 36
564 36
565 36
566 32
567 36
568 36
569 33
570 30
571 36
572 32
573 36
574 36
575 35
576 35
577 29
578 36
579 36
580 36
581 36
582 21
583 36
584 33
585 33
586 36
587 29
588 33
589 33
590 36
591 36
592 35
593 35
594 35
595 36
596 35
597 36
598 36
599 36
600 36
601 33
602 36
603 19
604 37
605 33
606 35
607 36
608 36
609 36
610 32
611 30
612 18
613 36
614 33
615 19
616 36
617 36
618 27
619 33
620 36
621 35
622 33
623 19
624 36
625 35
626 36
627 14
628 36
629 33
630 36
631 36
632 36
633 28
634 36
635 35
636 21
637 36
638 33
639 36
640 35
641 35
642 22
643 31
644 36
645 32
646 33
647 36
648 36
649 32
650 36
651 35
652 36
653 35
654 35
655 36
656 35
657 35
658 19
659 33
660 36
661 33
662 36
663 36
664 36
665 21
666 35
667 34
668 36
669 33
670 36
671 36
672 30
673 36
674 36
675 36
676 36
677 36
678 36
679 35
680 33
681 33
682 35
683 36
684 36
685 36
686 18
687 14
688 33
689 32
690 26
691 19
692 35
693 33
694 36
695 35
696 36
697 36
698 36
699 36
700 36
701 33
702 36
703 36
704 33
705 35
706 33
707 33
708 36
709 35
710 18
711 21
712 36
713 27
714 35
715 28
716 36
717 36
718 33
719 35
720 33
721 35
722 35
723 33
724 33
725 36
726 36
727 35
728 21
729 35
730 35
731 36
732 21
733 37
734 32
735 27
736 33
737 36
738 33
739 33
740 36
741 36
742 36
743 36
744 36
745 32
746 32
747 36
748 36
749 33
750 33
751 29
752 29
753 36
754 33
755 33
756 27
757 27
758 36
759 33
760 26
761 35
762 33
763 36
764 36
765 33
766 26
767 36
768 32
769 32
770 36
771 30
772 36
773 35
774 35
775 34
776 32
777 33
778 36
779 33
780 36
781 35
782 20
783 33
784 26
785 33
786 33
787 37
788 33
789 33
790 33
791 20
792 35
793 33
794 28
795 37
796 27
797 36
798 35
799 27
800 29
801 33
802 36
803 32
804 29
805 32
806 35
807 27
808 26
809 35
810 33
811 33
812 32
813 34
814 33
815 36
816 33
817 33
818 33
819 4
820 36
821 35
822 32
823 36
824 28
825 20
826 20
827 35
828 26
829 35
830 27
831 36
832 21
833 4
834 27
835 35
836 33
837 35
838 35
839 20
840 32
841 35
842 35
843 28
844 36
845 27
846 5
847 33
848 35
849 36
850 4
851 36
852 35
853 34
854 36
855 35
856 4
857 35
858 35
859 32
860 5
861 26
862 33
863 33
864 35
865 5
866 35
867 33
868 35
869 36
870 33
871 32
872 33
873 26
874 35
875 35
876 36
877 26
878 36
879 34
880 36
881 34
882 36
883 12
884 28
885 35
886 2
887 35
888 35
889 35
890 35
891 33
892 33
893 32
894 26
895 35
896 2
897 29
898 5
899 36
900 26
901 20
902 35
903 35
904 12
905 36
906 26
907 4
908 36
909 35
910 36
911 2
912 20
913 20
914 35
915 35
916 28
917 36
918 35
919 35
920 27
921 35
922 2
923 5
924 35
925 26
926 28
927 33
928 12
929 34
930 28
931 26
932 34
933 27
934 27
935 34
936 35
937 36
938 36
939 20
940 34
941 34
942 26
943 35
944 35
945 28
946 27
947 27
948 5
949 27
950 27
951 27
952 28
953 33
954 34
955 6
956 13
957 6
958 34
959 13
960 35
961 34
962 13
963 6
964 35
965 8
966 3
967 13
968 6
969 34
970 6
971 1
972 6
973 1
974 9
975 8
976 3
977 6
978 9
979 8
980 13
981 9
982 9
983 9
984 0
985 1
986 3
987 8
988 0
989 9
990 13
991 3
992 8
993 8
994 3
995 9
996 0
997 13
998 6
999 1
1000 1
