Time:282.09198689460754
NMI:0.3040734249548747
ARI:0.024787413165841307
#com:38
1 36
2 36
3 36
4 36
5 36
6 35
7 36
8 36
9 36
10 36
11 36
12 36
13 36
14 36
15 36
16 36
17 36
18 36
19 36
20 36
21 36
22 36
23 36
24 36
25 36
26 36
27 36
28 36
29 36
30 36
31 36
32 36
33 36
34 36
35 36
36 36
37 36
38 36
39 36
40 36
41 36
42 36
43 36
44 36
45 36
46 36
47 36
48 35
49 36
50 36
51 36
52 35
53 36
54 36
55 36
56 36
57 36
58 36
59 36
60 36
61 36
62 7
63 36
64 36
65 36
66 36
67 36
68 36
69 10
70 36
71 36
72 36
73 36
74 36
75 29
76 36
77 36
78 36
79 11
80 36
81 36
82 36
83 35
84 36
85 36
86 36
87 36
88 35
89 36
90 36
91 35
92 36
93 36
94 36
95 36
96 36
97 36
98 36
99 36
100 36
101 36
102 36
103 36
104 36
105 14
106 19
107 36
108 36
109 36
110 36
111 36
112 36
113 36
114 36
115 36
116 36
117 36
118 36
119 36
120 36
121 36
122 36
123 36
124 36
125 36
126 36
127 36
128 36
129 36
130 36
131 36
132 29
133 36
134 36
135 36
136 36
137 36
138 36
139 36
140 35
141 36
142 36
143 36
144 36
145 36
146 36
147 36
148 36
149 36
150 29
151 36
152 36
153 36
154 36
155 19
156 36
157 36
158 21
159 36
160 36
161 36
162 36
163 36
164 36
165 36
166 36
167 36
168 36
169 36
170 36
171 36
172 36
173 36
174 36
175 15
176 35
177 36
178 36
179 36
180 36
181 36
182 35
183 36
184 36
185 36
186 36
187 36
188 36
189 36
190 36
191 36
192 36
193 36
194 36
195 36
196 36
197 36
198 7
199 36
200 16
201 36
202 36
203 36
204 36
205 36
206 36
207 36
208 36
209 36
210 36
211 36
212 36
213 36
214 36
215 36
216 36
217 17
218 36
219 36
220 36
221 36
222 36
223 36
224 36
225 36
226 36
227 33
228 36
229 36
230 36
231 36
232 36
233 36
234 36
235 36
236 36
237 36
238 36
239 29
240 32
241 36
242 36
243 36
244 36
245 36
246 36
247 36
248 36
249 36
250 36
251 36
252 36
253 36
254 36
255 36
256 35
257 27
258 36
259 36
260 36
261 36
262 36
263 36
264 36
265 36
266 36
267 36
268 36
269 36
270 36
271 36
272 36
273 36
274 36
275 36
276 36
277 36
278 36
279 36
280 36
281 36
282 36
283 36
284 36
285 36
286 36
287 36
288 36
289 29
290 36
291 36
292 36
293 36
294 36
295 36
296 36
297 36
298 36
299 36
300 19
301 36
302 36
303 35
304 36
305 36
306 36
307 36
308 36
309 36
310 36
311 36
312 36
313 36
314 36
315 36
316 36
317 36
318 36
319 36
320 36
321 36
322 36
323 36
324 36
325 36
326 36
327 36
328 36
329 36
330 36
331 36
332 36
333 36
334 36
335 36
336 36
337 36
338 36
339 36
340 36
341 36
342 36
343 36
344 36
345 36
346 36
347 36
348 35
349 23
350 36
351 36
352 36
353 36
354 36
355 36
356 36
357 36
358 36
359 10
360 36
361 36
362 36
363 36
364 36
365 36
366 36
367 36
368 36
369 36
370 36
371 36
372 36
373 36
374 35
375 36
376 36
377 36
378 36
379 36
380 36
381 36
382 36
383 24
384 36
385 36
386 36
387 36
388 36
389 24
390 36
391 35
392 36
393 36
394 36
395 36
396 35
397 36
398 36
399 35
400 36
401 36
402 27
403 24
404 36
405 35
406 36
407 36
408 25
409 36
410 26
411 16
412 35
413 36
414 36
415 36
416 15
417 36
418 36
419 36
420 36
421 11
422 27
423 36
424 36
425 36
426 36
427 36
428 36
429 36
430 36
431 36
432 36
433 10
434 36
435 36
436 36
437 36
438 36
439 36
440 36
441 36
442 36
443 36
444 36
445 36
446 36
447 36
448 11
449 36
450 36
451 17
452 36
453 36
454 36
455 36
456 36
457 28
458 36
459 36
460 36
461 36
462 11
463 36
464 28
465 36
466 33
467 36
468 36
469 36
470 36
471 35
472 36
473 27
474 36
475 36
476 36
477 36
478 25
479 36
480 36
481 36
482 36
483 36
484 36
485 36
486 27
487 36
488 36
489 35
490 36
491 36
492 36
493 36
494 36
495 36
496 36
497 26
498 36
499 36
500 36
501 36
502 36
503 36
504 36
505 36
506 36
507 36
508 36
509 36
510 36
511 18
512 36
513 36
514 36
515 36
516 35
517 29
518 36
519 36
520 36
521 36
522 36
523 35
524 32
525 36
526 36
527 36
528 36
529 36
530 36
531 36
532 35
533 35
534 36
535 36
536 36
537 36
538 36
539 36
540 36
541 36
542 36
543 29
544 36
545 36
546 36
547 36
548 36
549 36
550 36
551 36
552 19
553 36
554 36
555 36
556 36
557 36
558 36
559 36
560 36
561 33
562 36
563 36
564 36
565 36
566 36
567 36
568 36
569 36
570 32
571 36
572 34
573 36
574 36
575 36
576 36
577 31
578 36
579 36
580 36
581 36
582 23
583 36
584 36
585 35
586 36
587 31
588 36
589 36
590 36
591 36
592 36
593 36
594 36
595 36
596 36
597 36
598 36
599 36
600 36
601 36
602 36
603 19
604 37
605 36
606 35
607 36
608 36
609 36
610 36
611 32
612 18
613 36
614 36
615 19
616 36
617 36
618 29
619 36
620 36
621 36
622 36
623 19
624 36
625 36
626 36
627 14
628 36
629 36
630 36
631 36
632 36
633 30
634 36
635 36
636 23
637 36
638 36
639 36
640 36
641 36
642 24
643 33
644 36
645 35
646 36
647 36
648 36
649 34
650 36
651 36
652 36
653 36
654 36
655 36
656 36
657 35
658 19
659 35
660 36
661 36
662 36
663 36
664 36
665 36
666 35
667 35
668 36
669 36
670 36
671 36
672 32
673 36
674 36
675 36
676 36
677 36
678 36
679 36
680 36
681 36
682 36
683 36
684 36
685 36
686 18
687 14
688 36
689 34
690 20
691 19
692 36
693 36
694 36
695 36
696 36
697 36
698 36
699 36
700 36
701 36
702 36
703 36
704 36
705 35
706 36
707 36
708 36
709 36
710 18
711 36
712 36
713 29
714 36
715 30
716 36
717 36
718 36
719 36
720 35
721 36
722 36
723 28
724 36
725 36
726 36
727 35
728 23
729 36
730 36
731 36
732 23
733 37
734 36
735 21
736 36
737 36
738 36
739 36
740 36
741 36
742 36
743 36
744 36
745 35
746 36
747 36
748 36
749 36
750 36
751 31
752 31
753 36
754 36
755 36
756 21
757 29
758 36
759 28
760 20
761 36
762 36
763 36
764 36
765 36
766 35
767 36
768 36
769 34
770 36
771 32
772 36
773 36
774 36
775 22
776 36
777 36
778 36
779 35
780 36
781 36
782 28
783 36
784 35
785 36
786 36
787 37
788 36
789 36
790 35
791 28
792 35
793 35
794 30
795 37
796 29
797 36
798 35
799 21
800 36
801 36
802 36
803 34
804 31
805 36
806 36
807 21
808 20
809 36
810 35
811 35
812 34
813 22
814 35
815 36
816 36
817 35
818 36
819 4
820 36
821 35
822 36
823 36
824 30
825 28
826 28
827 36
828 20
829 36
830 29
831 36
832 23
833 4
834 21
835 35
836 36
837 36
838 35
839 28
840 34
841 36
842 36
843 30
844 36
845 21
846 5
847 36
848 36
849 36
850 4
851 36
852 35
853 22
854 36
855 36
856 4
857 36
858 36
859 36
860 5
861 20
862 36
863 35
864 36
865 5
866 36
867 36
868 36
869 36
870 36
871 36
872 36
873 20
874 36
875 36
876 36
877 20
878 36
879 35
880 36
881 35
882 36
883 12
884 30
885 35
886 2
887 36
888 36
889 36
890 36
891 36
892 36
893 36
894 20
895 35
896 2
897 31
898 5
899 36
900 20
901 36
902 36
903 35
904 12
905 36
906 20
907 4
908 36
909 36
910 36
911 2
912 28
913 28
914 36
915 36
916 35
917 35
918 36
919 36
920 21
921 36
922 2
923 5
924 35
925 20
926 30
927 35
928 12
929 35
930 35
931 20
932 22
933 29
934 29
935 22
936 36
937 36
938 35
939 28
940 22
941 22
942 20
943 36
944 35
945 30
946 29
947 29
948 5
949 29
950 29
951 29
952 35
953 35
954 22
955 6
956 13
957 6
958 22
959 13
960 35
961 22
962 13
963 6
964 35
965 8
966 3
967 13
968 6
969 22
970 6
971 1
972 6
973 1
974 9
975 8
976 3
977 6
978 9
979 8
980 13
981 9
982 9
983 9
984 0
985 1
986 3
987 8
988 0
989 9
990 13
991 3
992 8
993 8
994 3
995 9
996 0
997 13
998 6
999 1
1000 1
