Time:1962.359678030014
NMI:0.3262366861785523
ARI:0.00810982785632816
#com:67
1 66
2 0
3 66
4 66
5 66
6 66
7 66
8 66
9 66
10 66
11 66
12 66
13 66
14 66
15 66
16 66
17 2
18 66
19 66
20 66
21 66
22 66
23 66
24 66
25 66
26 53
27 63
28 66
29 66
30 66
31 66
32 66
33 66
34 66
35 66
36 66
37 66
38 66
39 66
40 66
41 66
42 66
43 66
44 66
45 66
46 63
47 66
48 66
49 66
50 37
51 66
52 66
53 66
54 66
55 66
56 66
57 66
58 66
59 66
60 66
61 66
62 66
63 66
64 66
65 66
66 66
67 0
68 33
69 66
70 66
71 66
72 66
73 66
74 66
75 43
76 66
77 66
78 66
79 66
80 66
81 66
82 66
83 66
84 66
85 66
86 66
87 66
88 66
89 66
90 66
91 9
92 66
93 66
94 66
95 66
96 66
97 66
98 66
99 50
100 66
101 66
102 66
103 66
104 66
105 66
106 66
107 66
108 66
109 66
110 66
111 66
112 66
113 62
114 66
115 66
116 66
117 66
118 66
119 66
120 66
121 66
122 66
123 66
124 63
125 66
126 66
127 66
128 66
129 66
130 66
131 26
132 66
133 66
134 66
135 66
136 66
137 50
138 66
139 66
140 66
141 66
142 66
143 66
144 66
145 66
146 66
147 66
148 66
149 66
150 66
151 64
152 66
153 66
154 9
155 66
156 66
157 20
158 33
159 66
160 66
161 66
162 66
163 66
164 66
165 66
166 66
167 66
168 66
169 66
170 25
171 66
172 66
173 66
174 63
175 66
176 66
177 66
178 66
179 66
180 66
181 66
182 66
183 66
184 66
185 66
186 66
187 66
188 66
189 66
190 66
191 66
192 66
193 66
194 66
195 66
196 66
197 66
198 66
199 66
200 66
201 66
202 66
203 66
204 66
205 66
206 66
207 66
208 66
209 66
210 66
211 66
212 66
213 66
214 66
215 66
216 66
217 63
218 66
219 66
220 25
221 66
222 66
223 66
224 66
225 66
226 58
227 66
228 66
229 66
230 66
231 66
232 66
233 66
234 66
235 66
236 66
237 66
238 33
239 66
240 66
241 66
242 66
243 66
244 66
245 66
246 66
247 66
248 66
249 42
250 66
251 66
252 30
253 2
254 66
255 66
256 66
257 66
258 66
259 66
260 66
261 66
262 66
263 31
264 66
265 66
266 66
267 66
268 66
269 66
270 66
271 66
272 66
273 66
274 2
275 66
276 66
277 66
278 66
279 66
280 66
281 66
282 66
283 66
284 66
285 66
286 66
287 66
288 66
289 63
290 66
291 66
292 66
293 66
294 66
295 66
296 33
297 66
298 66
299 66
300 66
301 66
302 66
303 66
304 66
305 66
306 66
307 66
308 66
309 66
310 66
311 66
312 66
313 66
314 66
315 66
316 66
317 66
318 66
319 66
320 66
321 66
322 66
323 66
324 34
325 66
326 66
327 66
328 66
329 66
330 66
331 66
332 66
333 66
334 66
335 66
336 66
337 66
338 66
339 66
340 47
341 66
342 66
343 66
344 66
345 64
346 66
347 66
348 66
349 66
350 63
351 66
352 66
353 27
354 17
355 66
356 66
357 62
358 66
359 66
360 66
361 66
362 66
363 66
364 66
365 66
366 66
367 66
368 66
369 66
370 37
371 66
372 66
373 66
374 66
375 66
376 66
377 66
378 66
379 66
380 66
381 66
382 66
383 66
384 66
385 66
386 66
387 66
388 66
389 66
390 66
391 66
392 66
393 66
394 66
395 66
396 66
397 66
398 66
399 66
400 66
401 66
402 66
403 66
404 32
405 66
406 66
407 66
408 66
409 66
410 66
411 66
412 66
413 66
414 66
415 66
416 66
417 66
418 66
419 29
420 66
421 66
422 66
423 66
424 66
425 66
426 66
427 66
428 66
429 66
430 63
431 66
432 66
433 66
434 66
435 66
436 66
437 66
438 66
439 66
440 66
441 66
442 66
443 66
444 66
445 66
446 66
447 66
448 66
449 66
450 66
451 66
452 66
453 66
454 66
455 66
456 66
457 66
458 27
459 66
460 66
461 66
462 66
463 66
464 66
465 66
466 66
467 66
468 66
469 66
470 66
471 66
472 66
473 66
474 26
475 66
476 66
477 66
478 66
479 66
480 66
481 66
482 66
483 66
484 66
485 66
486 37
487 66
488 66
489 66
490 66
491 66
492 42
493 66
494 66
495 66
496 66
497 44
498 44
499 66
500 66
501 66
502 66
503 66
504 43
505 66
506 66
507 66
508 66
509 66
510 63
511 66
512 66
513 66
514 66
515 66
516 44
517 9
518 66
519 66
520 66
521 66
522 66
523 66
524 66
525 66
526 66
527 66
528 66
529 66
530 66
531 66
532 66
533 66
534 46
535 66
536 66
537 66
538 66
539 66
540 66
541 66
542 66
543 66
544 66
545 66
546 66
547 66
548 66
549 66
550 66
551 66
552 66
553 66
554 66
555 66
556 66
557 66
558 66
559 66
560 66
561 66
562 66
563 66
564 66
565 66
566 66
567 66
568 66
569 66
570 66
571 66
572 66
573 66
574 66
575 66
576 66
577 66
578 46
579 66
580 66
581 66
582 66
583 66
584 66
585 58
586 66
587 66
588 34
589 34
590 66
591 66
592 66
593 66
594 66
595 66
596 66
597 66
598 66
599 66
600 37
601 66
602 66
603 66
604 66
605 27
606 66
607 66
608 66
609 66
610 66
611 37
612 66
613 66
614 66
615 26
616 66
617 66
618 66
619 66
620 66
621 66
622 66
623 66
624 66
625 66
626 66
627 66
628 66
629 66
630 66
631 66
632 66
633 66
634 66
635 66
636 66
637 66
638 66
639 66
640 66
641 66
642 66
643 17
644 42
645 66
646 66
647 66
648 66
649 66
650 66
651 66
652 66
653 66
654 66
655 66
656 66
657 37
658 66
659 66
660 66
661 66
662 66
663 66
664 66
665 58
666 66
667 66
668 60
669 66
670 66
671 66
672 66
673 66
674 66
675 66
676 66
677 66
678 66
679 66
680 66
681 66
682 66
683 66
684 66
685 66
686 66
687 66
688 66
689 66
690 66
691 66
692 66
693 66
694 66
695 66
696 66
697 66
698 50
699 66
700 66
701 46
702 66
703 66
704 66
705 66
706 66
707 66
708 66
709 66
710 66
711 66
712 66
713 66
714 66
715 66
716 66
717 66
718 66
719 66
720 66
721 66
722 66
723 66
724 60
725 66
726 66
727 66
728 66
729 66
730 66
731 66
732 66
733 66
734 66
735 66
736 66
737 66
738 66
739 66
740 66
741 66
742 49
743 66
744 66
745 66
746 66
747 26
748 66
749 66
750 66
751 66
752 66
753 66
754 66
755 66
756 66
757 66
758 66
759 66
760 66
761 66
762 66
763 37
764 66
765 66
766 66
767 66
768 66
769 66
770 66
771 66
772 66
773 66
774 66
775 66
776 9
777 66
778 66
779 66
780 25
781 66
782 66
783 66
784 66
785 66
786 66
787 66
788 66
789 66
790 66
791 61
792 66
793 66
794 66
795 62
796 66
797 66
798 66
799 66
800 66
801 66
802 27
803 66
804 66
805 17
806 66
807 66
808 34
809 66
810 66
811 66
812 66
813 66
814 53
815 53
816 66
817 66
818 66
819 66
820 58
821 66
822 66
823 66
824 66
825 66
826 66
827 66
828 66
829 66
830 66
831 66
832 66
833 66
834 66
835 66
836 66
837 66
838 66
839 49
840 66
841 66
842 66
843 66
844 66
845 66
846 66
847 66
848 66
849 66
850 66
851 32
852 66
853 66
854 66
855 66
856 66
857 33
858 66
859 66
860 66
861 66
862 66
863 66
864 66
865 66
866 66
867 66
868 66
869 66
870 66
871 66
872 30
873 32
874 66
875 9
876 66
877 66
878 51
879 66
880 66
881 66
882 66
883 66
884 66
885 32
886 66
887 66
888 66
889 66
890 66
891 66
892 66
893 66
894 66
895 66
896 66
897 66
898 66
899 66
900 51
901 66
902 66
903 66
904 66
905 32
906 66
907 66
908 66
909 66
910 66
911 66
912 66
913 66
914 66
915 26
916 66
917 66
918 66
919 66
920 34
921 66
922 66
923 66
924 66
925 66
926 42
927 66
928 66
929 66
930 66
931 66
932 66
933 66
934 66
935 66
936 66
937 66
938 66
939 66
940 42
941 66
942 66
943 66
944 33
945 66
946 32
947 66
948 66
949 66
950 66
951 66
952 66
953 66
954 63
955 66
956 66
957 66
958 66
959 66
960 66
961 66
962 66
963 35
964 25
965 66
966 66
967 66
968 66
969 66
970 66
971 66
972 66
973 58
974 32
975 66
976 66
977 49
978 66
979 66
980 66
981 66
982 55
983 66
984 66
985 34
986 66
987 66
988 66
989 66
990 66
991 66
992 66
993 66
994 66
995 66
996 66
997 66
998 66
999 66
1000 66
1001 66
1002 66
1003 66
1004 66
1005 66
1006 66
1007 66
1008 66
1009 66
1010 66
1011 66
1012 66
1013 66
1014 66
1015 66
1016 66
1017 66
1018 66
1019 66
1020 66
1021 66
1022 66
1023 66
1024 66
1025 66
1026 66
1027 66
1028 66
1029 66
1030 66
1031 66
1032 66
1033 29
1034 66
1035 66
1036 66
1037 66
1038 66
1039 66
1040 66
1041 66
1042 66
1043 66
1044 66
1045 66
1046 29
1047 66
1048 66
1049 66
1050 66
1051 66
1052 66
1053 66
1054 66
1055 66
1056 66
1057 66
1058 33
1059 66
1060 66
1061 66
1062 66
1063 26
1064 66
1065 66
1066 66
1067 66
1068 66
1069 29
1070 66
1071 66
1072 66
1073 66
1074 66
1075 66
1076 66
1077 66
1078 29
1079 66
1080 66
1081 66
1082 66
1083 66
1084 66
1085 66
1086 66
1087 66
1088 66
1089 66
1090 66
1091 66
1092 66
1093 66
1094 66
1095 66
1096 66
1097 66
1098 51
1099 66
1100 66
1101 66
1102 66
1103 66
1104 66
1105 66
1106 66
1107 66
1108 66
1109 66
1110 66
1111 66
1112 66
1113 66
1114 66
1115 66
1116 66
1117 66
1118 66
1119 66
1120 66
1121 66
1122 66
1123 66
1124 66
1125 66
1126 66
1127 66
1128 42
1129 47
1130 66
1131 66
1132 66
1133 66
1134 66
1135 66
1136 66
1137 66
1138 66
1139 41
1140 66
1141 66
1142 66
1143 29
1144 66
1145 66
1146 66
1147 66
1148 66
1149 66
1150 66
1151 66
1152 66
1153 66
1154 42
1155 66
1156 66
1157 66
1158 41
1159 66
1160 66
1161 66
1162 66
1163 66
1164 47
1165 66
1166 66
1167 66
1168 66
1169 66
1170 66
1171 66
1172 66
1173 66
1174 66
1175 66
1176 66
1177 66
1178 66
1179 51
1180 66
1181 32
1182 66
1183 66
1184 66
1185 66
1186 66
1187 66
1188 66
1189 61
1190 66
1191 66
1192 66
1193 66
1194 66
1195 66
1196 66
1197 66
1198 66
1199 66
1200 66
1201 66
1202 66
1203 66
1204 66
1205 66
1206 66
1207 66
1208 66
1209 66
1210 66
1211 66
1212 66
1213 66
1214 66
1215 66
1216 66
1217 66
1218 66
1219 66
1220 42
1221 66
1222 66
1223 66
1224 66
1225 66
1226 66
1227 66
1228 66
1229 66
1230 66
1231 66
1232 66
1233 66
1234 66
1235 66
1236 66
1237 66
1238 66
1239 66
1240 66
1241 66
1242 18
1243 66
1244 66
1245 66
1246 66
1247 66
1248 66
1249 61
1250 66
1251 66
1252 66
1253 66
1254 66
1255 66
1256 66
1257 66
1258 66
1259 35
1260 66
1261 47
1262 66
1263 66
1264 35
1265 66
1266 66
1267 55
1268 66
1269 66
1270 66
1271 66
1272 66
1273 66
1274 66
1275 66
1276 66
1277 66
1278 66
1279 66
1280 66
1281 48
1282 66
1283 66
1284 66
1285 66
1286 66
1287 66
1288 66
1289 66
1290 35
1291 66
1292 66
1293 66
1294 66
1295 66
1296 66
1297 66
1298 66
1299 66
1300 66
1301 33
1302 66
1303 66
1304 18
1305 66
1306 66
1307 66
1308 66
1309 66
1310 66
1311 33
1312 66
1313 66
1314 66
1315 66
1316 66
1317 66
1318 25
1319 66
1320 66
1321 66
1322 66
1323 64
1324 66
1325 56
1326 66
1327 66
1328 60
1329 63
1330 66
1331 66
1332 50
1333 66
1334 66
1335 66
1336 54
1337 66
1338 6
1339 65
1340 66
1341 66
1342 66
1343 64
1344 45
1345 66
1346 66
1347 65
1348 66
1349 66
1350 66
1351 64
1352 66
1353 66
1354 62
1355 66
1356 66
1357 6
1358 66
1359 66
1360 66
1361 66
1362 66
1363 66
1364 66
1365 66
1366 66
1367 3
1368 66
1369 66
1370 66
1371 66
1372 66
1373 56
1374 66
1375 66
1376 66
1377 66
1378 66
1379 66
1380 66
1381 64
1382 66
1383 66
1384 66
1385 66
1386 55
1387 66
1388 66
1389 66
1390 64
1391 66
1392 66
1393 66
1394 66
1395 66
1396 66
1397 66
1398 66
1399 3
1400 25
1401 66
1402 66
1403 66
1404 66
1405 66
1406 66
1407 18
1408 66
1409 66
1410 60
1411 52
1412 66
1413 58
1414 66
1415 66
1416 66
1417 66
1418 66
1419 65
1420 66
1421 66
1422 66
1423 61
1424 66
1425 33
1426 66
1427 66
1428 66
1429 66
1430 66
1431 66
1432 41
1433 52
1434 65
1435 66
1436 66
1437 66
1438 35
1439 66
1440 66
1441 66
1442 64
1443 66
1444 66
1445 66
1446 66
1447 66
1448 66
1449 66
1450 58
1451 62
1452 66
1453 66
1454 66
1455 61
1456 66
1457 66
1458 48
1459 66
1460 66
1461 66
1462 66
1463 66
1464 66
1465 66
1466 66
1467 66
1468 66
1469 66
1470 66
1471 6
1472 40
1473 66
1474 66
1475 66
1476 22
1477 24
1478 66
1479 66
1480 33
1481 66
1482 66
1483 66
1484 66
1485 66
1486 66
1487 66
1488 66
1489 66
1490 3
1491 66
1492 66
1493 66
1494 66
1495 24
1496 66
1497 66
1498 66
1499 66
1500 63
1501 66
1502 40
1503 66
1504 24
1505 66
1506 66
1507 59
1508 3
1509 40
1510 66
1511 66
1512 61
1513 54
1514 66
1515 22
1516 66
1517 52
1518 66
1519 54
1520 66
1521 61
1522 66
1523 66
1524 62
1525 22
1526 66
1527 52
1528 63
1529 66
1530 66
1531 51
1532 66
1533 66
1534 66
1535 66
1536 56
1537 66
1538 66
1539 24
1540 66
1541 60
1542 66
1543 22
1544 63
1545 66
1546 48
1547 66
1548 66
1549 18
1550 66
1551 66
1552 59
1553 66
1554 66
1555 41
1556 54
1557 66
1558 66
1559 66
1560 50
1561 66
1562 66
1563 66
1564 66
1565 38
1566 40
1567 59
1568 66
1569 66
1570 66
1571 66
1572 52
1573 66
1574 66
1575 66
1576 66
1577 66
1578 66
1579 66
1580 66
1581 60
1582 66
1583 60
1584 39
1585 66
1586 12
1587 66
1588 66
1589 60
1590 66
1591 66
1592 66
1593 66
1594 63
1595 66
1596 66
1597 66
1598 66
1599 48
1600 51
1601 66
1602 66
1603 66
1604 66
1605 62
1606 66
1607 66
1608 66
1609 41
1610 66
1611 66
1612 66
1613 66
1614 66
1615 58
1616 40
1617 66
1618 66
1619 62
1620 45
1621 66
1622 66
1623 66
1624 66
1625 66
1626 66
1627 48
1628 66
1629 58
1630 59
1631 66
1632 66
1633 66
1634 62
1635 66
1636 66
1637 54
1638 50
1639 66
1640 66
1641 63
1642 58
1643 66
1644 41
1645 63
1646 66
1647 66
1648 66
1649 66
1650 66
1651 66
1652 66
1653 66
1654 66
1655 45
1656 66
1657 53
1658 50
1659 60
1660 66
1661 66
1662 63
1663 66
1664 66
1665 63
1666 66
1667 60
1668 63
1669 66
1670 66
1671 58
1672 63
1673 66
1674 60
1675 66
1676 66
1677 58
1678 66
1679 66
1680 56
1681 63
1682 66
1683 66
1684 66
1685 53
1686 39
1687 66
1688 38
1689 56
1690 66
1691 66
1692 61
1693 66
1694 66
1695 66
1696 66
1697 66
1698 66
1699 66
1700 66
1701 53
1702 63
1703 66
1704 58
1705 45
1706 66
1707 66
1708 64
1709 66
1710 66
1711 57
1712 57
1713 66
1714 66
1715 63
1716 12
1717 66
1718 53
1719 62
1720 66
1721 66
1722 66
1723 38
1724 57
1725 66
1726 66
1727 66
1728 66
1729 39
1730 63
1731 66
1732 66
1733 45
1734 66
1735 31
1736 57
1737 38
1738 66
1739 66
1740 66
1741 66
1742 45
1743 66
1744 63
1745 66
1746 66
1747 66
1748 12
1749 66
1750 39
1751 66
1752 66
1753 66
1754 66
1755 57
1756 38
1757 66
1758 66
1759 66
1760 1
1761 66
1762 66
1763 66
1764 66
1765 66
1766 66
1767 66
1768 57
1769 66
1770 66
1771 66
1772 57
1773 39
1774 66
1775 66
1776 66
1777 66
1778 66
1779 66
1780 28
1781 66
1782 66
1783 66
1784 38
1785 66
1786 66
1787 53
1788 66
1789 28
1790 62
1791 66
1792 66
1793 64
1794 66
1795 66
1796 13
1797 66
1798 57
1799 66
1800 64
1801 66
1802 62
1803 66
1804 66
1805 57
1806 66
1807 4
1808 66
1809 66
1810 53
1811 66
1812 13
1813 1
1814 58
1815 13
1816 12
1817 66
1818 13
1819 57
1820 66
1821 62
1822 66
1823 28
1824 31
1825 63
1826 58
1827 28
1828 66
1829 66
1830 28
1831 66
1832 12
1833 66
1834 66
1835 58
1836 66
1837 23
1838 16
1839 57
1840 66
1841 66
1842 66
1843 66
1844 63
1845 10
1846 53
1847 57
1848 66
1849 14
1850 66
1851 66
1852 50
1853 28
1854 62
1855 66
1856 58
1857 66
1858 58
1859 50
1860 66
1861 14
1862 66
1863 23
1864 63
1865 66
1866 66
1867 16
1868 57
1869 10
1870 66
1871 31
1872 10
1873 14
1874 50
1875 4
1876 43
1877 66
1878 15
1879 66
1880 66
1881 50
1882 66
1883 23
1884 66
1885 31
1886 66
1887 23
1888 66
1889 66
1890 58
1891 50
1892 66
1893 50
1894 50
1895 64
1896 1
1897 66
1898 16
1899 43
1900 43
1901 14
1902 66
1903 15
1904 66
1905 36
1906 66
1907 15
1908 36
1909 58
1910 15
1911 58
1912 31
1913 16
1914 64
1915 66
1916 66
1917 66
1918 14
1919 66
1920 66
1921 36
1922 4
1923 66
1924 16
1925 16
1926 50
1927 64
1928 36
1929 36
1930 19
1931 7
1932 4
1933 66
1934 19
1935 66
1936 36
1937 43
1938 5
1939 19
1940 31
1941 36
1942 66
1943 4
1944 36
1945 19
1946 66
1947 23
1948 7
1949 66
1950 19
1951 19
1952 8
1953 36
1954 7
1955 8
1956 43
1957 5
1958 63
1959 15
1960 44
1961 43
1962 8
1963 7
1964 63
1965 36
1966 66
1967 44
1968 7
1969 5
1970 7
1971 5
1972 21
1973 44
1974 63
1975 43
1976 5
1977 21
1978 44
1979 21
1980 11
1981 21
1982 44
1983 21
1984 63
1985 44
1986 11
1987 44
1988 11
1989 44
1990 63
1991 63
1992 11
1993 11
1994 21
1995 44
1996 44
1997 11
1998 63
1999 11
2000 63
