Time:1139.018112897873
ORC_Time:0.832028865814209
NMI:0.3463575062926619
ARI:0.02056883979370836
#com:67
1 65
2 0
3 65
4 65
5 65
6 65
7 65
8 65
9 65
10 66
11 65
12 65
13 65
14 65
15 65
16 65
17 1
18 66
19 65
20 66
21 65
22 65
23 66
24 65
25 65
26 51
27 62
28 65
29 65
30 65
31 65
32 65
33 65
34 66
35 65
36 66
37 65
38 65
39 65
40 65
41 66
42 65
43 65
44 65
45 65
46 62
47 66
48 65
49 65
50 38
51 65
52 65
53 66
54 65
55 65
56 65
57 65
58 65
59 65
60 65
61 65
62 65
63 65
64 62
65 65
66 65
67 0
68 33
69 65
70 65
71 65
72 65
73 65
74 65
75 7
76 65
77 65
78 65
79 65
80 65
81 65
82 66
83 65
84 65
85 65
86 66
87 65
88 65
89 66
90 65
91 9
92 65
93 66
94 66
95 65
96 65
97 65
98 65
99 18
100 65
101 65
102 65
103 65
104 66
105 65
106 66
107 65
108 65
109 65
110 65
111 65
112 65
113 64
114 65
115 65
116 65
117 65
118 65
119 65
120 65
121 65
122 65
123 65
124 62
125 65
126 65
127 65
128 65
129 65
130 65
131 34
132 65
133 65
134 65
135 66
136 65
137 18
138 65
139 65
140 65
141 65
142 65
143 65
144 66
145 65
146 65
147 65
148 65
149 65
150 65
151 63
152 65
153 65
154 9
155 65
156 65
157 20
158 33
159 65
160 65
161 65
162 66
163 65
164 65
165 65
166 65
167 65
168 65
169 66
170 26
171 65
172 65
173 65
174 62
175 65
176 65
177 65
178 65
179 65
180 65
181 66
182 65
183 65
184 65
185 65
186 65
187 65
188 65
189 65
190 65
191 66
192 66
193 65
194 65
195 65
196 66
197 65
198 65
199 65
200 65
201 65
202 65
203 66
204 65
205 65
206 65
207 65
208 66
209 66
210 65
211 65
212 65
213 65
214 65
215 65
216 65
217 62
218 65
219 65
220 26
221 65
222 65
223 66
224 65
225 65
226 57
227 65
228 66
229 65
230 65
231 65
232 65
233 65
234 65
235 65
236 65
237 65
238 33
239 66
240 66
241 65
242 65
243 65
244 65
245 65
246 66
247 65
248 66
249 42
250 65
251 65
252 30
253 1
254 65
255 65
256 65
257 65
258 65
259 66
260 66
261 65
262 65
263 31
264 65
265 65
266 65
267 65
268 65
269 65
270 65
271 65
272 65
273 65
274 1
275 65
276 65
277 65
278 65
279 65
280 65
281 65
282 65
283 65
284 65
285 65
286 65
287 65
288 65
289 62
290 65
291 65
292 65
293 66
294 65
295 65
296 33
297 65
298 65
299 65
300 65
301 65
302 65
303 65
304 65
305 65
306 65
307 34
308 65
309 65
310 65
311 66
312 65
313 65
314 66
315 65
316 65
317 65
318 65
319 65
320 65
321 65
322 65
323 65
324 35
325 66
326 65
327 65
328 65
329 66
330 65
331 65
332 66
333 65
334 65
335 65
336 65
337 66
338 65
339 65
340 66
341 65
342 65
343 65
344 66
345 63
346 65
347 65
348 65
349 65
350 62
351 65
352 65
353 27
354 16
355 65
356 65
357 64
358 65
359 65
360 65
361 65
362 65
363 65
364 65
365 65
366 66
367 65
368 65
369 65
370 38
371 65
372 66
373 66
374 66
375 65
376 65
377 65
378 66
379 65
380 65
381 65
382 66
383 65
384 65
385 65
386 65
387 65
388 66
389 65
390 65
391 65
392 65
393 65
394 66
395 65
396 66
397 65
398 65
399 65
400 65
401 65
402 65
403 65
404 32
405 65
406 65
407 66
408 66
409 65
410 65
411 65
412 65
413 65
414 66
415 65
416 66
417 65
418 65
419 29
420 65
421 65
422 66
423 61
424 65
425 65
426 65
427 65
428 66
429 65
430 62
431 65
432 65
433 65
434 65
435 65
436 66
437 65
438 65
439 65
440 65
441 65
442 65
443 65
444 65
445 65
446 66
447 66
448 65
449 65
450 65
451 66
452 65
453 66
454 65
455 65
456 65
457 65
458 27
459 65
460 65
461 65
462 65
463 65
464 65
465 65
466 65
467 65
468 65
469 65
470 65
471 66
472 66
473 66
474 34
475 65
476 65
477 65
478 66
479 65
480 66
481 65
482 65
483 66
484 65
485 65
486 38
487 65
488 65
489 65
490 65
491 65
492 42
493 65
494 65
495 65
496 65
497 43
498 43
499 65
500 65
501 65
502 65
503 65
504 66
505 65
506 65
507 65
508 65
509 65
510 62
511 66
512 66
513 65
514 65
515 65
516 43
517 9
518 65
519 65
520 66
521 65
522 65
523 65
524 65
525 66
526 65
527 65
528 66
529 65
530 65
531 65
532 65
533 65
534 45
535 65
536 66
537 65
538 66
539 65
540 66
541 65
542 65
543 65
544 65
545 65
546 65
547 66
548 65
549 65
550 65
551 65
552 65
553 65
554 65
555 65
556 66
557 65
558 65
559 65
560 65
561 65
562 65
563 65
564 65
565 65
566 65
567 65
568 65
569 65
570 65
571 65
572 65
573 66
574 65
575 66
576 65
577 65
578 45
579 65
580 65
581 65
582 66
583 65
584 65
585 57
586 66
587 65
588 35
589 35
590 65
591 65
592 65
593 65
594 65
595 65
596 66
597 66
598 65
599 65
600 38
601 65
602 65
603 65
604 65
605 27
606 65
607 65
608 65
609 66
610 65
611 38
612 65
613 65
614 66
615 34
616 65
617 65
618 66
619 65
620 65
621 65
622 66
623 65
624 65
625 66
626 65
627 65
628 65
629 66
630 65
631 65
632 65
633 66
634 65
635 65
636 65
637 65
638 65
639 65
640 65
641 65
642 65
643 16
644 42
645 65
646 65
647 66
648 65
649 65
650 65
651 65
652 65
653 65
654 65
655 65
656 65
657 38
658 65
659 66
660 65
661 65
662 65
663 65
664 65
665 57
666 65
667 65
668 59
669 65
670 66
671 65
672 65
673 66
674 65
675 65
676 65
677 65
678 65
679 65
680 65
681 65
682 65
683 65
684 65
685 66
686 65
687 65
688 65
689 65
690 66
691 65
692 66
693 65
694 66
695 65
696 65
697 65
698 66
699 66
700 65
701 45
702 65
703 65
704 66
705 66
706 66
707 65
708 65
709 66
710 65
711 65
712 65
713 65
714 66
715 65
716 65
717 66
718 65
719 65
720 66
721 65
722 65
723 66
724 59
725 65
726 65
727 65
728 65
729 65
730 65
731 65
732 65
733 65
734 65
735 65
736 65
737 65
738 65
739 66
740 65
741 65
742 47
743 65
744 65
745 66
746 65
747 34
748 66
749 65
750 65
751 65
752 65
753 65
754 65
755 65
756 65
757 65
758 65
759 66
760 65
761 65
762 66
763 38
764 65
765 66
766 65
767 65
768 65
769 65
770 65
771 65
772 66
773 66
774 65
775 65
776 9
777 65
778 65
779 65
780 26
781 65
782 66
783 65
784 65
785 66
786 66
787 65
788 66
789 65
790 65
791 60
792 66
793 65
794 65
795 64
796 65
797 66
798 65
799 65
800 66
801 65
802 27
803 65
804 65
805 16
806 65
807 65
808 35
809 65
810 65
811 65
812 65
813 66
814 66
815 51
816 65
817 57
818 65
819 65
820 62
821 65
822 65
823 65
824 65
825 65
826 65
827 65
828 65
829 65
830 65
831 65
832 65
833 65
834 66
835 66
836 66
837 65
838 66
839 47
840 66
841 65
842 66
843 65
844 65
845 65
846 65
847 66
848 65
849 66
850 65
851 32
852 65
853 65
854 65
855 66
856 66
857 33
858 65
859 65
860 66
861 65
862 65
863 66
864 65
865 65
866 65
867 65
868 65
869 66
870 65
871 34
872 30
873 32
874 65
875 9
876 65
877 66
878 49
879 65
880 65
881 65
882 65
883 65
884 65
885 32
886 66
887 65
888 65
889 64
890 65
891 52
892 65
893 66
894 66
895 65
896 65
897 65
898 65
899 65
900 49
901 65
902 65
903 66
904 65
905 32
906 65
907 65
908 65
909 65
910 65
911 66
912 65
913 65
914 65
915 34
916 65
917 65
918 66
919 65
920 35
921 65
922 65
923 65
924 65
925 66
926 42
927 65
928 65
929 66
930 65
931 65
932 65
933 65
934 65
935 66
936 65
937 65
938 65
939 65
940 42
941 65
942 65
943 65
944 33
945 65
946 32
947 66
948 65
949 65
950 65
951 65
952 65
953 65
954 62
955 65
956 65
957 65
958 65
959 65
960 65
961 65
962 66
963 36
964 26
965 65
966 65
967 66
968 65
969 65
970 65
971 66
972 65
973 57
974 32
975 65
976 65
977 47
978 65
979 65
980 65
981 66
982 54
983 65
984 65
985 35
986 65
987 66
988 66
989 65
990 66
991 65
992 66
993 65
994 66
995 65
996 65
997 65
998 66
999 66
1000 65
1001 65
1002 65
1003 65
1004 65
1005 65
1006 65
1007 65
1008 66
1009 65
1010 65
1011 65
1012 66
1013 65
1014 65
1015 65
1016 65
1017 65
1018 65
1019 62
1020 65
1021 65
1022 65
1023 66
1024 65
1025 66
1026 65
1027 65
1028 65
1029 65
1030 65
1031 66
1032 65
1033 29
1034 65
1035 65
1036 65
1037 65
1038 66
1039 65
1040 65
1041 66
1042 65
1043 65
1044 66
1045 65
1046 29
1047 65
1048 65
1049 66
1050 65
1051 65
1052 66
1053 65
1054 65
1055 66
1056 65
1057 65
1058 33
1059 66
1060 65
1061 66
1062 65
1063 34
1064 66
1065 65
1066 65
1067 66
1068 65
1069 29
1070 66
1071 66
1072 66
1073 66
1074 65
1075 66
1076 65
1077 65
1078 29
1079 66
1080 65
1081 65
1082 65
1083 65
1084 66
1085 66
1086 65
1087 66
1088 65
1089 65
1090 65
1091 65
1092 65
1093 66
1094 66
1095 65
1096 66
1097 65
1098 49
1099 65
1100 65
1101 65
1102 65
1103 65
1104 65
1105 65
1106 65
1107 66
1108 66
1109 65
1110 65
1111 65
1112 65
1113 65
1114 65
1115 65
1116 66
1117 65
1118 65
1119 65
1120 65
1121 65
1122 65
1123 66
1124 65
1125 65
1126 66
1127 65
1128 42
1129 66
1130 65
1131 66
1132 65
1133 65
1134 65
1135 65
1136 65
1137 66
1138 65
1139 41
1140 66
1141 65
1142 65
1143 29
1144 65
1145 65
1146 66
1147 65
1148 65
1149 65
1150 65
1151 65
1152 66
1153 65
1154 42
1155 65
1156 65
1157 65
1158 41
1159 65
1160 65
1161 65
1162 65
1163 66
1164 66
1165 65
1166 65
1167 66
1168 65
1169 65
1170 66
1171 65
1172 65
1173 66
1174 65
1175 65
1176 65
1177 65
1178 65
1179 49
1180 65
1181 32
1182 66
1183 65
1184 66
1185 65
1186 65
1187 65
1188 65
1189 60
1190 65
1191 65
1192 65
1193 65
1194 65
1195 65
1196 65
1197 65
1198 65
1199 66
1200 66
1201 66
1202 65
1203 65
1204 66
1205 65
1206 66
1207 65
1208 65
1209 65
1210 66
1211 65
1212 65
1213 66
1214 65
1215 66
1216 66
1217 66
1218 66
1219 65
1220 42
1221 65
1222 65
1223 65
1224 66
1225 65
1226 66
1227 65
1228 65
1229 65
1230 65
1231 65
1232 66
1233 65
1234 65
1235 65
1236 65
1237 66
1238 65
1239 66
1240 65
1241 65
1242 17
1243 65
1244 65
1245 65
1246 65
1247 65
1248 65
1249 60
1250 66
1251 66
1252 66
1253 65
1254 65
1255 66
1256 66
1257 65
1258 66
1259 36
1260 65
1261 66
1262 65
1263 66
1264 36
1265 65
1266 65
1267 54
1268 65
1269 65
1270 65
1271 65
1272 66
1273 65
1274 65
1275 65
1276 65
1277 65
1278 65
1279 61
1280 65
1281 46
1282 66
1283 65
1284 65
1285 65
1286 65
1287 66
1288 65
1289 66
1290 36
1291 52
1292 65
1293 66
1294 65
1295 65
1296 65
1297 65
1298 66
1299 65
1300 65
1301 33
1302 65
1303 65
1304 17
1305 65
1306 65
1307 65
1308 65
1309 66
1310 65
1311 33
1312 65
1313 65
1314 65
1315 66
1316 65
1317 65
1318 26
1319 65
1320 65
1321 66
1322 65
1323 63
1324 65
1325 55
1326 65
1327 65
1328 59
1329 62
1330 65
1331 65
1332 48
1333 66
1334 66
1335 66
1336 53
1337 65
1338 5
1339 64
1340 65
1341 65
1342 65
1343 63
1344 44
1345 65
1346 66
1347 64
1348 65
1349 65
1350 65
1351 63
1352 65
1353 65
1354 64
1355 65
1356 65
1357 5
1358 66
1359 66
1360 66
1361 65
1362 65
1363 66
1364 65
1365 65
1366 66
1367 2
1368 65
1369 65
1370 65
1371 52
1372 65
1373 55
1374 66
1375 65
1376 66
1377 66
1378 65
1379 65
1380 65
1381 63
1382 65
1383 65
1384 65
1385 65
1386 54
1387 66
1388 66
1389 65
1390 63
1391 66
1392 66
1393 65
1394 65
1395 65
1396 65
1397 65
1398 65
1399 2
1400 26
1401 65
1402 65
1403 65
1404 65
1405 65
1406 65
1407 17
1408 65
1409 65
1410 59
1411 50
1412 65
1413 57
1414 65
1415 65
1416 65
1417 65
1418 65
1419 64
1420 65
1421 66
1422 65
1423 60
1424 65
1425 33
1426 66
1427 65
1428 65
1429 66
1430 65
1431 65
1432 41
1433 50
1434 64
1435 65
1436 65
1437 65
1438 36
1439 65
1440 65
1441 66
1442 63
1443 65
1444 66
1445 66
1446 65
1447 65
1448 66
1449 65
1450 57
1451 64
1452 65
1453 65
1454 65
1455 60
1456 66
1457 65
1458 46
1459 66
1460 65
1461 66
1462 65
1463 65
1464 65
1465 66
1466 65
1467 66
1468 65
1469 65
1470 66
1471 5
1472 40
1473 65
1474 65
1475 65
1476 23
1477 25
1478 65
1479 65
1480 33
1481 66
1482 66
1483 65
1484 65
1485 65
1486 66
1487 65
1488 65
1489 66
1490 2
1491 66
1492 65
1493 65
1494 66
1495 25
1496 65
1497 66
1498 66
1499 65
1500 62
1501 66
1502 40
1503 65
1504 25
1505 66
1506 65
1507 58
1508 2
1509 40
1510 66
1511 66
1512 60
1513 53
1514 65
1515 23
1516 65
1517 50
1518 65
1519 53
1520 65
1521 60
1522 66
1523 65
1524 64
1525 23
1526 65
1527 50
1528 62
1529 65
1530 65
1531 49
1532 66
1533 61
1534 66
1535 66
1536 55
1537 65
1538 65
1539 25
1540 65
1541 59
1542 66
1543 23
1544 62
1545 65
1546 46
1547 65
1548 65
1549 17
1550 66
1551 65
1552 58
1553 66
1554 65
1555 41
1556 53
1557 65
1558 65
1559 65
1560 48
1561 64
1562 65
1563 65
1564 65
1565 39
1566 40
1567 58
1568 66
1569 65
1570 65
1571 66
1572 50
1573 66
1574 65
1575 65
1576 65
1577 66
1578 65
1579 65
1580 65
1581 59
1582 52
1583 59
1584 66
1585 65
1586 53
1587 65
1588 66
1589 59
1590 65
1591 65
1592 65
1593 65
1594 62
1595 66
1596 66
1597 66
1598 66
1599 46
1600 49
1601 66
1602 65
1603 66
1604 66
1605 64
1606 66
1607 65
1608 65
1609 41
1610 65
1611 65
1612 65
1613 65
1614 65
1615 57
1616 40
1617 65
1618 66
1619 64
1620 44
1621 66
1622 66
1623 65
1624 61
1625 66
1626 65
1627 46
1628 65
1629 57
1630 58
1631 66
1632 66
1633 66
1634 64
1635 61
1636 65
1637 53
1638 48
1639 65
1640 65
1641 62
1642 57
1643 65
1644 41
1645 62
1646 66
1647 66
1648 65
1649 65
1650 65
1651 65
1652 65
1653 66
1654 66
1655 44
1656 66
1657 51
1658 48
1659 59
1660 65
1661 65
1662 62
1663 65
1664 65
1665 62
1666 65
1667 59
1668 62
1669 65
1670 65
1671 57
1672 62
1673 65
1674 59
1675 65
1676 65
1677 57
1678 65
1679 66
1680 55
1681 62
1682 65
1683 66
1684 65
1685 51
1686 66
1687 65
1688 39
1689 55
1690 66
1691 65
1692 60
1693 65
1694 65
1695 65
1696 66
1697 65
1698 65
1699 65
1700 65
1701 51
1702 62
1703 65
1704 57
1705 44
1706 65
1707 65
1708 63
1709 66
1710 66
1711 56
1712 56
1713 66
1714 65
1715 62
1716 53
1717 66
1718 51
1719 64
1720 65
1721 66
1722 66
1723 39
1724 56
1725 65
1726 65
1727 65
1728 66
1729 21
1730 62
1731 66
1732 65
1733 44
1734 66
1735 31
1736 56
1737 39
1738 65
1739 65
1740 52
1741 66
1742 44
1743 65
1744 62
1745 65
1746 65
1747 65
1748 53
1749 66
1750 21
1751 66
1752 65
1753 66
1754 66
1755 56
1756 39
1757 65
1758 66
1759 66
1760 52
1761 61
1762 65
1763 65
1764 65
1765 52
1766 65
1767 65
1768 56
1769 65
1770 65
1771 65
1772 56
1773 21
1774 65
1775 65
1776 66
1777 65
1778 65
1779 65
1780 28
1781 66
1782 65
1783 65
1784 39
1785 65
1786 65
1787 51
1788 65
1789 28
1790 64
1791 65
1792 65
1793 63
1794 65
1795 66
1796 12
1797 66
1798 56
1799 65
1800 63
1801 65
1802 64
1803 65
1804 65
1805 56
1806 65
1807 3
1808 61
1809 65
1810 51
1811 66
1812 12
1813 52
1814 57
1815 12
1816 53
1817 65
1818 12
1819 56
1820 65
1821 64
1822 65
1823 28
1824 31
1825 62
1826 57
1827 28
1828 65
1829 65
1830 28
1831 65
1832 53
1833 65
1834 66
1835 57
1836 65
1837 24
1838 15
1839 56
1840 66
1841 65
1842 61
1843 66
1844 62
1845 10
1846 51
1847 56
1848 66
1849 13
1850 66
1851 66
1852 18
1853 28
1854 64
1855 66
1856 57
1857 65
1858 57
1859 18
1860 65
1861 13
1862 65
1863 24
1864 62
1865 66
1866 65
1867 15
1868 56
1869 10
1870 66
1871 31
1872 10
1873 13
1874 18
1875 3
1876 7
1877 65
1878 14
1879 65
1880 66
1881 18
1882 66
1883 24
1884 66
1885 31
1886 65
1887 24
1888 66
1889 66
1890 57
1891 18
1892 65
1893 18
1894 18
1895 63
1896 52
1897 66
1898 15
1899 7
1900 7
1901 13
1902 66
1903 14
1904 65
1905 56
1906 65
1907 14
1908 56
1909 57
1910 14
1911 57
1912 31
1913 15
1914 63
1915 66
1916 65
1917 66
1918 13
1919 66
1920 65
1921 56
1922 3
1923 65
1924 15
1925 15
1926 18
1927 63
1928 56
1929 56
1930 19
1931 6
1932 3
1933 66
1934 19
1935 66
1936 56
1937 7
1938 4
1939 19
1940 31
1941 56
1942 66
1943 3
1944 37
1945 19
1946 65
1947 24
1948 6
1949 66
1950 19
1951 19
1952 8
1953 37
1954 6
1955 8
1956 7
1957 4
1958 62
1959 14
1960 43
1961 7
1962 8
1963 6
1964 62
1965 37
1966 66
1967 43
1968 6
1969 4
1970 6
1971 4
1972 22
1973 43
1974 62
1975 7
1976 4
1977 22
1978 43
1979 22
1980 11
1981 22
1982 43
1983 22
1984 62
1985 43
1986 11
1987 43
1988 11
1989 43
1990 62
1991 62
1992 11
1993 11
1994 22
1995 43
1996 43
1997 11
1998 62
1999 11
2000 62
