Time:1141.5223820209503
ORC_Time:0.8919610977172852
NMI:0.8892889934495949
ARI:0.7598002851767965
#com:67
1 60
2 49
3 64
4 51
5 63
6 53
7 15
8 59
9 60
10 55
11 52
12 65
13 51
14 44
15 52
16 64
17 2
18 46
19 61
20 53
21 65
22 66
23 51
24 64
25 60
26 62
27 64
28 59
29 62
30 63
31 49
32 61
33 66
34 66
35 6
36 62
37 66
38 58
39 0
40 55
41 62
42 63
43 50
44 50
45 59
46 66
47 53
48 59
49 57
50 20
51 60
52 62
53 39
54 66
55 57
56 60
57 57
58 46
59 58
60 48
61 58
62 1
63 57
64 60
65 63
66 50
67 49
68 58
69 66
70 45
71 49
72 64
73 63
74 64
75 58
76 62
77 50
78 60
79 54
80 50
81 60
82 53
83 54
84 62
85 63
86 65
87 59
88 57
89 60
90 54
91 2
92 64
93 53
94 46
95 63
96 65
97 44
98 66
99 57
100 66
101 51
102 61
103 64
104 57
105 60
106 57
107 48
108 64
109 52
110 63
111 54
112 65
113 63
114 59
115 48
116 57
117 63
118 53
119 59
120 50
121 60
122 64
123 48
124 64
125 49
126 30
127 48
128 7
129 57
130 50
131 15
132 48
133 17
134 63
135 62
136 65
137 57
138 63
139 30
140 66
141 55
142 60
143 66
144 59
145 55
146 54
147 6
148 57
149 55
150 48
151 61
152 62
153 6
154 2
155 64
156 54
157 60
158 13
159 6
160 30
161 55
162 44
163 57
164 62
165 17
166 45
167 13
168 57
169 60
170 54
171 59
172 65
173 66
174 60
175 66
176 6
177 66
178 4
179 49
180 62
181 51
182 58
183 64
184 50
185 55
186 62
187 66
188 5
189 64
190 39
191 63
192 30
193 48
194 60
195 58
196 65
197 6
198 49
199 60
200 54
201 61
202 53
203 53
204 46
205 6
206 54
207 49
208 58
209 51
210 45
211 54
212 58
213 66
214 61
215 62
216 48
217 61
218 64
219 50
220 54
221 54
222 61
223 53
224 54
225 55
226 50
227 57
228 66
229 17
230 61
231 13
232 66
233 59
234 63
235 15
236 7
237 13
238 13
239 53
240 44
241 61
242 13
243 51
244 17
245 8
246 25
247 51
248 54
249 25
250 52
251 44
252 54
253 2
254 51
255 55
256 61
257 9
258 6
259 60
260 46
261 64
262 55
263 60
264 64
265 62
266 62
267 66
268 64
269 17
270 11
271 65
272 64
273 48
274 2
275 64
276 64
277 59
278 66
279 64
280 61
281 54
282 57
283 12
284 53
285 50
286 65
287 59
288 61
289 54
290 48
291 44
292 51
293 61
294 55
295 50
296 13
297 54
298 51
299 63
300 14
301 60
302 64
303 48
304 66
305 59
306 66
307 15
308 48
309 64
310 58
311 65
312 60
313 65
314 59
315 13
316 46
317 16
318 58
319 66
320 17
321 19
322 48
323 7
324 19
325 53
326 57
327 50
328 65
329 63
330 66
331 60
332 53
333 66
334 50
335 48
336 54
337 18
338 57
339 66
340 46
341 54
342 58
343 57
344 63
345 61
346 65
347 54
348 53
349 59
350 66
351 51
352 54
353 7
354 57
355 51
356 51
357 63
358 48
359 48
360 61
361 59
362 63
363 57
364 51
365 53
366 51
367 64
368 19
369 64
370 20
371 55
372 55
373 53
374 46
375 59
376 66
377 63
378 44
379 59
380 58
381 55
382 63
383 60
384 63
385 54
386 66
387 48
388 60
389 51
390 21
391 39
392 52
393 61
394 60
395 64
396 59
397 45
398 57
399 50
400 50
401 49
402 57
403 53
404 64
405 48
406 64
407 25
408 59
409 66
410 48
411 49
412 48
413 57
414 66
415 65
416 53
417 66
418 57
419 17
420 48
421 45
422 57
423 65
424 30
425 60
426 57
427 48
428 63
429 51
430 61
431 63
432 54
433 62
434 57
435 51
436 63
437 54
438 66
439 59
440 48
441 46
442 59
443 54
444 59
445 61
446 57
447 61
448 48
449 55
450 52
451 54
452 65
453 25
454 65
455 48
456 63
457 66
458 7
459 51
460 64
461 61
462 61
463 57
464 66
465 65
466 54
467 64
468 39
469 61
470 59
471 46
472 48
473 57
474 15
475 49
476 50
477 60
478 62
479 64
480 60
481 59
482 60
483 59
484 66
485 64
486 20
487 66
488 49
489 64
490 64
491 60
492 25
493 59
494 57
495 48
496 65
497 26
498 60
499 61
500 60
501 39
502 66
503 57
504 62
505 48
506 65
507 62
508 63
509 63
510 27
511 58
512 60
513 51
514 65
515 57
516 66
517 2
518 49
519 57
520 44
521 66
522 51
523 50
524 63
525 46
526 54
527 57
528 51
529 28
530 64
531 66
532 55
533 39
534 50
535 52
536 59
537 64
538 63
539 7
540 59
541 60
542 55
543 66
544 60
545 64
546 58
547 55
548 45
549 6
550 52
551 58
552 52
553 66
554 39
555 65
556 45
557 62
558 49
559 66
560 30
561 64
562 54
563 55
564 63
565 64
566 54
567 45
568 58
569 61
570 61
571 53
572 58
573 46
574 65
575 62
576 54
577 50
578 50
579 62
580 48
581 49
582 46
583 57
584 64
585 29
586 46
587 63
588 19
589 19
590 64
591 61
592 54
593 62
594 63
595 56
596 57
597 64
598 55
599 65
600 20
601 45
602 58
603 58
604 55
605 7
606 50
607 66
608 60
609 44
610 64
611 20
612 6
613 66
614 66
615 15
616 66
617 39
618 65
619 52
620 64
621 65
622 51
623 63
624 6
625 30
626 64
627 57
628 57
629 55
630 30
631 59
632 51
633 64
634 60
635 52
636 48
637 55
638 64
639 66
640 48
641 64
642 64
643 57
644 25
645 46
646 60
647 61
648 39
649 50
650 50
651 62
652 66
653 64
654 58
655 52
656 45
657 20
658 51
659 46
660 31
661 61
662 52
663 48
664 61
665 66
666 62
667 66
668 61
669 30
670 61
671 51
672 6
673 50
674 54
675 66
676 44
677 64
678 66
679 53
680 48
681 54
682 65
683 62
684 48
685 63
686 49
687 58
688 32
689 53
690 61
691 60
692 53
693 52
694 44
695 59
696 58
697 59
698 61
699 63
700 56
701 50
702 53
703 61
704 63
705 45
706 48
707 60
708 33
709 66
710 54
711 39
712 34
713 62
714 57
715 54
716 60
717 25
718 59
719 54
720 55
721 59
722 44
723 61
724 62
725 65
726 46
727 62
728 64
729 52
730 44
731 49
732 52
733 53
734 66
735 54
736 64
737 52
738 48
739 45
740 64
741 60
742 59
743 64
744 66
745 35
746 64
747 15
748 66
749 65
750 54
751 52
752 57
753 60
754 23
755 48
756 65
757 63
758 54
759 48
760 48
761 51
762 61
763 20
764 50
765 59
766 50
767 54
768 64
769 57
770 64
771 48
772 58
773 46
774 45
775 66
776 2
777 57
778 30
779 64
780 54
781 61
782 46
783 55
784 49
785 56
786 61
787 60
788 51
789 39
790 37
791 38
792 30
793 58
794 54
795 63
796 57
797 50
798 54
799 66
800 63
801 63
802 7
803 39
804 40
805 57
806 62
807 49
808 19
809 48
810 56
811 64
812 59
813 57
814 44
815 44
816 57
817 66
818 52
819 45
820 61
821 62
822 39
823 60
824 63
825 62
826 48
827 48
828 10
829 54
830 64
831 64
832 57
833 61
834 57
835 59
836 48
837 48
838 46
839 59
840 60
841 49
842 50
843 66
844 48
845 60
846 58
847 60
848 61
849 57
850 50
851 64
852 52
853 64
854 60
855 30
856 60
857 13
858 65
859 48
860 46
861 48
862 41
863 59
864 44
865 54
866 64
867 62
868 53
869 51
870 52
871 15
872 54
873 64
874 66
875 2
876 63
877 60
878 48
879 48
880 48
881 52
882 61
883 52
884 64
885 64
886 62
887 60
888 45
889 63
890 59
891 49
892 64
893 53
894 63
895 50
896 55
897 54
898 51
899 59
900 48
901 52
902 63
903 46
904 66
905 64
906 51
907 66
908 59
909 64
910 60
911 60
912 42
913 61
914 48
915 15
916 53
917 62
918 44
919 50
920 19
921 63
922 60
923 60
924 65
925 56
926 25
927 55
928 64
929 44
930 39
931 43
932 61
933 65
934 64
935 62
936 61
937 59
938 61
939 66
940 25
941 65
942 24
943 53
944 13
945 52
946 64
947 66
948 44
949 64
950 61
951 54
952 66
953 66
954 60
955 52
956 57
957 60
958 61
959 48
960 62
961 63
962 53
963 65
964 54
965 58
966 50
967 60
968 58
969 62
970 54
971 61
972 49
973 66
974 64
975 65
976 60
977 59
978 62
979 64
980 66
981 46
982 60
983 65
984 63
985 19
986 6
987 60
988 63
989 45
990 53
991 54
992 55
993 63
994 59
995 63
996 49
997 48
998 62
999 46
1000 61
1001 57
1002 58
1003 48
1004 50
1005 60
1006 61
1007 48
1008 61
1009 45
1010 53
1011 39
1012 48
1013 61
1014 52
1015 60
1016 64
1017 65
1018 63
1019 60
1020 63
1021 44
1022 44
1023 46
1024 46
1025 51
1026 63
1027 52
1028 64
1029 57
1030 58
1031 46
1032 51
1033 17
1034 64
1035 50
1036 63
1037 65
1038 45
1039 50
1040 61
1041 50
1042 48
1043 57
1044 54
1045 66
1046 17
1047 48
1048 60
1049 56
1050 45
1051 66
1052 50
1053 58
1054 54
1055 54
1056 58
1057 61
1058 13
1059 51
1060 59
1061 57
1062 60
1063 15
1064 63
1065 53
1066 64
1067 48
1068 60
1069 17
1070 51
1071 48
1072 62
1073 45
1074 51
1075 62
1076 49
1077 61
1078 17
1079 45
1080 49
1081 61
1082 45
1083 54
1084 45
1085 64
1086 60
1087 50
1088 50
1089 66
1090 52
1091 63
1092 54
1093 46
1094 47
1095 62
1096 60
1097 45
1098 48
1099 53
1100 64
1101 66
1102 48
1103 54
1104 60
1105 64
1106 66
1107 50
1108 46
1109 53
1110 63
1111 39
1112 52
1113 54
1114 60
1115 61
1116 56
1117 50
1118 64
1119 63
1120 22
1121 62
1122 55
1123 51
1124 64
1125 48
1126 59
1127 64
1128 25
1129 46
1130 58
1131 59
1132 57
1133 66
1134 52
1135 59
1136 3
1137 48
1138 64
1139 59
1140 51
1141 60
1142 61
1143 17
1144 58
1145 45
1146 50
1147 61
1148 48
1149 48
1150 45
1151 48
1152 56
1153 59
1154 25
1155 54
1156 59
1157 64
1158 59
1159 66
1160 64
1161 51
1162 6
1163 57
1164 46
1165 45
1166 65
1167 51
1168 50
1169 65
1170 65
1171 54
1172 62
1173 63
1174 59
1175 63
1176 64
1177 53
1178 61
1179 48
1180 52
1181 64
1182 55
1183 48
1184 56
1185 48
1186 53
1187 60
1188 66
1189 56
1190 36
1191 59
1192 45
1193 52
1194 58
1195 66
1196 59
1197 53
1198 54
1199 51
1200 57
1201 60
1202 57
1203 59
1204 48
1205 55
1206 62
1207 52
1208 61
1209 49
1210 39
1211 58
1212 52
1213 51
1214 53
1215 59
1216 57
1217 39
1218 45
1219 66
1220 25
1221 55
1222 50
1223 63
1224 51
1225 56
1226 46
1227 55
1228 50
1229 62
1230 59
1231 55
1232 51
1233 64
1234 65
1235 60
1236 48
1237 59
1238 58
1239 57
1240 48
1241 50
1242 30
1243 49
1244 52
1245 57
1246 66
1247 59
1248 61
1249 56
1250 58
1251 65
1252 51
1253 53
1254 50
1255 63
1256 59
1257 61
1258 51
1259 65
1260 61
1261 46
1262 61
1263 60
1264 65
1265 55
1266 52
1267 60
1268 51
1269 48
1270 52
1271 51
1272 58
1273 50
1274 58
1275 60
1276 61
1277 64
1278 50
1279 65
1280 51
1281 44
1282 58
1283 64
1284 44
1285 61
1286 53
1287 51
1288 62
1289 59
1290 65
1291 49
1292 65
1293 48
1294 58
1295 65
1296 53
1297 62
1298 63
1299 64
1300 62
1301 13
1302 52
1303 63
1304 30
1305 51
1306 65
1307 61
1308 51
1309 56
1310 45
1311 13
1312 61
1313 58
1314 64
1315 59
1316 64
1317 55
1318 54
1319 65
1320 54
1321 64
1322 56
1323 62
1324 48
1325 46
1326 57
1327 64
1328 54
1329 60
1330 49
1331 64
1332 57
1333 56
1334 63
1335 46
1336 63
1337 66
1338 62
1339 63
1340 49
1341 64
1342 58
1343 62
1344 60
1345 55
1346 53
1347 63
1348 48
1349 66
1350 66
1351 62
1352 59
1353 49
1354 63
1355 64
1356 66
1357 62
1358 51
1359 59
1360 57
1361 48
1362 64
1363 57
1364 48
1365 61
1366 64
1367 63
1368 65
1369 48
1370 55
1371 49
1372 50
1373 46
1374 51
1375 52
1376 63
1377 46
1378 63
1379 53
1380 65
1381 62
1382 65
1383 58
1384 61
1385 55
1386 60
1387 58
1388 48
1389 58
1390 62
1391 59
1392 55
1393 51
1394 51
1395 66
1396 65
1397 53
1398 65
1399 63
1400 54
1401 66
1402 61
1403 54
1404 58
1405 65
1406 53
1407 30
1408 66
1409 65
1410 54
1411 57
1412 66
1413 66
1414 54
1415 66
1416 66
1417 57
1418 55
1419 63
1420 64
1421 64
1422 61
1423 56
1424 64
1425 13
1426 55
1427 53
1428 60
1429 48
1430 61
1431 58
1432 59
1433 57
1434 63
1435 55
1436 64
1437 49
1438 65
1439 52
1440 54
1441 57
1442 62
1443 59
1444 59
1445 45
1446 61
1447 53
1448 60
1449 58
1450 66
1451 63
1452 60
1453 66
1454 64
1455 56
1456 58
1457 56
1458 44
1459 53
1460 49
1461 57
1462 52
1463 64
1464 65
1465 51
1466 48
1467 39
1468 52
1469 64
1470 46
1471 62
1472 61
1473 50
1474 66
1475 61
1476 66
1477 46
1478 64
1479 66
1480 13
1481 64
1482 57
1483 54
1484 66
1485 66
1486 51
1487 52
1488 60
1489 60
1490 63
1491 59
1492 48
1493 45
1494 51
1495 46
1496 65
1497 55
1498 39
1499 39
1500 60
1501 45
1502 61
1503 64
1504 46
1505 51
1506 66
1507 62
1508 63
1509 61
1510 51
1511 55
1512 56
1513 63
1514 54
1515 66
1516 48
1517 57
1518 46
1519 63
1520 61
1521 56
1522 63
1523 51
1524 63
1525 66
1526 58
1527 57
1528 60
1529 52
1530 61
1531 48
1532 66
1533 65
1534 66
1535 51
1536 46
1537 39
1538 52
1539 46
1540 48
1541 54
1542 39
1543 66
1544 60
1545 60
1546 44
1547 64
1548 65
1549 30
1550 59
1551 48
1552 62
1553 57
1554 49
1555 59
1556 63
1557 58
1558 48
1559 56
1560 57
1561 63
1562 51
1563 66
1564 55
1565 59
1566 61
1567 62
1568 58
1569 59
1570 61
1571 57
1572 57
1573 51
1574 61
1575 52
1576 55
1577 51
1578 48
1579 57
1580 66
1581 54
1582 49
1583 54
1584 45
1585 53
1586 63
1587 57
1588 57
1589 54
1590 54
1591 48
1592 60
1593 66
1594 60
1595 45
1596 53
1597 45
1598 59
1599 44
1600 48
1601 58
1602 52
1603 57
1604 57
1605 63
1606 60
1607 57
1608 61
1609 59
1610 49
1611 49
1612 64
1613 48
1614 64
1615 66
1616 61
1617 56
1618 45
1619 63
1620 60
1621 59
1622 60
1623 64
1624 65
1625 55
1626 60
1627 44
1628 55
1629 66
1630 62
1631 55
1632 56
1633 58
1634 63
1635 65
1636 48
1637 63
1638 57
1639 66
1640 59
1641 60
1642 66
1643 48
1644 59
1645 60
1646 51
1647 56
1648 61
1649 54
1650 46
1651 66
1652 65
1653 58
1654 60
1655 60
1656 60
1657 44
1658 57
1659 54
1660 50
1661 61
1662 60
1663 51
1664 65
1665 60
1666 61
1667 54
1668 60
1669 60
1670 64
1671 66
1672 60
1673 48
1674 54
1675 52
1676 46
1677 66
1678 58
1679 53
1680 46
1681 60
1682 52
1683 53
1684 52
1685 44
1686 45
1687 50
1688 59
1689 46
1690 58
1691 58
1692 56
1693 52
1694 66
1695 65
1696 44
1697 64
1698 53
1699 66
1700 48
1701 51
1702 60
1703 50
1704 66
1705 60
1706 54
1707 48
1708 62
1709 55
1710 59
1711 61
1712 61
1713 55
1714 50
1715 60
1716 63
1717 53
1718 44
1719 63
1720 59
1721 51
1722 53
1723 59
1724 61
1725 48
1726 56
1727 64
1728 53
1729 45
1730 60
1731 51
1732 52
1733 60
1734 44
1735 48
1736 61
1737 59
1738 63
1739 64
1740 49
1741 53
1742 60
1743 64
1744 60
1745 66
1746 54
1747 58
1748 63
1749 58
1750 45
1751 51
1752 66
1753 59
1754 53
1755 48
1756 59
1757 57
1758 51
1759 58
1760 49
1761 65
1762 48
1763 52
1764 65
1765 49
1766 66
1767 56
1768 61
1769 66
1770 66
1771 63
1772 63
1773 45
1774 60
1775 52
1776 55
1777 65
1778 52
1779 64
1780 51
1781 51
1782 65
1783 52
1784 59
1785 66
1786 50
1787 44
1788 54
1789 51
1790 63
1791 65
1792 54
1793 62
1794 57
1795 58
1796 46
1797 58
1798 61
1799 65
1800 62
1801 64
1802 63
1803 50
1804 65
1805 61
1806 52
1807 50
1808 65
1809 48
1810 44
1811 53
1812 46
1813 49
1814 66
1815 46
1816 63
1817 64
1818 46
1819 61
1820 58
1821 63
1822 54
1823 51
1824 48
1825 60
1826 66
1827 51
1828 57
1829 64
1830 51
1831 66
1832 63
1833 65
1834 53
1835 66
1836 56
1837 55
1838 63
1839 61
1840 59
1841 64
1842 65
1843 59
1844 60
1845 51
1846 44
1847 61
1848 59
1849 54
1850 53
1851 53
1852 57
1853 51
1854 63
1855 59
1856 66
1857 66
1858 66
1859 57
1860 64
1861 54
1862 65
1863 55
1864 60
1865 59
1866 52
1867 63
1868 61
1869 51
1870 53
1871 48
1872 51
1873 54
1874 57
1875 50
1876 58
1877 64
1878 65
1879 64
1880 53
1881 57
1882 59
1883 55
1884 53
1885 48
1886 66
1887 55
1888 60
1889 53
1890 66
1891 57
1892 66
1893 57
1894 57
1895 62
1896 49
1897 53
1898 63
1899 58
1900 58
1901 54
1902 53
1903 65
1904 58
1905 61
1906 64
1907 65
1908 61
1909 66
1910 65
1911 66
1912 48
1913 63
1914 62
1915 53
1916 64
1917 53
1918 54
1919 53
1920 52
1921 61
1922 50
1923 66
1924 63
1925 63
1926 57
1927 62
1928 61
1929 61
1930 62
1931 56
1932 50
1933 60
1934 62
1935 53
1936 61
1937 58
1938 59
1939 62
1940 48
1941 61
1942 53
1943 50
1944 61
1945 62
1946 64
1947 55
1948 56
1949 53
1950 62
1951 62
1952 57
1953 61
1954 56
1955 57
1956 58
1957 59
1958 64
1959 65
1960 66
1961 58
1962 57
1963 56
1964 64
1965 61
1966 60
1967 66
1968 56
1969 59
1970 56
1971 59
1972 60
1973 66
1974 64
1975 58
1976 59
1977 64
1978 66
1979 60
1980 61
1981 60
1982 66
1983 60
1984 64
1985 66
1986 61
1987 66
1988 61
1989 66
1990 64
1991 64
1992 61
1993 61
1994 60
1995 66
1996 66
1997 61
1998 64
1999 61
2000 64
