Time:283.7015211582184
NMI:0.43357309533786526
ARI:0.056309935518566924
#com:34
1 30
2 29
3 29
4 28
5 29
6 1
7 30
8 30
9 9
10 30
11 30
12 30
13 29
14 30
15 30
16 30
17 32
18 25
19 24
20 32
21 30
22 30
23 30
24 30
25 32
26 30
27 29
28 30
29 25
30 30
31 24
32 29
33 30
34 30
35 30
36 30
37 30
38 30
39 30
40 30
41 29
42 30
43 30
44 29
45 30
46 9
47 30
48 30
49 24
50 32
51 30
52 29
53 22
54 30
55 13
56 5
57 30
58 30
59 29
60 13
61 29
62 30
63 30
64 30
65 10
66 29
67 29
68 26
69 4
70 30
71 32
72 29
73 13
74 5
75 30
76 30
77 32
78 30
79 30
80 29
81 29
82 29
83 30
84 30
85 30
86 29
87 29
88 30
89 30
90 29
91 17
92 29
93 30
94 32
95 17
96 29
97 30
98 30
99 30
100 29
101 29
102 29
103 30
104 30
105 18
106 30
107 30
108 30
109 25
110 30
111 30
112 30
113 30
114 30
115 30
116 30
117 30
118 30
119 25
120 32
121 30
122 29
123 30
124 30
125 30
126 30
127 30
128 30
129 29
130 30
131 30
132 30
133 30
134 32
135 30
136 30
137 29
138 29
139 30
140 30
141 30
142 30
143 30
144 30
145 30
146 30
147 30
148 32
149 21
150 30
151 30
152 29
153 30
154 30
155 32
156 30
157 30
158 32
159 30
160 25
161 30
162 30
163 9
164 9
165 30
166 30
167 29
168 24
169 29
170 30
171 30
172 30
173 29
174 30
175 24
176 29
177 29
178 30
179 29
180 29
181 30
182 21
183 30
184 29
185 29
186 18
187 30
188 10
189 29
190 30
191 24
192 29
193 30
194 30
195 30
196 32
197 30
198 30
199 30
200 30
201 18
202 30
203 4
204 13
205 30
206 21
207 30
208 9
209 30
210 30
211 4
212 32
213 28
214 30
215 30
216 30
217 29
218 29
219 30
220 29
221 30
222 29
223 30
224 29
225 30
226 30
227 30
228 29
229 30
230 30
231 30
232 30
233 30
234 29
235 30
236 30
237 30
238 30
239 29
240 30
241 14
242 4
243 30
244 29
245 29
246 30
247 32
248 30
249 30
250 30
251 30
252 30
253 30
254 32
255 18
256 30
257 30
258 29
259 30
260 30
261 30
262 30
263 30
264 30
265 32
266 30
267 30
268 30
269 30
270 29
271 30
272 30
273 29
274 30
275 30
276 32
277 31
278 30
279 30
280 10
281 29
282 30
283 30
284 30
285 29
286 30
287 30
288 30
289 29
290 30
291 30
292 30
293 30
294 30
295 29
296 30
297 30
298 30
299 30
300 9
301 30
302 30
303 29
304 30
305 30
306 28
307 30
308 30
309 30
310 32
311 29
312 29
313 30
314 30
315 30
316 10
317 31
318 30
319 32
320 10
321 18
322 29
323 30
324 18
325 30
326 30
327 30
328 18
329 30
330 13
331 29
332 29
333 10
334 30
335 30
336 30
337 30
338 30
339 32
340 32
341 29
342 24
343 30
344 30
345 30
346 30
347 30
348 30
349 30
350 30
351 32
352 30
353 29
354 30
355 30
356 30
357 30
358 30
359 30
360 29
361 30
362 30
363 29
364 29
365 13
366 18
367 30
368 30
369 30
370 30
371 4
372 30
373 30
374 30
375 30
376 18
377 30
378 29
379 30
380 10
381 17
382 30
383 30
384 30
385 29
386 30
387 30
388 30
389 29
390 30
391 30
392 10
393 29
394 30
395 13
396 30
397 14
398 30
399 30
400 30
401 30
402 30
403 30
404 30
405 30
406 29
407 30
408 9
409 30
410 30
411 30
412 29
413 30
414 29
415 29
416 30
417 30
418 30
419 29
420 16
421 30
422 21
423 30
424 29
425 30
426 17
427 30
428 5
429 30
430 30
431 25
432 30
433 30
434 18
435 30
436 30
437 30
438 30
439 28
440 14
441 30
442 29
443 30
444 16
445 30
446 17
447 29
448 30
449 29
450 29
451 30
452 29
453 30
454 30
455 30
456 32
457 5
458 9
459 30
460 30
461 29
462 30
463 29
464 30
465 30
466 16
467 29
468 30
469 30
470 29
471 30
472 29
473 30
474 21
475 30
476 18
477 30
478 30
479 30
480 29
481 13
482 30
483 30
484 29
485 30
486 29
487 29
488 30
489 30
490 30
491 30
492 5
493 30
494 30
495 18
496 30
497 29
498 30
499 30
500 21
501 30
502 17
503 30
504 30
505 30
506 30
507 18
508 30
509 29
510 30
511 13
512 30
513 5
514 30
515 30
516 29
517 30
518 30
519 30
520 30
521 30
522 29
523 22
524 29
525 9
526 14
527 30
528 22
529 29
530 29
531 29
532 29
533 29
534 30
535 30
536 30
537 30
538 16
539 29
540 29
541 13
542 21
543 30
544 29
545 21
546 30
547 30
548 29
549 29
550 29
551 30
552 29
553 30
554 25
555 30
556 30
557 30
558 30
559 30
560 29
561 30
562 30
563 30
564 29
565 30
566 29
567 30
568 30
569 30
570 21
571 29
572 30
573 18
574 29
575 14
576 30
577 30
578 9
579 30
580 9
581 29
582 30
583 30
584 25
585 30
586 29
587 29
588 30
589 30
590 25
591 29
592 29
593 30
594 30
595 30
596 30
597 30
598 30
599 22
600 30
601 30
602 14
603 30
604 30
605 30
606 29
607 30
608 30
609 30
610 30
611 30
612 30
613 29
614 30
615 29
616 30
617 30
618 29
619 29
620 29
621 30
622 29
623 29
624 30
625 13
626 30
627 30
628 30
629 30
630 29
631 25
632 30
633 30
634 29
635 30
636 30
637 18
638 14
639 30
640 16
641 29
642 29
643 5
644 9
645 30
646 30
647 30
648 30
649 16
650 30
651 30
652 30
653 14
654 29
655 29
656 14
657 30
658 29
659 30
660 30
661 30
662 29
663 27
664 29
665 29
666 30
667 17
668 32
669 30
670 5
671 30
672 30
673 29
674 30
675 29
676 30
677 29
678 29
679 29
680 29
681 21
682 16
683 30
684 30
685 21
686 30
687 30
688 30
689 29
690 5
691 29
692 29
693 32
694 30
695 30
696 5
697 17
698 27
699 29
700 30
701 13
702 29
703 29
704 29
705 30
706 29
707 22
708 30
709 29
710 30
711 16
712 30
713 17
714 24
715 21
716 30
717 30
718 16
719 30
720 30
721 30
722 30
723 30
724 29
725 29
726 23
727 14
728 30
729 30
730 30
731 18
732 30
733 30
734 29
735 30
736 30
737 29
738 29
739 21
740 29
741 32
742 23
743 30
744 29
745 30
746 30
747 30
748 30
749 30
750 30
751 30
752 30
753 29
754 18
755 29
756 30
757 16
758 30
759 24
760 30
761 29
762 30
763 23
764 30
765 21
766 29
767 30
768 29
769 30
770 29
771 30
772 30
773 30
774 30
775 30
776 23
777 29
778 21
779 30
780 25
781 29
782 17
783 30
784 8
785 30
786 32
787 25
788 29
789 25
790 16
791 32
792 28
793 21
794 30
795 21
796 11
797 30
798 7
799 30
800 31
801 32
802 26
803 30
804 33
805 11
806 30
807 28
808 23
809 17
810 30
811 30
812 30
813 33
814 30
815 33
816 30
817 27
818 11
819 33
820 31
821 26
822 29
823 23
824 8
825 8
826 33
827 28
828 1
829 28
830 33
831 30
832 30
833 7
834 1
835 28
836 19
837 28
838 8
839 26
840 19
841 7
842 24
843 21
844 26
845 26
846 31
847 26
848 28
849 6
850 11
851 26
852 26
853 26
854 1
855 15
856 24
857 15
858 15
859 19
860 11
861 20
862 15
863 11
864 29
865 16
866 20
867 29
868 20
869 7
870 19
871 6
872 30
873 25
874 20
875 29
876 29
877 6
878 19
879 25
880 29
881 1
882 15
883 19
884 6
885 29
886 20
887 29
888 21
889 26
890 19
891 1
892 20
893 19
894 21
895 15
896 15
897 29
898 20
899 6
900 26
901 26
902 29
903 20
904 25
905 19
906 28
907 19
908 26
909 28
910 25
911 31
912 25
913 21
914 26
915 26
916 28
917 27
918 21
919 31
920 24
921 26
922 26
923 6
924 33
925 27
926 24
927 28
928 24
929 33
930 31
931 31
932 24
933 31
934 31
935 31
936 31
937 27
938 31
939 26
940 26
941 33
942 27
943 33
944 27
945 26
946 30
947 32
948 24
949 24
950 32
951 30
952 32
953 32
954 30
955 30
956 30
957 30
958 30
959 30
960 28
961 30
962 32
963 28
964 30
965 28
966 28
967 28
968 29
969 12
970 12
971 12
972 32
973 32
974 29
975 3
976 3
977 12
978 12
979 12
980 3
981 32
982 29
983 29
984 32
985 32
986 29
987 32
988 12
989 12
990 2
991 2
992 2
993 2
994 2
995 2
996 0
997 2
998 0
999 0
1000 0
