Time:282.3227388858795
NMI:0.4154353098875215
ARI:0.03149348395135923
#com:34
1 31
2 31
3 31
4 30
5 31
6 1
7 31
8 31
9 23
10 31
11 31
12 31
13 31
14 31
15 31
16 31
17 33
18 27
19 26
20 31
21 31
22 31
23 31
24 31
25 31
26 31
27 31
28 31
29 27
30 31
31 33
32 31
33 31
34 31
35 31
36 31
37 31
38 31
39 31
40 31
41 31
42 31
43 31
44 31
45 31
46 11
47 31
48 31
49 26
50 31
51 31
52 31
53 24
54 31
55 15
56 6
57 31
58 31
59 31
60 15
61 31
62 31
63 31
64 31
65 12
66 31
67 31
68 28
69 5
70 31
71 31
72 31
73 15
74 6
75 31
76 31
77 31
78 31
79 31
80 31
81 31
82 31
83 31
84 31
85 31
86 31
87 31
88 31
89 31
90 31
91 19
92 31
93 31
94 33
95 19
96 31
97 31
98 31
99 31
100 31
101 31
102 31
103 31
104 31
105 20
106 31
107 31
108 31
109 27
110 31
111 31
112 31
113 31
114 31
115 31
116 31
117 31
118 31
119 27
120 31
121 31
122 31
123 31
124 31
125 31
126 31
127 31
128 31
129 31
130 31
131 31
132 31
133 31
134 31
135 31
136 31
137 31
138 31
139 31
140 31
141 31
142 31
143 31
144 31
145 31
146 31
147 31
148 33
149 23
150 31
151 31
152 31
153 31
154 31
155 31
156 31
157 31
158 31
159 31
160 27
161 31
162 31
163 11
164 11
165 31
166 31
167 31
168 26
169 31
170 31
171 31
172 31
173 31
174 31
175 26
176 31
177 31
178 31
179 31
180 31
181 31
182 23
183 31
184 31
185 31
186 20
187 31
188 12
189 31
190 31
191 26
192 31
193 31
194 31
195 31
196 31
197 31
198 31
199 31
200 31
201 20
202 31
203 5
204 15
205 31
206 23
207 31
208 31
209 31
210 31
211 5
212 31
213 30
214 31
215 31
216 31
217 31
218 31
219 31
220 31
221 31
222 31
223 31
224 31
225 31
226 31
227 31
228 31
229 31
230 31
231 31
232 31
233 31
234 31
235 31
236 31
237 31
238 31
239 31
240 31
241 16
242 5
243 31
244 31
245 31
246 31
247 33
248 31
249 31
250 31
251 31
252 31
253 31
254 31
255 20
256 31
257 31
258 31
259 31
260 31
261 31
262 31
263 31
264 31
265 31
266 31
267 31
268 31
269 31
270 31
271 31
272 31
273 31
274 31
275 31
276 31
277 32
278 31
279 31
280 12
281 31
282 31
283 31
284 31
285 31
286 31
287 31
288 31
289 31
290 31
291 31
292 31
293 31
294 31
295 31
296 31
297 31
298 31
299 31
300 11
301 31
302 31
303 31
304 31
305 31
306 30
307 31
308 31
309 31
310 33
311 31
312 31
313 31
314 31
315 31
316 12
317 32
318 31
319 31
320 12
321 20
322 31
323 31
324 20
325 31
326 31
327 31
328 20
329 31
330 15
331 31
332 31
333 12
334 31
335 31
336 31
337 31
338 31
339 31
340 31
341 31
342 26
343 31
344 31
345 31
346 31
347 31
348 31
349 31
350 31
351 31
352 31
353 31
354 31
355 31
356 31
357 31
358 31
359 31
360 31
361 31
362 31
363 31
364 31
365 15
366 20
367 31
368 31
369 31
370 31
371 5
372 31
373 31
374 31
375 31
376 20
377 31
378 31
379 31
380 12
381 19
382 31
383 31
384 31
385 31
386 31
387 31
388 31
389 31
390 31
391 31
392 12
393 31
394 31
395 15
396 31
397 16
398 31
399 31
400 31
401 31
402 31
403 31
404 31
405 31
406 31
407 31
408 11
409 31
410 31
411 31
412 31
413 31
414 31
415 31
416 31
417 31
418 31
419 31
420 18
421 31
422 23
423 31
424 31
425 31
426 19
427 31
428 6
429 31
430 31
431 27
432 31
433 31
434 20
435 31
436 31
437 31
438 31
439 30
440 16
441 31
442 31
443 31
444 18
445 31
446 19
447 31
448 31
449 31
450 31
451 31
452 31
453 31
454 31
455 31
456 31
457 6
458 11
459 31
460 31
461 31
462 31
463 31
464 31
465 31
466 18
467 31
468 31
469 31
470 31
471 31
472 31
473 31
474 23
475 31
476 20
477 31
478 31
479 31
480 31
481 15
482 31
483 31
484 31
485 31
486 31
487 31
488 31
489 31
490 31
491 31
492 6
493 31
494 31
495 20
496 31
497 31
498 31
499 31
500 23
501 31
502 19
503 31
504 31
505 31
506 31
507 20
508 31
509 31
510 31
511 15
512 31
513 6
514 31
515 31
516 31
517 31
518 31
519 31
520 31
521 31
522 31
523 24
524 31
525 11
526 16
527 31
528 24
529 31
530 31
531 31
532 31
533 31
534 31
535 31
536 31
537 31
538 18
539 31
540 31
541 15
542 23
543 31
544 31
545 23
546 31
547 31
548 31
549 31
550 31
551 31
552 31
553 31
554 27
555 31
556 31
557 31
558 31
559 31
560 31
561 31
562 31
563 31
564 31
565 31
566 31
567 31
568 31
569 31
570 23
571 31
572 31
573 20
574 31
575 16
576 31
577 31
578 11
579 31
580 11
581 31
582 31
583 31
584 27
585 31
586 31
587 31
588 31
589 31
590 27
591 31
592 31
593 31
594 31
595 31
596 31
597 31
598 31
599 24
600 31
601 31
602 16
603 31
604 31
605 31
606 31
607 31
608 31
609 31
610 31
611 31
612 31
613 31
614 31
615 31
616 31
617 31
618 31
619 31
620 31
621 31
622 31
623 31
624 31
625 15
626 31
627 31
628 31
629 31
630 31
631 27
632 31
633 31
634 31
635 31
636 31
637 20
638 16
639 31
640 18
641 31
642 31
643 6
644 11
645 31
646 31
647 31
648 31
649 18
650 31
651 31
652 31
653 16
654 31
655 31
656 16
657 31
658 31
659 31
660 31
661 31
662 31
663 29
664 31
665 31
666 31
667 19
668 33
669 31
670 6
671 31
672 31
673 31
674 31
675 31
676 31
677 31
678 31
679 31
680 31
681 23
682 18
683 31
684 31
685 23
686 31
687 31
688 31
689 31
690 6
691 31
692 31
693 33
694 31
695 31
696 6
697 19
698 29
699 31
700 31
701 15
702 31
703 31
704 31
705 31
706 31
707 24
708 31
709 31
710 31
711 18
712 31
713 19
714 26
715 23
716 31
717 31
718 18
719 31
720 31
721 31
722 31
723 31
724 31
725 31
726 25
727 16
728 31
729 31
730 31
731 20
732 31
733 31
734 31
735 31
736 31
737 31
738 31
739 23
740 31
741 33
742 25
743 31
744 31
745 31
746 31
747 31
748 31
749 31
750 31
751 31
752 31
753 31
754 20
755 31
756 31
757 18
758 31
759 26
760 31
761 31
762 31
763 25
764 31
765 23
766 31
767 31
768 31
769 31
770 31
771 31
772 31
773 31
774 31
775 31
776 25
777 31
778 23
779 31
780 27
781 31
782 19
783 31
784 9
785 31
786 33
787 27
788 31
789 27
790 18
791 31
792 30
793 23
794 31
795 23
796 13
797 31
798 8
799 31
800 32
801 33
802 28
803 31
804 33
805 13
806 31
807 30
808 25
809 19
810 31
811 31
812 31
813 33
814 31
815 33
816 31
817 29
818 13
819 33
820 32
821 28
822 31
823 25
824 9
825 9
826 33
827 30
828 1
829 30
830 33
831 31
832 31
833 8
834 1
835 30
836 21
837 30
838 9
839 28
840 21
841 8
842 26
843 23
844 28
845 28
846 32
847 28
848 30
849 7
850 13
851 28
852 28
853 28
854 1
855 17
856 26
857 17
858 17
859 21
860 13
861 22
862 17
863 13
864 31
865 18
866 22
867 31
868 22
869 8
870 21
871 7
872 31
873 27
874 22
875 31
876 31
877 7
878 21
879 27
880 31
881 1
882 17
883 21
884 7
885 31
886 22
887 31
888 4
889 28
890 21
891 1
892 22
893 21
894 4
895 17
896 17
897 31
898 22
899 7
900 28
901 28
902 31
903 22
904 27
905 21
906 30
907 21
908 28
909 30
910 27
911 32
912 27
913 4
914 28
915 28
916 30
917 10
918 4
919 32
920 26
921 28
922 28
923 7
924 33
925 10
926 26
927 30
928 26
929 33
930 32
931 32
932 26
933 32
934 32
935 32
936 32
937 10
938 32
939 28
940 28
941 33
942 10
943 33
944 10
945 28
946 31
947 33
948 26
949 26
950 33
951 31
952 33
953 33
954 31
955 31
956 31
957 31
958 31
959 31
960 30
961 31
962 33
963 30
964 31
965 30
966 30
967 30
968 31
969 14
970 14
971 14
972 31
973 31
974 31
975 3
976 3
977 14
978 14
979 14
980 3
981 31
982 31
983 31
984 31
985 31
986 31
987 31
988 14
989 14
990 2
991 2
992 2
993 2
994 2
995 2
996 0
997 2
998 0
999 0
1000 0
