Time:351.2051978111267
ORC_Time:0.5763628482818604
NMI:0.45618833729174163
ARI:0.08010260667816053
#com:34
1 30
2 31
3 26
4 29
5 30
6 1
7 30
8 30
9 9
10 30
11 30
12 30
13 30
14 30
15 31
16 31
17 33
18 25
19 26
20 33
21 31
22 31
23 30
24 30
25 33
26 30
27 26
28 30
29 25
30 31
31 33
32 31
33 30
34 30
35 31
36 31
37 30
38 31
39 30
40 30
41 30
42 31
43 31
44 31
45 30
46 9
47 31
48 30
49 26
50 33
51 30
52 31
53 23
54 30
55 13
56 5
57 30
58 31
59 31
60 13
61 31
62 31
63 30
64 30
65 10
66 30
67 30
68 27
69 4
70 30
71 33
72 31
73 13
74 5
75 30
76 31
77 33
78 31
79 30
80 30
81 30
82 31
83 30
84 30
85 30
86 30
87 31
88 31
89 30
90 30
91 17
92 30
93 31
94 33
95 17
96 31
97 30
98 30
99 31
100 30
101 31
102 14
103 31
104 30
105 18
106 31
107 31
108 31
109 25
110 30
111 30
112 30
113 31
114 30
115 31
116 30
117 30
118 30
119 25
120 33
121 30
122 31
123 31
124 30
125 30
126 30
127 30
128 30
129 31
130 31
131 30
132 31
133 31
134 29
135 31
136 30
137 31
138 30
139 30
140 30
141 31
142 30
143 31
144 30
145 31
146 30
147 30
148 33
149 22
150 30
151 30
152 31
153 30
154 31
155 33
156 31
157 30
158 33
159 31
160 25
161 30
162 30
163 9
164 9
165 30
166 30
167 30
168 26
169 30
170 31
171 31
172 30
173 26
174 31
175 26
176 30
177 30
178 30
179 31
180 30
181 30
182 22
183 31
184 31
185 26
186 18
187 31
188 10
189 30
190 30
191 26
192 30
193 30
194 30
195 30
196 29
197 30
198 30
199 31
200 31
201 18
202 31
203 4
204 13
205 30
206 22
207 30
208 9
209 31
210 31
211 4
212 33
213 29
214 30
215 31
216 30
217 21
218 30
219 31
220 30
221 31
222 31
223 31
224 30
225 30
226 30
227 30
228 30
229 30
230 31
231 30
232 30
233 31
234 31
235 30
236 31
237 31
238 30
239 30
240 31
241 14
242 4
243 30
244 30
245 30
246 30
247 33
248 30
249 30
250 30
251 31
252 31
253 30
254 33
255 18
256 30
257 30
258 30
259 31
260 31
261 31
262 31
263 30
264 30
265 33
266 31
267 30
268 31
269 30
270 31
271 30
272 31
273 31
274 30
275 31
276 33
277 32
278 30
279 30
280 10
281 31
282 30
283 31
284 30
285 31
286 31
287 30
288 31
289 31
290 31
291 31
292 30
293 30
294 30
295 30
296 30
297 30
298 30
299 30
300 9
301 31
302 30
303 30
304 31
305 30
306 29
307 30
308 30
309 30
310 33
311 31
312 31
313 30
314 31
315 30
316 10
317 32
318 30
319 33
320 10
321 18
322 31
323 30
324 18
325 31
326 30
327 30
328 18
329 30
330 13
331 26
332 31
333 10
334 30
335 31
336 31
337 31
338 31
339 33
340 33
341 30
342 26
343 30
344 30
345 30
346 31
347 30
348 30
349 30
350 31
351 33
352 30
353 31
354 30
355 30
356 31
357 30
358 31
359 30
360 31
361 31
362 30
363 30
364 30
365 13
366 18
367 31
368 30
369 30
370 30
371 4
372 30
373 31
374 30
375 31
376 18
377 30
378 31
379 30
380 10
381 17
382 30
383 30
384 31
385 26
386 30
387 31
388 30
389 31
390 30
391 31
392 10
393 30
394 31
395 13
396 30
397 14
398 31
399 31
400 30
401 30
402 30
403 30
404 30
405 31
406 30
407 31
408 9
409 31
410 30
411 31
412 30
413 31
414 30
415 31
416 30
417 30
418 31
419 31
420 16
421 30
422 22
423 30
424 26
425 30
426 17
427 30
428 5
429 30
430 30
431 25
432 31
433 31
434 18
435 30
436 30
437 30
438 31
439 29
440 14
441 30
442 31
443 30
444 16
445 30
446 17
447 31
448 31
449 31
450 31
451 31
452 31
453 31
454 31
455 31
456 33
457 5
458 9
459 31
460 30
461 30
462 30
463 30
464 30
465 30
466 16
467 31
468 31
469 30
470 31
471 30
472 26
473 31
474 22
475 30
476 18
477 30
478 31
479 30
480 30
481 13
482 30
483 31
484 30
485 30
486 31
487 30
488 30
489 31
490 31
491 30
492 5
493 31
494 30
495 18
496 31
497 30
498 31
499 30
500 22
501 30
502 17
503 30
504 31
505 30
506 31
507 18
508 30
509 31
510 31
511 13
512 30
513 5
514 30
515 31
516 26
517 31
518 31
519 30
520 31
521 30
522 31
523 23
524 30
525 9
526 14
527 31
528 23
529 30
530 31
531 31
532 31
533 31
534 30
535 31
536 30
537 30
538 16
539 30
540 31
541 13
542 30
543 30
544 31
545 22
546 30
547 30
548 31
549 31
550 30
551 31
552 31
553 31
554 25
555 30
556 30
557 31
558 30
559 30
560 30
561 30
562 30
563 30
564 31
565 30
566 26
567 31
568 31
569 30
570 31
571 30
572 31
573 18
574 31
575 14
576 31
577 30
578 9
579 31
580 9
581 31
582 30
583 31
584 25
585 31
586 30
587 31
588 30
589 30
590 25
591 31
592 30
593 30
594 30
595 31
596 30
597 30
598 30
599 23
600 30
601 31
602 14
603 30
604 30
605 31
606 31
607 30
608 30
609 30
610 31
611 31
612 31
613 26
614 30
615 33
616 31
617 31
618 31
619 26
620 31
621 31
622 31
623 31
624 30
625 13
626 30
627 30
628 31
629 30
630 31
631 25
632 30
633 30
634 26
635 31
636 30
637 18
638 14
639 30
640 16
641 26
642 31
643 5
644 9
645 31
646 30
647 31
648 31
649 16
650 31
651 31
652 31
653 14
654 30
655 31
656 14
657 30
658 30
659 30
660 31
661 30
662 31
663 28
664 30
665 31
666 30
667 17
668 33
669 30
670 5
671 31
672 31
673 30
674 30
675 31
676 30
677 31
678 30
679 31
680 33
681 22
682 16
683 30
684 30
685 30
686 31
687 31
688 30
689 31
690 5
691 31
692 31
693 33
694 30
695 30
696 5
697 17
698 28
699 30
700 30
701 13
702 33
703 30
704 30
705 30
706 30
707 23
708 30
709 31
710 30
711 16
712 30
713 17
714 26
715 22
716 30
717 31
718 16
719 30
720 30
721 30
722 31
723 30
724 30
725 21
726 24
727 14
728 30
729 30
730 31
731 18
732 30
733 30
734 31
735 31
736 30
737 30
738 30
739 22
740 26
741 33
742 24
743 30
744 31
745 30
746 30
747 30
748 30
749 30
750 31
751 31
752 30
753 30
754 18
755 33
756 30
757 16
758 31
759 26
760 30
761 30
762 31
763 24
764 30
765 22
766 31
767 30
768 30
769 30
770 31
771 30
772 30
773 30
774 30
775 30
776 24
777 21
778 22
779 30
780 25
781 31
782 17
783 31
784 8
785 30
786 33
787 25
788 21
789 25
790 16
791 33
792 30
793 22
794 31
795 22
796 11
797 30
798 7
799 31
800 32
801 33
802 27
803 30
804 33
805 11
806 31
807 29
808 24
809 17
810 30
811 30
812 31
813 33
814 30
815 33
816 31
817 28
818 11
819 33
820 32
821 27
822 30
823 24
824 8
825 8
826 33
827 29
828 1
829 29
830 33
831 30
832 31
833 7
834 1
835 29
836 19
837 29
838 8
839 27
840 19
841 7
842 26
843 22
844 27
845 27
846 32
847 27
848 29
849 6
850 11
851 27
852 27
853 27
854 1
855 15
856 26
857 15
858 15
859 19
860 11
861 20
862 15
863 11
864 30
865 16
866 20
867 30
868 20
869 7
870 19
871 6
872 30
873 25
874 20
875 26
876 26
877 6
878 19
879 25
880 26
881 1
882 15
883 19
884 6
885 30
886 20
887 26
888 22
889 27
890 19
891 1
892 20
893 19
894 22
895 15
896 15
897 30
898 20
899 6
900 27
901 27
902 30
903 20
904 25
905 19
906 29
907 19
908 27
909 29
910 25
911 32
912 25
913 22
914 27
915 27
916 29
917 21
918 22
919 32
920 26
921 27
922 27
923 6
924 33
925 21
926 26
927 29
928 26
929 33
930 32
931 32
932 26
933 32
934 32
935 32
936 32
937 21
938 32
939 27
940 27
941 33
942 21
943 33
944 21
945 27
946 31
947 33
948 26
949 26
950 33
951 30
952 33
953 33
954 31
955 31
956 31
957 31
958 31
959 30
960 29
961 30
962 33
963 29
964 31
965 29
966 29
967 29
968 31
969 12
970 12
971 12
972 33
973 33
974 31
975 3
976 3
977 12
978 12
979 12
980 3
981 33
982 31
983 31
984 33
985 33
986 31
987 33
988 12
989 12
990 2
991 2
992 2
993 2
994 2
995 2
996 0
997 2
998 0
999 0
1000 0
