Time:287.7332229614258
NMI:0.8754829652174638
ARI:0.795836398009618
#com:34
1 28
2 30
3 26
4 0
5 18
6 23
7 32
8 30
9 31
10 27
11 28
12 18
13 29
14 19
15 13
16 26
17 31
18 28
19 26
20 33
21 19
22 31
23 20
24 28
25 31
26 15
27 31
28 1
29 2
30 3
31 26
32 4
33 30
34 26
35 27
36 22
37 31
38 28
39 23
40 5
41 14
42 28
43 27
44 30
45 29
46 30
47 21
48 23
49 26
50 33
51 28
52 21
53 23
54 23
55 22
56 14
57 23
58 32
59 25
60 22
61 30
62 24
63 6
64 26
65 13
66 31
67 29
68 7
69 12
70 24
71 31
72 26
73 22
74 14
75 23
76 25
77 26
78 25
79 19
80 29
81 29
82 14
83 32
84 31
85 8
86 29
87 19
88 32
89 21
90 33
91 30
92 26
93 21
94 31
95 19
96 25
97 19
98 21
99 25
100 29
101 30
102 15
103 9
104 15
105 20
106 13
107 33
108 27
109 28
110 26
111 29
112 22
113 25
114 29
115 33
116 32
117 20
118 23
119 28
120 10
121 29
122 14
123 19
124 23
125 21
126 32
127 26
128 32
129 20
130 19
131 32
132 32
133 32
134 33
135 32
136 30
137 25
138 31
139 19
140 25
141 20
142 19
143 32
144 33
145 32
146 18
147 11
148 28
149 21
150 32
151 31
152 20
153 12
154 33
155 33
156 32
157 24
158 33
159 28
160 28
161 19
162 23
163 30
164 30
165 32
166 23
167 25
168 26
169 29
170 30
171 19
172 29
173 26
174 25
175 31
176 19
177 29
178 26
179 27
180 26
181 23
182 21
183 31
184 20
185 26
186 20
187 14
188 13
189 33
190 14
191 26
192 25
193 26
194 27
195 30
196 33
197 19
198 31
199 24
200 30
201 20
202 32
203 12
204 22
205 23
206 21
207 19
208 30
209 27
210 30
211 12
212 33
213 30
214 23
215 31
216 30
217 29
218 31
219 25
220 15
221 32
222 20
223 25
224 19
225 29
226 31
227 19
228 29
229 24
230 32
231 23
232 20
233 32
234 14
235 29
236 30
237 13
238 21
239 31
240 32
241 15
242 12
243 18
244 29
245 21
246 24
247 33
248 23
249 23
250 29
251 27
252 24
253 30
254 33
255 20
256 29
257 30
258 29
259 32
260 25
261 28
262 19
263 21
264 30
265 33
266 25
267 32
268 33
269 19
270 20
271 25
272 19
273 30
274 12
275 30
276 16
277 30
278 18
279 30
280 13
281 31
282 28
283 31
284 27
285 20
286 32
287 21
288 25
289 25
290 24
291 33
292 18
293 26
294 29
295 29
296 31
297 30
298 30
299 31
300 30
301 30
302 26
303 29
304 19
305 33
306 33
307 19
308 33
309 27
310 31
311 20
312 25
313 29
314 32
315 33
316 13
317 30
318 19
319 33
320 13
321 20
322 17
323 29
324 20
325 19
326 24
327 30
328 20
329 30
330 22
331 26
332 28
333 13
334 23
335 21
336 31
337 31
338 33
339 33
340 33
341 29
342 31
343 19
344 21
345 18
346 14
347 30
348 18
349 33
350 33
351 16
352 28
353 33
354 30
355 30
356 26
357 26
358 27
359 26
360 28
361 24
362 23
363 26
364 29
365 22
366 20
367 31
368 31
369 19
370 19
371 12
372 33
373 21
374 18
375 32
376 20
377 18
378 27
379 29
380 13
381 19
382 33
383 30
384 28
385 26
386 33
387 21
388 18
389 25
390 33
391 27
392 13
393 19
394 30
395 22
396 30
397 15
398 27
399 19
400 33
401 23
402 15
403 33
404 21
405 27
406 29
407 32
408 30
409 28
410 32
411 32
412 29
413 28
414 18
415 25
416 31
417 23
418 33
419 33
420 24
421 18
422 21
423 21
424 26
425 30
426 19
427 33
428 14
429 26
430 21
431 28
432 32
433 33
434 20
435 31
436 30
437 31
438 28
439 33
440 15
441 30
442 30
443 31
444 24
445 33
446 19
447 19
448 25
449 33
450 20
451 25
452 31
453 33
454 32
455 27
456 31
457 14
458 30
459 25
460 32
461 33
462 21
463 30
464 26
465 31
466 24
467 20
468 32
469 18
470 31
471 32
472 26
473 32
474 21
475 31
476 30
477 24
478 30
479 33
480 25
481 22
482 32
483 32
484 33
485 30
486 26
487 18
488 31
489 33
490 32
491 30
492 14
493 27
494 18
495 20
496 14
497 29
498 25
499 18
500 21
501 31
502 19
503 31
504 28
505 31
506 21
507 20
508 24
509 25
510 19
511 22
512 30
513 14
514 33
515 33
516 26
517 32
518 31
519 30
520 28
521 33
522 25
523 23
524 19
525 30
526 15
527 32
528 23
529 29
530 25
531 25
532 17
533 20
534 29
535 32
536 30
537 31
538 24
539 29
540 32
541 22
542 21
543 32
544 20
545 21
546 23
547 31
548 20
549 31
550 29
551 32
552 25
553 32
554 28
555 33
556 19
557 32
558 23
559 30
560 29
561 18
562 32
563 20
564 20
565 32
566 26
567 32
568 33
569 30
570 21
571 31
572 25
573 20
574 27
575 15
576 33
577 23
578 30
579 33
580 30
581 20
582 33
583 25
584 28
585 27
586 29
587 31
588 24
589 30
590 28
591 27
592 33
593 30
594 31
595 32
596 30
597 33
598 30
599 23
600 30
601 25
602 15
603 30
604 30
605 33
606 20
607 30
608 30
609 19
610 24
611 32
612 28
613 33
614 29
615 27
616 33
617 32
618 19
619 26
620 31
621 24
622 28
623 33
624 33
625 22
626 31
627 21
628 31
629 31
630 31
631 28
632 31
633 32
634 26
635 24
636 29
637 20
638 15
639 21
640 24
641 26
642 25
643 14
644 30
645 32
646 29
647 24
648 31
649 24
650 33
651 27
652 19
653 15
654 29
655 20
656 15
657 30
658 31
659 32
660 32
661 30
662 19
663 29
664 25
665 27
666 31
667 19
668 33
669 31
670 14
671 32
672 28
673 29
674 33
675 33
676 30
677 28
678 31
679 31
680 31
681 21
682 24
683 30
684 31
685 21
686 32
687 27
688 29
689 31
690 14
691 31
692 19
693 33
694 33
695 22
696 14
697 19
698 29
699 31
700 33
701 22
702 33
703 18
704 28
705 32
706 29
707 23
708 30
709 25
710 33
711 24
712 32
713 19
714 26
715 21
716 32
717 32
718 24
719 30
720 30
721 21
722 28
723 33
724 29
725 29
726 26
727 15
728 32
729 23
730 25
731 20
732 23
733 31
734 19
735 32
736 33
737 29
738 21
739 21
740 26
741 33
742 26
743 31
744 31
745 33
746 33
747 23
748 33
749 31
750 32
751 32
752 30
753 30
754 20
755 31
756 33
757 24
758 33
759 26
760 19
761 31
762 27
763 26
764 30
765 21
766 33
767 30
768 18
769 33
770 21
771 31
772 19
773 30
774 30
775 31
776 24
777 29
778 21
779 23
780 28
781 30
782 19
783 31
784 20
785 31
786 33
787 28
788 29
789 28
790 24
791 33
792 31
793 21
794 28
795 21
796 27
797 33
798 19
799 25
800 32
801 33
802 30
803 31
804 33
805 27
806 31
807 31
808 26
809 19
810 30
811 32
812 27
813 33
814 30
815 33
816 28
817 29
818 27
819 33
820 32
821 30
822 29
823 26
824 20
825 20
826 33
827 31
828 23
829 31
830 33
831 30
832 28
833 19
834 23
835 31
836 33
837 31
838 20
839 30
840 33
841 19
842 26
843 21
844 30
845 30
846 32
847 30
848 31
849 25
850 27
851 30
852 30
853 30
854 23
855 31
856 26
857 31
858 31
859 33
860 27
861 32
862 31
863 27
864 29
865 24
866 32
867 29
868 32
869 19
870 33
871 25
872 29
873 28
874 32
875 26
876 26
877 25
878 20
879 28
880 26
881 23
882 31
883 33
884 25
885 29
886 32
887 26
888 21
889 30
890 33
891 23
892 32
893 33
894 21
895 31
896 31
897 29
898 32
899 25
900 30
901 30
902 29
903 32
904 28
905 33
906 31
907 33
908 30
909 31
910 28
911 32
912 28
913 21
914 30
915 30
916 31
917 29
918 21
919 32
920 26
921 30
922 30
923 25
924 33
925 29
926 26
927 31
928 26
929 33
930 32
931 32
932 26
933 32
934 22
935 32
936 32
937 29
938 32
939 30
940 30
941 33
942 29
943 33
944 29
945 30
946 32
947 33
948 26
949 26
950 33
951 30
952 33
953 33
954 32
955 32
956 32
957 32
958 32
959 30
960 31
961 30
962 33
963 31
964 32
965 31
966 31
967 31
968 31
969 30
970 30
971 30
972 33
973 33
974 31
975 32
976 32
977 30
978 30
979 30
980 32
981 33
982 31
983 31
984 33
985 33
986 31
987 33
988 30
989 30
990 31
991 28
992 31
993 31
994 31
995 31
996 33
997 31
998 31
999 33
1000 33
