Time:282.1217360496521
NMI:0.4288334097787282
ARI:0.028435543880082858
#com:34
1 30
2 30
3 30
4 29
5 30
6 1
7 30
8 30
9 22
10 30
11 30
12 30
13 30
14 30
15 30
16 30
17 32
18 26
19 25
20 32
21 30
22 30
23 30
24 30
25 32
26 30
27 30
28 30
29 26
30 30
31 25
32 30
33 30
34 30
35 30
36 30
37 30
38 30
39 30
40 30
41 30
42 30
43 30
44 30
45 30
46 10
47 30
48 30
49 25
50 32
51 30
52 30
53 23
54 30
55 14
56 5
57 30
58 30
59 30
60 14
61 30
62 30
63 30
64 30
65 11
66 30
67 30
68 27
69 4
70 30
71 32
72 30
73 14
74 5
75 30
76 30
77 32
78 30
79 30
80 28
81 28
82 30
83 30
84 30
85 30
86 30
87 30
88 30
89 30
90 30
91 18
92 30
93 30
94 32
95 18
96 30
97 30
98 30
99 30
100 30
101 30
102 30
103 30
104 30
105 19
106 30
107 30
108 30
109 26
110 30
111 30
112 30
113 30
114 30
115 30
116 30
117 30
118 30
119 26
120 32
121 30
122 30
123 30
124 30
125 30
126 30
127 30
128 30
129 30
130 30
131 30
132 30
133 30
134 32
135 30
136 30
137 30
138 30
139 30
140 30
141 30
142 30
143 30
144 30
145 30
146 30
147 30
148 32
149 22
150 30
151 30
152 30
153 30
154 30
155 32
156 30
157 30
158 32
159 30
160 26
161 30
162 30
163 10
164 10
165 30
166 30
167 30
168 25
169 30
170 30
171 30
172 30
173 30
174 30
175 25
176 30
177 30
178 30
179 30
180 30
181 30
182 22
183 30
184 30
185 30
186 19
187 30
188 11
189 30
190 30
191 25
192 30
193 30
194 30
195 30
196 32
197 30
198 30
199 30
200 30
201 19
202 30
203 4
204 14
205 30
206 22
207 30
208 30
209 30
210 30
211 4
212 32
213 29
214 30
215 30
216 30
217 28
218 30
219 30
220 30
221 30
222 30
223 30
224 30
225 30
226 30
227 30
228 30
229 30
230 30
231 30
232 30
233 30
234 30
235 30
236 30
237 30
238 30
239 30
240 30
241 15
242 4
243 30
244 30
245 30
246 30
247 32
248 30
249 30
250 30
251 30
252 30
253 30
254 32
255 19
256 30
257 30
258 30
259 30
260 30
261 30
262 30
263 30
264 30
265 32
266 30
267 30
268 30
269 30
270 30
271 30
272 30
273 30
274 30
275 30
276 32
277 31
278 30
279 30
280 11
281 30
282 30
283 30
284 30
285 30
286 30
287 30
288 30
289 30
290 30
291 30
292 30
293 30
294 30
295 30
296 30
297 30
298 30
299 30
300 10
301 30
302 30
303 30
304 30
305 30
306 29
307 30
308 30
309 30
310 32
311 30
312 30
313 30
314 30
315 30
316 11
317 31
318 30
319 32
320 11
321 19
322 30
323 30
324 19
325 30
326 30
327 30
328 19
329 30
330 14
331 30
332 30
333 11
334 30
335 30
336 30
337 30
338 30
339 32
340 32
341 30
342 25
343 30
344 30
345 30
346 30
347 30
348 30
349 30
350 30
351 32
352 30
353 30
354 30
355 30
356 30
357 30
358 30
359 30
360 30
361 30
362 30
363 30
364 30
365 14
366 19
367 30
368 30
369 30
370 30
371 4
372 30
373 30
374 30
375 30
376 19
377 30
378 30
379 30
380 11
381 18
382 30
383 30
384 30
385 30
386 30
387 30
388 30
389 30
390 30
391 30
392 11
393 30
394 30
395 14
396 30
397 15
398 30
399 30
400 30
401 30
402 30
403 30
404 30
405 30
406 30
407 30
408 10
409 30
410 30
411 30
412 30
413 30
414 30
415 30
416 30
417 30
418 30
419 30
420 17
421 30
422 22
423 30
424 30
425 30
426 18
427 30
428 5
429 30
430 30
431 26
432 30
433 30
434 19
435 30
436 30
437 30
438 30
439 29
440 15
441 30
442 30
443 30
444 17
445 30
446 18
447 30
448 30
449 30
450 30
451 30
452 30
453 30
454 30
455 30
456 32
457 5
458 10
459 30
460 30
461 30
462 30
463 30
464 30
465 30
466 17
467 30
468 30
469 30
470 30
471 30
472 30
473 30
474 22
475 30
476 19
477 30
478 30
479 30
480 30
481 14
482 30
483 30
484 30
485 30
486 30
487 30
488 30
489 30
490 30
491 30
492 5
493 30
494 30
495 19
496 30
497 30
498 30
499 30
500 22
501 30
502 18
503 30
504 30
505 30
506 30
507 19
508 30
509 30
510 30
511 14
512 30
513 5
514 30
515 30
516 30
517 30
518 30
519 30
520 30
521 30
522 30
523 23
524 30
525 10
526 15
527 30
528 23
529 30
530 30
531 30
532 30
533 30
534 30
535 30
536 30
537 30
538 17
539 30
540 30
541 14
542 22
543 30
544 30
545 22
546 30
547 30
548 30
549 30
550 30
551 30
552 30
553 30
554 26
555 30
556 30
557 30
558 30
559 30
560 30
561 30
562 30
563 30
564 30
565 30
566 30
567 30
568 30
569 30
570 22
571 30
572 30
573 19
574 30
575 15
576 30
577 30
578 10
579 30
580 10
581 30
582 30
583 30
584 26
585 30
586 30
587 30
588 30
589 30
590 26
591 30
592 30
593 30
594 30
595 30
596 30
597 30
598 30
599 23
600 30
601 30
602 15
603 30
604 30
605 30
606 30
607 30
608 30
609 30
610 30
611 30
612 30
613 30
614 30
615 30
616 30
617 30
618 30
619 30
620 30
621 30
622 30
623 30
624 30
625 14
626 30
627 30
628 30
629 30
630 30
631 26
632 30
633 30
634 30
635 30
636 30
637 19
638 15
639 30
640 17
641 30
642 30
643 5
644 10
645 30
646 30
647 30
648 30
649 17
650 30
651 30
652 30
653 15
654 30
655 30
656 15
657 30
658 30
659 30
660 30
661 30
662 30
663 28
664 30
665 30
666 30
667 18
668 32
669 30
670 5
671 30
672 30
673 30
674 30
675 30
676 30
677 30
678 30
679 30
680 30
681 22
682 17
683 30
684 30
685 22
686 30
687 30
688 30
689 30
690 5
691 30
692 30
693 32
694 30
695 30
696 5
697 18
698 28
699 30
700 30
701 14
702 30
703 30
704 30
705 30
706 30
707 23
708 30
709 30
710 30
711 17
712 30
713 18
714 25
715 22
716 30
717 30
718 17
719 30
720 30
721 30
722 30
723 30
724 30
725 28
726 24
727 15
728 30
729 30
730 30
731 19
732 30
733 30
734 30
735 30
736 30
737 30
738 30
739 22
740 30
741 32
742 24
743 30
744 30
745 30
746 30
747 30
748 30
749 30
750 30
751 30
752 30
753 30
754 19
755 30
756 30
757 17
758 30
759 25
760 30
761 30
762 30
763 24
764 30
765 22
766 30
767 30
768 30
769 30
770 30
771 30
772 30
773 30
774 30
775 30
776 24
777 28
778 22
779 30
780 26
781 30
782 18
783 30
784 8
785 30
786 32
787 26
788 28
789 26
790 17
791 30
792 29
793 22
794 30
795 22
796 12
797 30
798 7
799 30
800 31
801 32
802 27
803 30
804 33
805 12
806 30
807 29
808 24
809 18
810 30
811 30
812 30
813 33
814 30
815 33
816 30
817 28
818 12
819 33
820 31
821 27
822 30
823 24
824 8
825 8
826 33
827 29
828 1
829 29
830 33
831 30
832 30
833 7
834 1
835 29
836 20
837 29
838 8
839 27
840 20
841 7
842 25
843 22
844 27
845 27
846 31
847 27
848 29
849 6
850 12
851 27
852 27
853 27
854 1
855 16
856 25
857 16
858 16
859 20
860 12
861 21
862 16
863 12
864 30
865 17
866 21
867 30
868 21
869 7
870 20
871 6
872 30
873 26
874 21
875 30
876 30
877 6
878 20
879 26
880 30
881 1
882 16
883 20
884 6
885 30
886 21
887 30
888 22
889 27
890 20
891 1
892 21
893 20
894 22
895 16
896 16
897 30
898 21
899 6
900 27
901 27
902 30
903 21
904 26
905 20
906 29
907 20
908 27
909 29
910 26
911 31
912 26
913 22
914 27
915 27
916 29
917 9
918 22
919 31
920 25
921 27
922 27
923 6
924 33
925 9
926 25
927 29
928 25
929 33
930 31
931 31
932 25
933 31
934 31
935 31
936 31
937 9
938 31
939 27
940 27
941 33
942 9
943 33
944 9
945 27
946 30
947 32
948 25
949 25
950 32
951 30
952 32
953 32
954 30
955 30
956 30
957 30
958 30
959 30
960 29
961 30
962 32
963 29
964 30
965 29
966 29
967 29
968 30
969 13
970 13
971 13
972 32
973 32
974 30
975 3
976 3
977 13
978 13
979 13
980 3
981 32
982 30
983 30
984 32
985 32
986 30
987 32
988 13
989 13
990 2
991 2
992 2
993 2
994 2
995 2
996 0
997 2
998 0
999 0
1000 0
