Time:105390.0724170208
NMI:0.17981618380214345
ARI:0.001198657028972097
#com:164
1 163
2 163
3 163
4 163
5 163
6 163
7 163
8 163
9 163
10 163
11 163
12 163
13 163
14 163
15 163
16 163
17 163
18 163
19 163
20 163
21 163
22 163
23 163
24 163
25 163
26 163
27 163
28 163
29 163
30 163
31 85
32 163
33 163
34 163
35 163
36 163
37 163
38 163
39 163
40 163
41 163
42 163
43 163
44 163
45 163
46 163
47 163
48 163
49 163
50 163
51 163
52 163
53 163
54 163
55 163
56 163
57 163
58 163
59 163
60 163
61 163
62 163
63 163
64 163
65 163
66 163
67 163
68 163
69 163
70 163
71 163
72 163
73 163
74 163
75 163
76 163
77 163
78 163
79 163
80 163
81 163
82 16
83 163
84 163
85 163
86 163
87 153
88 163
89 163
90 163
91 163
92 163
93 163
94 163
95 163
96 163
97 163
98 163
99 163
100 163
101 163
102 163
103 163
104 163
105 163
106 163
107 163
108 163
109 163
110 163
111 163
112 163
113 163
114 163
115 163
116 163
117 163
118 163
119 163
120 163
121 163
122 163
123 163
124 163
125 163
126 163
127 163
128 163
129 163
130 163
131 163
132 163
133 163
134 55
135 163
136 163
137 163
138 163
139 163
140 163
141 163
142 163
143 163
144 163
145 163
146 16
147 163
148 163
149 163
150 98
151 163
152 163
153 163
154 163
155 163
156 163
157 163
158 163
159 163
160 163
161 163
162 163
163 163
164 163
165 163
166 163
167 163
168 163
169 163
170 163
171 163
172 163
173 163
174 163
175 163
176 163
177 163
178 163
179 163
180 163
181 163
182 163
183 163
184 163
185 163
186 163
187 163
188 163
189 163
190 163
191 163
192 163
193 163
194 163
195 163
196 31
197 163
198 163
199 163
200 163
201 163
202 163
203 163
204 163
205 163
206 163
207 163
208 163
209 163
210 163
211 163
212 163
213 163
214 163
215 163
216 163
217 163
218 163
219 163
220 37
221 163
222 163
223 163
224 163
225 163
226 163
227 163
228 163
229 163
230 163
231 163
232 163
233 163
234 39
235 163
236 163
237 163
238 163
239 163
240 163
241 163
242 163
243 163
244 39
245 163
246 163
247 163
248 163
249 163
250 163
251 42
252 163
253 163
254 163
255 163
256 163
257 163
258 163
259 163
260 163
261 163
262 163
263 163
264 163
265 163
266 163
267 163
268 163
269 163
270 163
271 163
272 163
273 163
274 163
275 163
276 163
277 163
278 163
279 163
280 163
281 163
282 163
283 163
284 163
285 163
286 163
287 163
288 163
289 163
290 163
291 163
292 163
293 163
294 163
295 163
296 163
297 163
298 163
299 163
300 163
301 163
302 163
303 163
304 163
305 163
306 163
307 163
308 163
309 163
310 163
311 163
312 163
313 163
314 163
315 163
316 163
317 163
318 163
319 163
320 163
321 163
322 163
323 163
324 163
325 163
326 163
327 79
328 163
329 163
330 163
331 163
332 163
333 163
334 163
335 163
336 163
337 163
338 53
339 163
340 163
341 163
342 163
343 163
344 163
345 163
346 163
347 163
348 163
349 163
350 163
351 163
352 163
353 163
354 163
355 163
356 163
357 163
358 163
359 163
360 163
361 163
362 163
363 163
364 163
365 163
366 163
367 163
368 163
369 163
370 163
371 163
372 163
373 163
374 163
375 82
376 163
377 163
378 163
379 163
380 163
381 163
382 163
383 163
384 163
385 163
386 163
387 163
388 163
389 163
390 163
391 163
392 163
393 163
394 163
395 163
396 163
397 163
398 163
399 163
400 163
401 163
402 163
403 163
404 163
405 163
406 163
407 163
408 163
409 163
410 163
411 163
412 163
413 163
414 163
415 163
416 163
417 163
418 163
419 163
420 163
421 163
422 163
423 163
424 163
425 163
426 163
427 163
428 163
429 163
430 163
431 163
432 163
433 163
434 163
435 163
436 163
437 163
438 163
439 163
440 163
441 163
442 163
443 163
444 50
445 163
446 163
447 163
448 163
449 163
450 163
451 74
452 163
453 163
454 163
455 163
456 163
457 163
458 163
459 163
460 163
461 163
462 163
463 163
464 163
465 163
466 163
467 163
468 163
469 163
470 163
471 163
472 163
473 163
474 163
475 163
476 163
477 163
478 163
479 163
480 163
481 163
482 163
483 163
484 163
485 163
486 163
487 163
488 163
489 163
490 163
491 163
492 163
493 163
494 163
495 163
496 163
497 163
498 163
499 163
500 163
501 163
502 163
503 163
504 163
505 163
506 163
507 63
508 163
509 163
510 163
511 163
512 163
513 163
514 163
515 163
516 163
517 55
518 163
519 163
520 163
521 163
522 163
523 163
524 163
525 163
526 65
527 163
528 163
529 163
530 163
531 163
532 163
533 163
534 163
535 163
536 163
537 163
538 163
539 163
540 163
541 163
542 163
543 163
544 163
545 163
546 163
547 163
548 163
549 163
550 163
551 163
552 163
553 163
554 163
555 163
556 163
557 163
558 163
559 163
560 163
561 163
562 163
563 163
564 163
565 163
566 163
567 163
568 163
569 163
570 163
571 163
572 163
573 163
574 163
575 163
576 163
577 163
578 163
579 163
580 163
581 163
582 163
583 163
584 163
585 163
586 163
587 163
588 163
589 31
590 163
591 163
592 163
593 66
594 163
595 163
596 163
597 163
598 163
599 163
600 163
601 163
602 163
603 163
604 163
605 163
606 163
607 163
608 163
609 163
610 163
611 163
612 163
613 163
614 163
615 163
616 163
617 163
618 163
619 163
620 163
621 163
622 163
623 163
624 163
625 163
626 163
627 163
628 163
629 163
630 69
631 163
632 163
633 163
634 163
635 163
636 163
637 163
638 163
639 163
640 163
641 163
642 163
643 163
644 163
645 163
646 163
647 163
648 163
649 163
650 163
651 163
652 163
653 163
654 163
655 163
656 163
657 163
658 72
659 163
660 163
661 163
662 163
663 163
664 163
665 163
666 163
667 163
668 163
669 163
670 163
671 163
672 154
673 163
674 163
675 163
676 163
677 163
678 163
679 163
680 163
681 163
682 163
683 163
684 163
685 163
686 57
687 163
688 163
689 163
690 163
691 163
692 163
693 163
694 163
695 163
696 163
697 163
698 163
699 163
700 163
701 163
702 163
703 163
704 163
705 163
706 163
707 163
708 163
709 163
710 163
711 163
712 163
713 76
714 163
715 163
716 163
717 163
718 163
719 163
720 163
721 163
722 163
723 77
724 163
725 163
726 163
727 163
728 163
729 163
730 163
731 163
732 163
733 163
734 163
735 163
736 163
737 163
738 163
739 163
740 163
741 163
742 163
743 163
744 163
745 163
746 163
747 163
748 163
749 163
750 163
751 163
752 163
753 163
754 163
755 163
756 163
757 163
758 163
759 163
760 163
761 163
762 163
763 163
764 163
765 163
766 163
767 163
768 163
769 163
770 163
771 163
772 163
773 163
774 163
775 163
776 163
777 163
778 163
779 163
780 163
781 163
782 163
783 163
784 163
785 163
786 163
787 163
788 163
789 163
790 163
791 163
792 163
793 163
794 163
795 163
796 163
797 163
798 163
799 163
800 163
801 163
802 163
803 163
804 163
805 163
806 163
807 163
808 163
809 163
810 163
811 163
812 163
813 163
814 163
815 163
816 163
817 163
818 163
819 163
820 163
821 163
822 163
823 163
824 163
825 163
826 163
827 163
828 163
829 163
830 163
831 163
832 163
833 163
834 163
835 163
836 163
837 163
838 163
839 163
840 163
841 163
842 163
843 163
844 163
845 163
846 163
847 163
848 163
849 163
850 163
851 163
852 163
853 163
854 82
855 163
856 163
857 163
858 163
859 163
860 163
861 163
862 163
863 163
864 163
865 163
866 163
867 163
868 163
869 163
870 163
871 85
872 163
873 163
874 163
875 163
876 163
877 163
878 163
879 163
880 163
881 163
882 39
883 163
884 163
885 163
886 163
887 163
888 163
889 163
890 163
891 163
892 163
893 163
894 163
895 163
896 163
897 163
898 163
899 163
900 163
901 163
902 163
903 163
904 163
905 163
906 163
907 163
908 163
909 163
910 163
911 163
912 163
913 163
914 163
915 163
916 163
917 88
918 163
919 163
920 163
921 163
922 163
923 50
924 163
925 163
926 163
927 163
928 163
929 163
930 163
931 163
932 163
933 163
934 163
935 163
936 163
937 163
938 163
939 163
940 163
941 163
942 163
943 163
944 163
945 163
946 163
947 163
948 163
949 163
950 163
951 163
952 163
953 163
954 89
955 163
956 163
957 163
958 163
959 163
960 163
961 163
962 163
963 163
964 163
965 163
966 163
967 163
968 163
969 163
970 163
971 163
972 163
973 163
974 163
975 163
976 163
977 163
978 163
979 163
980 163
981 163
982 163
983 163
984 163
985 86
986 163
987 163
988 163
989 163
990 163
991 163
992 163
993 163
994 163
995 163
996 163
997 163
998 163
999 163
1000 55
1001 163
1002 163
1003 163
1004 67
1005 163
1006 163
1007 163
1008 163
1009 163
1010 163
1011 163
1012 163
1013 163
1014 163
1015 163
1016 163
1017 163
1018 163
1019 163
1020 163
1021 163
1022 163
1023 163
1024 163
1025 163
1026 163
1027 163
1028 163
1029 163
1030 163
1031 163
1032 163
1033 163
1034 163
1035 163
1036 163
1037 163
1038 163
1039 163
1040 163
1041 163
1042 163
1043 163
1044 163
1045 163
1046 163
1047 163
1048 163
1049 163
1050 163
1051 163
1052 163
1053 163
1054 163
1055 163
1056 163
1057 163
1058 163
1059 163
1060 163
1061 163
1062 55
1063 163
1064 163
1065 163
1066 163
1067 163
1068 163
1069 163
1070 163
1071 163
1072 163
1073 163
1074 163
1075 163
1076 163
1077 163
1078 163
1079 163
1080 163
1081 163
1082 163
1083 163
1084 163
1085 163
1086 163
1087 163
1088 163
1089 163
1090 163
1091 163
1092 163
1093 163
1094 163
1095 163
1096 163
1097 163
1098 163
1099 163
1100 163
1101 163
1102 163
1103 163
1104 98
1105 163
1106 163
1107 163
1108 163
1109 163
1110 163
1111 163
1112 163
1113 163
1114 163
1115 163
1116 163
1117 163
1118 163
1119 163
1120 163
1121 163
1122 163
1123 163
1124 163
1125 163
1126 163
1127 163
1128 163
1129 163
1130 163
1131 163
1132 163
1133 163
1134 163
1135 163
1136 163
1137 163
1138 163
1139 163
1140 163
1141 163
1142 82
1143 163
1144 163
1145 163
1146 163
1147 163
1148 163
1149 163
1150 163
1151 163
1152 163
1153 163
1154 163
1155 163
1156 128
1157 163
1158 163
1159 163
1160 163
1161 85
1162 163
1163 163
1164 163
1165 163
1166 163
1167 163
1168 163
1169 163
1170 163
1171 163
1172 163
1173 163
1174 163
1175 163
1176 163
1177 163
1178 163
1179 163
1180 163
1181 163
1182 163
1183 163
1184 99
1185 163
1186 163
1187 163
1188 163
1189 163
1190 163
1191 163
1192 163
1193 163
1194 163
1195 163
1196 163
1197 163
1198 163
1199 163
1200 163
1201 163
1202 163
1203 163
1204 163
1205 163
1206 163
1207 163
1208 163
1209 163
1210 163
1211 163
1212 163
1213 163
1214 163
1215 163
1216 163
1217 163
1218 163
1219 163
1220 163
1221 163
1222 163
1223 163
1224 163
1225 163
1226 98
1227 163
1228 163
1229 163
1230 163
1231 163
1232 163
1233 163
1234 104
1235 163
1236 163
1237 163
1238 163
1239 163
1240 163
1241 163
1242 163
1243 163
1244 163
1245 163
1246 163
1247 163
1248 163
1249 163
1250 163
1251 163
1252 163
1253 163
1254 163
1255 163
1256 163
1257 163
1258 163
1259 163
1260 163
1261 163
1262 163
1263 163
1264 163
1265 163
1266 163
1267 163
1268 163
1269 163
1270 163
1271 163
1272 163
1273 163
1274 163
1275 42
1276 163
1277 163
1278 76
1279 163
1280 163
1281 163
1282 163
1283 163
1284 163
1285 163
1286 163
1287 163
1288 163
1289 163
1290 163
1291 163
1292 163
1293 163
1294 163
1295 163
1296 163
1297 163
1298 163
1299 163
1300 163
1301 163
1302 163
1303 163
1304 163
1305 163
1306 163
1307 163
1308 163
1309 163
1310 163
1311 163
1312 163
1313 163
1314 163
1315 163
1316 163
1317 163
1318 163
1319 163
1320 163
1321 163
1322 163
1323 163
1324 163
1325 163
1326 163
1327 163
1328 163
1329 163
1330 163
1331 163
1332 163
1333 163
1334 163
1335 163
1336 163
1337 163
1338 163
1339 163
1340 163
1341 163
1342 163
1343 163
1344 163
1345 163
1346 163
1347 163
1348 163
1349 163
1350 163
1351 42
1352 163
1353 163
1354 163
1355 163
1356 163
1357 163
1358 163
1359 163
1360 163
1361 163
1362 163
1363 163
1364 163
1365 163
1366 163
1367 163
1368 163
1369 163
1370 163
1371 163
1372 163
1373 163
1374 163
1375 163
1376 163
1377 163
1378 163
1379 163
1380 163
1381 163
1382 163
1383 163
1384 163
1385 163
1386 163
1387 163
1388 163
1389 100
1390 163
1391 163
1392 163
1393 163
1394 163
1395 163
1396 163
1397 163
1398 163
1399 163
1400 163
1401 163
1402 163
1403 163
1404 163
1405 163
1406 163
1407 163
1408 163
1409 163
1410 163
1411 163
1412 163
1413 163
1414 163
1415 163
1416 163
1417 163
1418 163
1419 163
1420 163
1421 163
1422 163
1423 163
1424 163
1425 163
1426 42
1427 163
1428 163
1429 163
1430 51
1431 163
1432 163
1433 108
1434 163
1435 163
1436 163
1437 163
1438 163
1439 163
1440 163
1441 163
1442 163
1443 163
1444 163
1445 163
1446 163
1447 163
1448 163
1449 82
1450 31
1451 163
1452 163
1453 163
1454 163
1455 163
1456 163
1457 163
1458 163
1459 163
1460 39
1461 163
1462 163
1463 163
1464 163
1465 163
1466 163
1467 163
1468 163
1469 163
1470 163
1471 163
1472 163
1473 163
1474 163
1475 163
1476 163
1477 163
1478 163
1479 163
1480 163
1481 163
1482 163
1483 163
1484 163
1485 163
1486 163
1487 163
1488 163
1489 163
1490 163
1491 163
1492 163
1493 163
1494 163
1495 163
1496 163
1497 163
1498 163
1499 163
1500 163
1501 163
1502 163
1503 163
1504 163
1505 163
1506 163
1507 163
1508 163
1509 163
1510 163
1511 163
1512 163
1513 163
1514 163
1515 163
1516 163
1517 163
1518 163
1519 163
1520 163
1521 163
1522 163
1523 163
1524 163
1525 163
1526 163
1527 163
1528 163
1529 163
1530 163
1531 163
1532 163
1533 163
1534 163
1535 163
1536 163
1537 163
1538 163
1539 163
1540 163
1541 163
1542 163
1543 163
1544 163
1545 163
1546 163
1547 163
1548 108
1549 163
1550 163
1551 163
1552 163
1553 163
1554 163
1555 163
1556 163
1557 163
1558 163
1559 163
1560 163
1561 163
1562 163
1563 98
1564 163
1565 163
1566 163
1567 163
1568 163
1569 163
1570 163
1571 163
1572 163
1573 163
1574 163
1575 100
1576 163
1577 163
1578 163
1579 163
1580 163
1581 163
1582 163
1583 163
1584 163
1585 163
1586 163
1587 163
1588 163
1589 163
1590 163
1591 163
1592 163
1593 163
1594 163
1595 163
1596 163
1597 163
1598 163
1599 163
1600 163
1601 163
1602 109
1603 163
1604 163
1605 163
1606 66
1607 163
1608 163
1609 163
1610 163
1611 163
1612 163
1613 163
1614 163
1615 163
1616 163
1617 163
1618 163
1619 163
1620 163
1621 163
1622 163
1623 163
1624 163
1625 163
1626 163
1627 163
1628 163
1629 163
1630 163
1631 163
1632 163
1633 163
1634 163
1635 163
1636 163
1637 163
1638 163
1639 163
1640 163
1641 163
1642 163
1643 163
1644 163
1645 163
1646 163
1647 163
1648 163
1649 163
1650 163
1651 163
1652 163
1653 163
1654 163
1655 163
1656 163
1657 163
1658 163
1659 163
1660 163
1661 163
1662 163
1663 163
1664 163
1665 163
1666 163
1667 163
1668 163
1669 163
1670 163
1671 163
1672 163
1673 163
1674 163
1675 163
1676 163
1677 163
1678 86
1679 163
1680 163
1681 163
1682 163
1683 163
1684 163
1685 163
1686 163
1687 163
1688 163
1689 112
1690 163
1691 163
1692 163
1693 163
1694 163
1695 16
1696 163
1697 163
1698 163
1699 163
1700 163
1701 163
1702 163
1703 163
1704 163
1705 163
1706 163
1707 163
1708 163
1709 163
1710 163
1711 163
1712 163
1713 163
1714 163
1715 163
1716 163
1717 76
1718 163
1719 163
1720 163
1721 163
1722 163
1723 163
1724 163
1725 163
1726 163
1727 163
1728 163
1729 163
1730 163
1731 163
1732 163
1733 163
1734 163
1735 163
1736 163
1737 163
1738 163
1739 163
1740 163
1741 163
1742 163
1743 163
1744 163
1745 163
1746 163
1747 163
1748 163
1749 163
1750 163
1751 163
1752 163
1753 163
1754 163
1755 163
1756 163
1757 163
1758 163
1759 163
1760 163
1761 163
1762 16
1763 163
1764 163
1765 163
1766 163
1767 113
1768 163
1769 163
1770 85
1771 163
1772 163
1773 31
1774 163
1775 163
1776 163
1777 163
1778 163
1779 163
1780 163
1781 163
1782 108
1783 163
1784 163
1785 163
1786 163
1787 163
1788 163
1789 163
1790 163
1791 163
1792 163
1793 163
1794 163
1795 163
1796 163
1797 163
1798 163
1799 113
1800 163
1801 163
1802 163
1803 163
1804 163
1805 163
1806 163
1807 163
1808 163
1809 163
1810 163
1811 163
1812 163
1813 163
1814 163
1815 163
1816 163
1817 163
1818 163
1819 163
1820 163
1821 163
1822 163
1823 163
1824 163
1825 163
1826 163
1827 163
1828 163
1829 163
1830 163
1831 163
1832 163
1833 55
1834 163
1835 163
1836 163
1837 163
1838 163
1839 163
1840 163
1841 163
1842 163
1843 163
1844 163
1845 163
1846 163
1847 163
1848 163
1849 163
1850 163
1851 163
1852 163
1853 163
1854 163
1855 163
1856 163
1857 163
1858 163
1859 163
1860 163
1861 163
1862 163
1863 163
1864 163
1865 163
1866 163
1867 163
1868 163
1869 163
1870 115
1871 163
1872 163
1873 163
1874 163
1875 163
1876 163
1877 163
1878 163
1879 163
1880 163
1881 163
1882 163
1883 163
1884 163
1885 163
1886 163
1887 163
1888 163
1889 163
1890 163
1891 163
1892 163
1893 163
1894 163
1895 163
1896 163
1897 163
1898 163
1899 163
1900 163
1901 163
1902 163
1903 163
1904 163
1905 163
1906 163
1907 96
1908 163
1909 163
1910 163
1911 163
1912 163
1913 163
1914 163
1915 163
1916 163
1917 163
1918 118
1919 163
1920 163
1921 163
1922 163
1923 163
1924 163
1925 163
1926 163
1927 163
1928 163
1929 163
1930 163
1931 163
1932 163
1933 163
1934 74
1935 163
1936 163
1937 163
1938 163
1939 163
1940 163
1941 163
1942 163
1943 163
1944 163
1945 163
1946 67
1947 163
1948 163
1949 163
1950 163
1951 163
1952 163
1953 163
1954 163
1955 163
1956 163
1957 163
1958 163
1959 163
1960 163
1961 163
1962 163
1963 163
1964 163
1965 163
1966 163
1967 163
1968 163
1969 163
1970 163
1971 163
1972 163
1973 163
1974 163
1975 163
1976 163
1977 163
1978 163
1979 163
1980 163
1981 163
1982 163
1983 163
1984 163
1985 163
1986 163
1987 163
1988 163
1989 163
1990 163
1991 163
1992 163
1993 98
1994 163
1995 163
1996 163
1997 163
1998 163
1999 163
2000 163
2001 163
2002 163
2003 163
2004 163
2005 163
2006 163
2007 163
2008 163
2009 163
2010 163
2011 163
2012 163
2013 163
2014 163
2015 163
2016 163
2017 163
2018 163
2019 119
2020 163
2021 163
2022 163
2023 163
2024 120
2025 163
2026 163
2027 163
2028 163
2029 163
2030 163
2031 163
2032 163
2033 163
2034 163
2035 163
2036 163
2037 163
2038 163
2039 163
2040 163
2041 163
2042 163
2043 163
2044 163
2045 163
2046 163
2047 163
2048 163
2049 163
2050 163
2051 163
2052 163
2053 163
2054 163
2055 163
2056 163
2057 163
2058 163
2059 163
2060 163
2061 163
2062 163
2063 163
2064 163
2065 163
2066 163
2067 163
2068 163
2069 163
2070 163
2071 163
2072 163
2073 163
2074 163
2075 163
2076 163
2077 163
2078 163
2079 163
2080 163
2081 163
2082 163
2083 163
2084 163
2085 163
2086 163
2087 163
2088 163
2089 163
2090 163
2091 163
2092 163
2093 163
2094 163
2095 163
2096 163
2097 163
2098 163
2099 163
2100 163
2101 163
2102 163
2103 163
2104 163
2105 163
2106 163
2107 163
2108 163
2109 163
2110 163
2111 163
2112 163
2113 163
2114 163
2115 163
2116 163
2117 163
2118 163
2119 163
2120 163
2121 163
2122 163
2123 163
2124 163
2125 163
2126 163
2127 163
2128 163
2129 163
2130 163
2131 163
2132 163
2133 163
2134 163
2135 163
2136 163
2137 163
2138 163
2139 163
2140 163
2141 163
2142 163
2143 163
2144 39
2145 163
2146 163
2147 163
2148 163
2149 163
2150 163
2151 163
2152 163
2153 163
2154 163
2155 163
2156 163
2157 163
2158 163
2159 163
2160 163
2161 163
2162 163
2163 163
2164 163
2165 163
2166 163
2167 163
2168 163
2169 163
2170 163
2171 163
2172 163
2173 163
2174 163
2175 163
2176 163
2177 163
2178 163
2179 163
2180 163
2181 163
2182 163
2183 163
2184 50
2185 163
2186 163
2187 163
2188 163
2189 163
2190 163
2191 163
2192 163
2193 163
2194 163
2195 163
2196 163
2197 163
2198 116
2199 163
2200 163
2201 163
2202 163
2203 163
2204 163
2205 163
2206 163
2207 163
2208 163
2209 163
2210 163
2211 163
2212 96
2213 163
2214 163
2215 163
2216 163
2217 163
2218 163
2219 122
2220 163
2221 163
2222 163
2223 163
2224 163
2225 163
2226 163
2227 163
2228 163
2229 163
2230 163
2231 163
2232 163
2233 163
2234 163
2235 163
2236 163
2237 163
2238 163
2239 163
2240 163
2241 163
2242 163
2243 163
2244 163
2245 163
2246 163
2247 163
2248 74
2249 163
2250 163
2251 163
2252 163
2253 163
2254 163
2255 163
2256 163
2257 163
2258 163
2259 163
2260 163
2261 163
2262 163
2263 163
2264 163
2265 163
2266 163
2267 163
2268 163
2269 163
2270 163
2271 163
2272 163
2273 163
2274 163
2275 163
2276 163
2277 163
2278 163
2279 163
2280 163
2281 163
2282 163
2283 163
2284 163
2285 163
2286 163
2287 163
2288 79
2289 163
2290 163
2291 163
2292 163
2293 163
2294 163
2295 163
2296 163
2297 163
2298 163
2299 163
2300 163
2301 163
2302 163
2303 163
2304 163
2305 163
2306 163
2307 163
2308 163
2309 163
2310 163
2311 163
2312 163
2313 163
2314 163
2315 163
2316 163
2317 163
2318 163
2319 163
2320 163
2321 163
2322 163
2323 163
2324 163
2325 163
2326 163
2327 163
2328 163
2329 163
2330 163
2331 163
2332 163
2333 123
2334 163
2335 163
2336 163
2337 163
2338 163
2339 163
2340 163
2341 85
2342 163
2343 163
2344 163
2345 163
2346 163
2347 163
2348 163
2349 95
2350 163
2351 163
2352 163
2353 163
2354 163
2355 163
2356 163
2357 163
2358 163
2359 163
2360 163
2361 163
2362 163
2363 163
2364 119
2365 163
2366 163
2367 163
2368 163
2369 163
2370 112
2371 163
2372 163
2373 163
2374 163
2375 163
2376 163
2377 163
2378 163
2379 163
2380 163
2381 163
2382 163
2383 163
2384 163
2385 163
2386 163
2387 163
2388 163
2389 163
2390 163
2391 163
2392 163
2393 57
2394 163
2395 163
2396 163
2397 163
2398 163
2399 124
2400 163
2401 163
2402 163
2403 163
2404 163
2405 163
2406 163
2407 163
2408 126
2409 163
2410 163
2411 163
2412 163
2413 163
2414 163
2415 163
2416 163
2417 127
2418 163
2419 163
2420 163
2421 129
2422 163
2423 163
2424 163
2425 163
2426 163
2427 163
2428 163
2429 163
2430 163
2431 163
2432 163
2433 163
2434 163
2435 163
2436 163
2437 163
2438 163
2439 163
2440 163
2441 163
2442 163
2443 163
2444 163
2445 163
2446 163
2447 163
2448 163
2449 163
2450 163
2451 163
2452 163
2453 163
2454 163
2455 163
2456 163
2457 163
2458 163
2459 163
2460 163
2461 163
2462 163
2463 163
2464 163
2465 163
2466 163
2467 163
2468 163
2469 163
2470 163
2471 163
2472 163
2473 163
2474 163
2475 163
2476 163
2477 163
2478 163
2479 163
2480 163
2481 163
2482 163
2483 163
2484 85
2485 163
2486 163
2487 163
2488 163
2489 163
2490 163
2491 163
2492 163
2493 163
2494 163
2495 163
2496 163
2497 163
2498 163
2499 163
2500 163
2501 163
2502 163
2503 163
2504 163
2505 163
2506 163
2507 163
2508 163
2509 163
2510 163
2511 163
2512 163
2513 163
2514 163
2515 65
2516 163
2517 163
2518 130
2519 163
2520 163
2521 163
2522 163
2523 163
2524 163
2525 163
2526 163
2527 163
2528 51
2529 163
2530 163
2531 163
2532 163
2533 163
2534 163
2535 163
2536 163
2537 163
2538 163
2539 163
2540 163
2541 163
2542 163
2543 163
2544 163
2545 163
2546 89
2547 163
2548 163
2549 163
2550 163
2551 163
2552 163
2553 163
2554 163
2555 163
2556 163
2557 163
2558 163
2559 163
2560 163
2561 163
2562 163
2563 163
2564 163
2565 163
2566 163
2567 163
2568 163
2569 163
2570 163
2571 163
2572 163
2573 163
2574 163
2575 163
2576 163
2577 163
2578 163
2579 163
2580 163
2581 163
2582 163
2583 163
2584 163
2585 163
2586 163
2587 163
2588 163
2589 163
2590 108
2591 163
2592 163
2593 163
2594 163
2595 163
2596 163
2597 163
2598 163
2599 131
2600 163
2601 163
2602 163
2603 163
2604 163
2605 132
2606 163
2607 163
2608 163
2609 163
2610 163
2611 163
2612 163
2613 163
2614 163
2615 163
2616 163
2617 163
2618 163
2619 163
2620 163
2621 163
2622 163
2623 163
2624 163
2625 163
2626 163
2627 163
2628 163
2629 163
2630 163
2631 163
2632 163
2633 163
2634 163
2635 163
2636 163
2637 163
2638 163
2639 163
2640 163
2641 163
2642 163
2643 163
2644 163
2645 163
2646 163
2647 163
2648 163
2649 163
2650 163
2651 163
2652 163
2653 163
2654 163
2655 163
2656 163
2657 163
2658 163
2659 163
2660 163
2661 163
2662 163
2663 163
2664 163
2665 163
2666 163
2667 163
2668 163
2669 163
2670 163
2671 163
2672 163
2673 163
2674 163
2675 163
2676 163
2677 163
2678 163
2679 163
2680 120
2681 163
2682 163
2683 163
2684 163
2685 163
2686 163
2687 163
2688 163
2689 163
2690 163
2691 163
2692 163
2693 163
2694 163
2695 95
2696 163
2697 163
2698 163
2699 163
2700 163
2701 163
2702 163
2703 163
2704 163
2705 163
2706 163
2707 163
2708 163
2709 163
2710 163
2711 163
2712 163
2713 163
2714 163
2715 163
2716 163
2717 163
2718 163
2719 163
2720 163
2721 163
2722 163
2723 163
2724 163
2725 163
2726 163
2727 163
2728 163
2729 163
2730 163
2731 163
2732 163
2733 163
2734 163
2735 163
2736 163
2737 163
2738 163
2739 163
2740 163
2741 163
2742 163
2743 163
2744 163
2745 163
2746 163
2747 42
2748 163
2749 163
2750 163
2751 163
2752 163
2753 163
2754 163
2755 163
2756 163
2757 163
2758 96
2759 163
2760 163
2761 163
2762 163
2763 163
2764 163
2765 163
2766 163
2767 163
2768 163
2769 163
2770 74
2771 163
2772 163
2773 163
2774 163
2775 163
2776 163
2777 163
2778 163
2779 163
2780 163
2781 115
2782 163
2783 163
2784 163
2785 163
2786 163
2787 163
2788 163
2789 55
2790 163
2791 163
2792 163
2793 163
2794 163
2795 163
2796 163
2797 163
2798 163
2799 163
2800 163
2801 163
2802 163
2803 163
2804 163
2805 163
2806 163
2807 163
2808 163
2809 163
2810 105
2811 163
2812 163
2813 163
2814 163
2815 163
2816 163
2817 163
2818 163
2819 163
2820 163
2821 163
2822 163
2823 163
2824 163
2825 163
2826 163
2827 163
2828 163
2829 163
2830 163
2831 163
2832 163
2833 163
2834 163
2835 163
2836 163
2837 163
2838 163
2839 163
2840 163
2841 163
2842 163
2843 163
2844 163
2845 163
2846 163
2847 163
2848 163
2849 79
2850 163
2851 163
2852 163
2853 163
2854 163
2855 163
2856 163
2857 163
2858 163
2859 163
2860 163
2861 163
2862 163
2863 163
2864 163
2865 163
2866 163
2867 163
2868 163
2869 163
2870 163
2871 163
2872 163
2873 163
2874 163
2875 163
2876 163
2877 163
2878 163
2879 163
2880 163
2881 82
2882 147
2883 134
2884 163
2885 163
2886 163
2887 163
2888 163
2889 163
2890 163
2891 163
2892 163
2893 163
2894 163
2895 163
2896 134
2897 163
2898 163
2899 163
2900 163
2901 163
2902 163
2903 163
2904 163
2905 163
2906 163
2907 163
2908 163
2909 163
2910 163
2911 163
2912 163
2913 163
2914 163
2915 163
2916 163
2917 163
2918 163
2919 163
2920 163
2921 163
2922 163
2923 163
2924 163
2925 163
2926 163
2927 163
2928 79
2929 163
2930 163
2931 163
2932 163
2933 163
2934 163
2935 163
2936 163
2937 163
2938 163
2939 127
2940 163
2941 163
2942 163
2943 163
2944 163
2945 163
2946 163
2947 163
2948 163
2949 163
2950 163
2951 163
2952 163
2953 163
2954 163
2955 134
2956 163
2957 163
2958 163
2959 163
2960 163
2961 163
2962 163
2963 163
2964 163
2965 163
2966 163
2967 163
2968 163
2969 163
2970 163
2971 163
2972 163
2973 163
2974 163
2975 163
2976 163
2977 163
2978 163
2979 163
2980 163
2981 163
2982 163
2983 163
2984 163
2985 163
2986 163
2987 163
2988 163
2989 163
2990 163
2991 163
2992 163
2993 163
2994 163
2995 163
2996 163
2997 163
2998 163
2999 163
3000 163
3001 163
3002 163
3003 163
3004 163
3005 163
3006 163
3007 163
3008 163
3009 163
3010 163
3011 163
3012 163
3013 163
3014 163
3015 163
3016 163
3017 163
3018 163
3019 163
3020 163
3021 163
3022 163
3023 163
3024 163
3025 163
3026 163
3027 163
3028 163
3029 163
3030 163
3031 163
3032 163
3033 163
3034 163
3035 163
3036 163
3037 163
3038 136
3039 163
3040 163
3041 163
3042 163
3043 163
3044 163
3045 163
3046 163
3047 163
3048 163
3049 163
3050 163
3051 163
3052 163
3053 163
3054 163
3055 163
3056 163
3057 163
3058 163
3059 163
3060 163
3061 163
3062 163
3063 163
3064 163
3065 163
3066 163
3067 163
3068 163
3069 163
3070 163
3071 163
3072 163
3073 163
3074 163
3075 163
3076 163
3077 163
3078 163
3079 67
3080 163
3081 163
3082 163
3083 163
3084 163
3085 163
3086 163
3087 163
3088 163
3089 163
3090 163
3091 163
3092 163
3093 163
3094 163
3095 163
3096 163
3097 163
3098 163
3099 163
3100 163
3101 163
3102 163
3103 163
3104 163
3105 163
3106 163
3107 163
3108 163
3109 163
3110 163
3111 163
3112 163
3113 163
3114 163
3115 163
3116 163
3117 163
3118 163
3119 163
3120 163
3121 163
3122 163
3123 163
3124 163
3125 163
3126 163
3127 163
3128 163
3129 163
3130 163
3131 163
3132 163
3133 163
3134 163
3135 163
3136 163
3137 163
3138 163
3139 163
3140 163
3141 163
3142 163
3143 163
3144 163
3145 163
3146 163
3147 74
3148 163
3149 163
3150 163
3151 163
3152 163
3153 163
3154 163
3155 163
3156 163
3157 163
3158 163
3159 163
3160 163
3161 163
3162 163
3163 163
3164 163
3165 163
3166 163
3167 163
3168 163
3169 163
3170 163
3171 163
3172 163
3173 163
3174 163
3175 119
3176 163
3177 163
3178 163
3179 163
3180 163
3181 163
3182 163
3183 163
3184 163
3185 163
3186 163
3187 163
3188 163
3189 163
3190 163
3191 163
3192 163
3193 163
3194 163
3195 163
3196 116
3197 163
3198 163
3199 163
3200 120
3201 67
3202 163
3203 163
3204 163
3205 163
3206 163
3207 163
3208 163
3209 140
3210 163
3211 163
3212 163
3213 163
3214 163
3215 163
3216 163
3217 163
3218 163
3219 163
3220 163
3221 163
3222 163
3223 163
3224 163
3225 163
3226 163
3227 163
3228 163
3229 163
3230 120
3231 163
3232 163
3233 163
3234 163
3235 163
3236 163
3237 134
3238 163
3239 163
3240 163
3241 163
3242 163
3243 163
3244 163
3245 163
3246 163
3247 163
3248 163
3249 163
3250 163
3251 163
3252 163
3253 163
3254 163
3255 163
3256 163
3257 163
3258 163
3259 163
3260 163
3261 163
3262 163
3263 163
3264 163
3265 163
3266 163
3267 163
3268 163
3269 163
3270 163
3271 163
3272 163
3273 163
3274 163
3275 163
3276 163
3277 163
3278 163
3279 163
3280 163
3281 163
3282 163
3283 163
3284 163
3285 163
3286 163
3287 163
3288 163
3289 163
3290 163
3291 163
3292 163
3293 163
3294 163
3295 163
3296 163
3297 163
3298 163
3299 163
3300 163
3301 163
3302 163
3303 163
3304 163
3305 163
3306 163
3307 163
3308 163
3309 163
3310 163
3311 163
3312 163
3313 163
3314 163
3315 163
3316 163
3317 163
3318 163
3319 163
3320 163
3321 120
3322 163
3323 163
3324 163
3325 163
3326 163
3327 163
3328 163
3329 163
3330 163
3331 163
3332 163
3333 163
3334 163
3335 163
3336 163
3337 163
3338 163
3339 163
3340 163
3341 163
3342 163
3343 163
3344 163
3345 163
3346 163
3347 163
3348 163
3349 163
3350 163
3351 163
3352 163
3353 163
3354 163
3355 163
3356 163
3357 163
3358 163
3359 163
3360 163
3361 163
3362 163
3363 163
3364 163
3365 163
3366 163
3367 163
3368 163
3369 163
3370 163
3371 163
3372 123
3373 163
3374 163
3375 163
3376 163
3377 163
3378 163
3379 163
3380 163
3381 163
3382 163
3383 163
3384 163
3385 163
3386 163
3387 163
3388 163
3389 163
3390 163
3391 163
3392 163
3393 163
3394 163
3395 163
3396 163
3397 163
3398 163
3399 163
3400 163
3401 163
3402 163
3403 163
3404 163
3405 163
3406 123
3407 163
3408 163
3409 163
3410 163
3411 163
3412 163
3413 163
3414 163
3415 163
3416 163
3417 163
3418 163
3419 163
3420 163
3421 163
3422 163
3423 163
3424 163
3425 163
3426 163
3427 163
3428 163
3429 163
3430 163
3431 163
3432 163
3433 163
3434 163
3435 163
3436 163
3437 163
3438 163
3439 163
3440 163
3441 163
3442 163
3443 163
3444 163
3445 163
3446 163
3447 163
3448 163
3449 163
3450 163
3451 163
3452 163
3453 163
3454 163
3455 163
3456 131
3457 163
3458 163
3459 163
3460 163
3461 163
3462 163
3463 163
3464 163
3465 163
3466 163
3467 163
3468 163
3469 163
3470 163
3471 163
3472 163
3473 163
3474 163
3475 163
3476 163
3477 163
3478 163
3479 163
3480 163
3481 163
3482 119
3483 163
3484 163
3485 163
3486 163
3487 163
3488 163
3489 163
3490 123
3491 163
3492 163
3493 163
3494 163
3495 163
3496 136
3497 143
3498 163
3499 163
3500 163
3501 163
3502 163
3503 163
3504 163
3505 163
3506 163
3507 163
3508 163
3509 163
3510 163
3511 163
3512 122
3513 120
3514 163
3515 163
3516 163
3517 163
3518 163
3519 163
3520 163
3521 163
3522 163
3523 163
3524 163
3525 163
3526 163
3527 163
3528 163
3529 76
3530 163
3531 163
3532 163
3533 163
3534 163
3535 163
3536 163
3537 163
3538 163
3539 163
3540 163
3541 163
3542 163
3543 163
3544 163
3545 163
3546 163
3547 163
3548 163
3549 163
3550 163
3551 163
3552 163
3553 163
3554 163
3555 163
3556 163
3557 163
3558 163
3559 163
3560 163
3561 163
3562 163
3563 163
3564 163
3565 163
3566 163
3567 163
3568 163
3569 119
3570 51
3571 163
3572 163
3573 163
3574 163
3575 163
3576 163
3577 163
3578 163
3579 163
3580 163
3581 163
3582 163
3583 163
3584 163
3585 163
3586 126
3587 163
3588 163
3589 163
3590 129
3591 163
3592 163
3593 163
3594 163
3595 163
3596 163
3597 163
3598 163
3599 163
3600 163
3601 163
3602 163
3603 163
3604 163
3605 163
3606 163
3607 163
3608 163
3609 163
3610 163
3611 163
3612 163
3613 163
3614 163
3615 163
3616 163
3617 163
3618 163
3619 163
3620 163
3621 163
3622 163
3623 163
3624 163
3625 163
3626 163
3627 163
3628 163
3629 163
3630 163
3631 163
3632 163
3633 163
3634 163
3635 146
3636 163
3637 163
3638 163
3639 163
3640 163
3641 123
3642 163
3643 163
3644 163
3645 163
3646 163
3647 163
3648 163
3649 163
3650 163
3651 163
3652 163
3653 163
3654 163
3655 163
3656 163
3657 163
3658 163
3659 163
3660 163
3661 163
3662 152
3663 163
3664 163
3665 163
3666 163
3667 163
3668 163
3669 163
3670 163
3671 163
3672 163
3673 163
3674 163
3675 163
3676 163
3677 163
3678 163
3679 163
3680 163
3681 163
3682 163
3683 163
3684 163
3685 163
3686 54
3687 163
3688 163
3689 163
3690 163
3691 163
3692 163
3693 163
3694 163
3695 163
3696 148
3697 163
3698 163
3699 163
3700 163
3701 163
3702 163
3703 163
3704 163
3705 163
3706 163
3707 163
3708 163
3709 163
3710 163
3711 163
3712 163
3713 163
3714 163
3715 163
3716 163
3717 163
3718 122
3719 163
3720 163
3721 123
3722 163
3723 163
3724 163
3725 77
3726 163
3727 163
3728 163
3729 163
3730 163
3731 163
3732 163
3733 163
3734 141
3735 163
3736 163
3737 163
3738 163
3739 163
3740 163
3741 163
3742 163
3743 163
3744 163
3745 163
3746 163
3747 163
3748 163
3749 163
3750 163
3751 163
3752 163
3753 163
3754 76
3755 163
3756 163
3757 163
3758 163
3759 163
3760 163
3761 163
3762 163
3763 163
3764 163
3765 163
3766 163
3767 163
3768 163
3769 163
3770 163
3771 163
3772 163
3773 163
3774 163
3775 74
3776 163
3777 163
3778 163
3779 163
3780 163
3781 163
3782 163
3783 163
3784 163
3785 163
3786 163
3787 163
3788 163
3789 163
3790 163
3791 163
3792 163
3793 163
3794 163
3795 163
3796 163
3797 163
3798 163
3799 163
3800 163
3801 163
3802 163
3803 163
3804 163
3805 163
3806 163
3807 163
3808 163
3809 163
3810 163
3811 163
3812 163
3813 163
3814 163
3815 163
3816 163
3817 163
3818 163
3819 163
3820 163
3821 163
3822 163
3823 143
3824 163
3825 163
3826 163
3827 163
3828 163
3829 163
3830 163
3831 163
3832 163
3833 163
3834 163
3835 163
3836 163
3837 163
3838 163
3839 163
3840 163
3841 163
3842 163
3843 163
3844 163
3845 163
3846 148
3847 163
3848 163
3849 163
3850 163
3851 163
3852 163
3853 163
3854 163
3855 163
3856 163
3857 163
3858 57
3859 163
3860 163
3861 163
3862 163
3863 163
3864 163
3865 163
3866 163
3867 122
3868 163
3869 163
3870 122
3871 163
3872 163
3873 163
3874 163
3875 163
3876 163
3877 163
3878 163
3879 163
3880 163
3881 163
3882 163
3883 163
3884 163
3885 163
3886 163
3887 163
3888 163
3889 163
3890 163
3891 163
3892 163
3893 127
3894 163
3895 163
3896 163
3897 163
3898 163
3899 163
3900 163
3901 163
3902 163
3903 163
3904 163
3905 163
3906 163
3907 163
3908 163
3909 163
3910 163
3911 163
3912 163
3913 163
3914 163
3915 163
3916 163
3917 163
3918 163
3919 163
3920 163
3921 163
3922 163
3923 163
3924 163
3925 163
3926 163
3927 163
3928 163
3929 163
3930 163
3931 163
3932 163
3933 163
3934 163
3935 163
3936 163
3937 163
3938 163
3939 163
3940 163
3941 143
3942 163
3943 163
3944 163
3945 163
3946 163
3947 163
3948 163
3949 163
3950 163
3951 163
3952 163
3953 163
3954 163
3955 163
3956 163
3957 163
3958 163
3959 163
3960 163
3961 163
3962 163
3963 163
3964 163
3965 163
3966 163
3967 163
3968 163
3969 163
3970 163
3971 123
3972 163
3973 163
3974 163
3975 163
3976 163
3977 163
3978 163
3979 163
3980 163
3981 163
3982 163
3983 163
3984 163
3985 163
3986 163
3987 163
3988 163
3989 163
3990 163
3991 163
3992 163
3993 163
3994 163
3995 163
3996 163
3997 163
3998 163
3999 163
4000 163
4001 163
4002 163
4003 163
4004 163
4005 163
4006 163
4007 163
4008 163
4009 163
4010 163
4011 163
4012 163
4013 163
4014 163
4015 163
4016 163
4017 163
4018 163
4019 163
4020 163
4021 163
4022 163
4023 163
4024 163
4025 163
4026 163
4027 163
4028 163
4029 163
4030 163
4031 163
4032 163
4033 163
4034 163
4035 163
4036 163
4037 163
4038 163
4039 163
4040 163
4041 163
4042 163
4043 163
4044 163
4045 163
4046 163
4047 163
4048 163
4049 163
4050 163
4051 163
4052 163
4053 163
4054 163
4055 163
4056 163
4057 163
4058 163
4059 163
4060 105
4061 163
4062 163
4063 163
4064 163
4065 163
4066 163
4067 163
4068 163
4069 163
4070 163
4071 163
4072 163
4073 163
4074 163
4075 79
4076 163
4077 163
4078 163
4079 163
4080 163
4081 69
4082 163
4083 163
4084 163
4085 163
4086 163
4087 163
4088 163
4089 163
4090 163
4091 163
4092 163
4093 163
4094 163
4095 163
4096 163
4097 163
4098 163
4099 163
4100 163
4101 163
4102 163
4103 163
4104 163
4105 163
4106 163
4107 163
4108 163
4109 163
4110 163
4111 163
4112 163
4113 163
4114 163
4115 163
4116 163
4117 163
4118 163
4119 163
4120 163
4121 163
4122 163
4123 163
4124 163
4125 163
4126 163
4127 163
4128 163
4129 163
4130 163
4131 116
4132 163
4133 163
4134 163
4135 163
4136 163
4137 163
4138 136
4139 163
4140 163
4141 163
4142 163
4143 163
4144 163
4145 163
4146 163
4147 163
4148 163
4149 163
4150 163
4151 163
4152 69
4153 163
4154 163
4155 163
4156 163
4157 163
4158 163
4159 163
4160 163
4161 163
4162 163
4163 163
4164 163
4165 163
4166 163
4167 163
4168 163
4169 163
4170 163
4171 163
4172 163
4173 163
4174 163
4175 163
4176 163
4177 163
4178 163
4179 163
4180 163
4181 163
4182 163
4183 163
4184 163
4185 163
4186 163
4187 163
4188 163
4189 163
4190 163
4191 163
4192 163
4193 163
4194 163
4195 163
4196 163
4197 163
4198 163
4199 163
4200 163
4201 163
4202 163
4203 163
4204 163
4205 163
4206 163
4207 163
4208 163
4209 163
4210 163
4211 163
4212 163
4213 163
4214 163
4215 163
4216 163
4217 163
4218 119
4219 163
4220 163
4221 163
4222 163
4223 163
4224 163
4225 163
4226 163
4227 163
4228 163
4229 163
4230 163
4231 163
4232 163
4233 163
4234 163
4235 163
4236 163
4237 163
4238 163
4239 163
4240 163
4241 163
4242 163
4243 163
4244 163
4245 163
4246 163
4247 163
4248 163
4249 163
4250 163
4251 163
4252 163
4253 163
4254 163
4255 126
4256 163
4257 163
4258 163
4259 163
4260 163
4261 163
4262 61
4263 163
4264 163
4265 163
4266 163
4267 163
4268 163
4269 163
4270 163
4271 163
4272 163
4273 163
4274 163
4275 163
4276 163
4277 163
4278 163
4279 163
4280 163
4281 163
4282 163
4283 163
4284 163
4285 163
4286 163
4287 163
4288 163
4289 163
4290 163
4291 163
4292 163
4293 163
4294 163
4295 163
4296 163
4297 163
4298 163
4299 163
4300 163
4301 163
4302 163
4303 163
4304 163
4305 163
4306 163
4307 163
4308 163
4309 163
4310 163
4311 163
4312 136
4313 163
4314 163
4315 163
4316 163
4317 163
4318 163
4319 163
4320 163
4321 163
4322 163
4323 163
4324 163
4325 163
4326 163
4327 163
4328 163
4329 163
4330 163
4331 163
4332 163
4333 163
4334 163
4335 163
4336 163
4337 163
4338 163
4339 163
4340 163
4341 163
4342 163
4343 163
4344 116
4345 163
4346 163
4347 163
4348 163
4349 163
4350 163
4351 163
4352 163
4353 163
4354 163
4355 163
4356 163
4357 163
4358 163
4359 163
4360 163
4361 163
4362 127
4363 163
4364 163
4365 163
4366 163
4367 163
4368 163
4369 163
4370 163
4371 163
4372 163
4373 163
4374 163
4375 163
4376 163
4377 163
4378 163
4379 119
4380 163
4381 163
4382 163
4383 163
4384 163
4385 163
4386 163
4387 163
4388 163
4389 163
4390 163
4391 163
4392 163
4393 163
4394 163
4395 163
4396 126
4397 122
4398 163
4399 163
4400 163
4401 163
4402 163
4403 163
4404 163
4405 163
4406 163
4407 163
4408 163
4409 126
4410 163
4411 163
4412 163
4413 163
4414 163
4415 163
4416 163
4417 163
4418 163
4419 163
4420 163
4421 163
4422 163
4423 163
4424 163
4425 163
4426 163
4427 163
4428 163
4429 163
4430 163
4431 163
4432 163
4433 163
4434 163
4435 163
4436 163
4437 163
4438 163
4439 163
4440 163
4441 163
4442 163
4443 163
4444 163
4445 163
4446 163
4447 163
4448 163
4449 163
4450 163
4451 115
4452 163
4453 163
4454 163
4455 163
4456 163
4457 163
4458 163
4459 163
4460 163
4461 163
4462 163
4463 163
4464 163
4465 163
4466 163
4467 163
4468 163
4469 163
4470 163
4471 146
4472 163
4473 163
4474 163
4475 163
4476 93
4477 163
4478 163
4479 163
4480 163
4481 163
4482 163
4483 163
4484 163
4485 163
4486 163
4487 163
4488 163
4489 37
4490 163
4491 163
4492 163
4493 122
4494 163
4495 163
4496 163
4497 163
4498 163
4499 163
4500 163
4501 163
4502 163
4503 163
4504 163
4505 163
4506 163
4507 163
4508 163
4509 163
4510 163
4511 163
4512 105
4513 163
4514 163
4515 163
4516 163
4517 163
4518 163
4519 163
4520 163
4521 163
4522 61
4523 163
4524 163
4525 163
4526 163
4527 163
4528 163
4529 163
4530 163
4531 163
4532 163
4533 163
4534 163
4535 163
4536 163
4537 163
4538 163
4539 163
4540 163
4541 163
4542 163
4543 163
4544 163
4545 163
4546 163
4547 163
4548 163
4549 163
4550 163
4551 163
4552 163
4553 163
4554 163
4555 61
4556 163
4557 163
4558 95
4559 163
4560 163
4561 163
4562 163
4563 163
4564 163
4565 163
4566 163
4567 163
4568 136
4569 163
4570 163
4571 163
4572 30
4573 163
4574 163
4575 163
4576 163
4577 163
4578 163
4579 163
4580 163
4581 163
4582 163
4583 163
4584 163
4585 163
4586 163
4587 163
4588 134
4589 163
4590 163
4591 163
4592 163
4593 163
4594 163
4595 163
4596 163
4597 163
4598 163
4599 163
4600 163
4601 163
4602 163
4603 163
4604 163
4605 163
4606 163
4607 163
4608 163
4609 163
4610 163
4611 163
4612 163
4613 163
4614 136
4615 163
4616 163
4617 163
4618 163
4619 163
4620 163
4621 163
4622 163
4623 163
4624 163
4625 163
4626 163
4627 163
4628 163
4629 163
4630 163
4631 163
4632 163
4633 163
4634 134
4635 163
4636 163
4637 163
4638 163
4639 163
4640 163
4641 93
4642 163
4643 163
4644 163
4645 163
4646 163
4647 163
4648 163
4649 163
4650 163
4651 163
4652 163
4653 163
4654 163
4655 163
4656 163
4657 163
4658 163
4659 93
4660 163
4661 163
4662 163
4663 163
4664 163
4665 163
4666 163
4667 163
4668 163
4669 163
4670 163
4671 163
4672 163
4673 163
4674 136
4675 163
4676 163
4677 163
4678 163
4679 163
4680 163
4681 163
4682 163
4683 163
4684 163
4685 163
4686 163
4687 163
4688 163
4689 163
4690 163
4691 163
4692 163
4693 163
4694 163
4695 163
4696 163
4697 116
4698 163
4699 163
4700 163
4701 163
4702 163
4703 163
4704 163
4705 163
4706 163
4707 163
4708 163
4709 163
4710 163
4711 163
4712 163
4713 163
4714 163
4715 163
4716 163
4717 140
4718 163
4719 163
4720 163
4721 163
4722 163
4723 163
4724 163
4725 163
4726 163
4727 163
4728 163
4729 163
4730 163
4731 163
4732 163
4733 163
4734 163
4735 163
4736 163
4737 163
4738 163
4739 163
4740 163
4741 163
4742 163
4743 163
4744 163
4745 163
4746 163
4747 163
4748 163
4749 163
4750 163
4751 163
4752 163
4753 163
4754 163
4755 163
4756 163
4757 163
4758 163
4759 163
4760 163
4761 163
4762 163
4763 163
4764 163
4765 163
4766 163
4767 163
4768 163
4769 163
4770 163
4771 163
4772 163
4773 163
4774 163
4775 163
4776 163
4777 163
4778 163
4779 163
4780 163
4781 163
4782 163
4783 163
4784 127
4785 163
4786 163
4787 163
4788 163
4789 163
4790 110
4791 163
4792 163
4793 163
4794 163
4795 163
4796 163
4797 127
4798 163
4799 163
4800 163
4801 163
4802 163
4803 163
4804 163
4805 163
4806 163
4807 163
4808 163
4809 163
4810 163
4811 163
4812 163
4813 163
4814 127
4815 163
4816 163
4817 163
4818 163
4819 163
4820 163
4821 163
4822 163
4823 163
4824 163
4825 163
4826 163
4827 163
4828 163
4829 163
4830 163
4831 163
4832 163
4833 163
4834 163
4835 163
4836 163
4837 163
4838 163
4839 163
4840 163
4841 163
4842 163
4843 163
4844 163
4845 163
4846 163
4847 163
4848 163
4849 163
4850 163
4851 163
4852 54
4853 163
4854 163
4855 163
4856 163
4857 163
4858 163
4859 163
4860 163
4861 163
4862 163
4863 163
4864 163
4865 163
4866 163
4867 116
4868 163
4869 163
4870 163
4871 163
4872 163
4873 163
4874 163
4875 163
4876 163
4877 163
4878 163
4879 163
4880 163
4881 163
4882 163
4883 163
4884 163
4885 163
4886 163
4887 163
4888 163
4889 163
4890 163
4891 163
4892 163
4893 163
4894 163
4895 163
4896 163
4897 163
4898 163
4899 163
4900 163
4901 163
4902 163
4903 163
4904 163
4905 163
4906 163
4907 163
4908 160
4909 163
4910 163
4911 69
4912 163
4913 163
4914 163
4915 163
4916 163
4917 163
4918 163
4919 163
4920 163
4921 163
4922 163
4923 163
4924 163
4925 163
4926 163
4927 163
4928 163
4929 163
4930 163
4931 163
4932 163
4933 163
4934 163
4935 163
4936 163
4937 163
4938 163
4939 163
4940 163
4941 163
4942 163
4943 163
4944 163
4945 163
4946 163
4947 163
4948 163
4949 163
4950 163
4951 163
4952 163
4953 163
4954 163
4955 163
4956 163
4957 163
4958 163
4959 163
4960 163
4961 163
4962 163
4963 163
4964 140
4965 163
4966 163
4967 163
4968 163
4969 37
4970 163
4971 163
4972 163
4973 163
4974 163
4975 163
4976 163
4977 163
4978 163
4979 163
4980 163
4981 163
4982 163
4983 163
4984 163
4985 163
4986 163
4987 163
4988 163
4989 163
4990 163
4991 163
4992 163
4993 163
4994 163
4995 163
4996 163
4997 141
4998 163
4999 163
5000 163
5001 163
5002 28
5003 163
5004 163
5005 163
5006 163
5007 163
5008 163
5009 163
5010 163
5011 163
5012 163
5013 163
5014 163
5015 163
5016 163
5017 156
5018 163
5019 163
5020 163
5021 163
5022 163
5023 163
5024 163
5025 163
5026 163
5027 163
5028 163
5029 163
5030 163
5031 163
5032 163
5033 163
5034 163
5035 163
5036 163
5037 163
5038 163
5039 163
5040 163
5041 163
5042 163
5043 163
5044 163
5045 163
5046 163
5047 30
5048 163
5049 163
5050 163
5051 163
5052 163
5053 163
5054 163
5055 163
5056 163
5057 163
5058 163
5059 163
5060 163
5061 163
5062 163
5063 163
5064 163
5065 163
5066 163
5067 163
5068 163
5069 163
5070 163
5071 163
5072 163
5073 163
5074 163
5075 158
5076 163
5077 163
5078 163
5079 163
5080 163
5081 163
5082 163
5083 163
5084 163
5085 163
5086 163
5087 163
5088 163
5089 163
5090 163
5091 163
5092 163
5093 163
5094 163
5095 163
5096 163
5097 163
5098 163
5099 163
5100 163
5101 163
5102 163
5103 163
5104 126
5105 163
5106 163
5107 163
5108 163
5109 163
5110 163
5111 163
5112 163
5113 163
5114 163
5115 163
5116 163
5117 163
5118 163
5119 163
5120 163
5121 163
5122 163
5123 54
5124 163
5125 163
5126 163
5127 163
5128 163
5129 163
5130 163
5131 163
5132 163
5133 163
5134 163
5135 163
5136 163
5137 163
5138 163
5139 163
5140 163
5141 163
5142 163
5143 163
5144 163
5145 163
5146 163
5147 163
5148 163
5149 163
5150 163
5151 163
5152 163
5153 163
5154 163
5155 94
5156 163
5157 163
5158 163
5159 163
5160 163
5161 163
5162 156
5163 163
5164 163
5165 93
5166 163
5167 163
5168 163
5169 163
5170 163
5171 163
5172 163
5173 163
5174 163
5175 163
5176 163
5177 163
5178 163
5179 156
5180 163
5181 163
5182 163
5183 163
5184 163
5185 94
5186 163
5187 163
5188 163
5189 163
5190 163
5191 163
5192 93
5193 163
5194 163
5195 163
5196 163
5197 163
5198 163
5199 163
5200 163
5201 163
5202 163
5203 163
5204 163
5205 163
5206 146
5207 163
5208 163
5209 163
5210 163
5211 163
5212 163
5213 163
5214 163
5215 163
5216 163
5217 163
5218 163
5219 163
5220 163
5221 135
5222 163
5223 163
5224 163
5225 163
5226 163
5227 163
5228 163
5229 163
5230 163
5231 163
5232 163
5233 163
5234 163
5235 163
5236 163
5237 163
5238 163
5239 163
5240 163
5241 163
5242 163
5243 163
5244 163
5245 163
5246 163
5247 163
5248 163
5249 163
5250 163
5251 163
5252 163
5253 163
5254 163
5255 163
5256 163
5257 163
5258 163
5259 163
5260 163
5261 163
5262 163
5263 163
5264 163
5265 163
5266 163
5267 163
5268 163
5269 163
5270 163
5271 163
5272 163
5273 163
5274 163
5275 163
5276 163
5277 163
5278 163
5279 163
5280 163
5281 163
5282 163
5283 163
5284 163
5285 163
5286 163
5287 163
5288 163
5289 163
5290 163
5291 163
5292 163
5293 163
5294 163
5295 163
5296 163
5297 163
5298 163
5299 163
5300 163
5301 163
5302 163
5303 160
5304 163
5305 163
5306 163
5307 163
5308 163
5309 163
5310 163
5311 163
5312 163
5313 163
5314 163
5315 163
5316 163
5317 163
5318 163
5319 163
5320 163
5321 163
5322 146
5323 163
5324 163
5325 163
5326 163
5327 163
5328 163
5329 163
5330 163
5331 163
5332 163
5333 163
5334 110
5335 163
5336 163
5337 163
5338 163
5339 163
5340 163
5341 163
5342 163
5343 163
5344 163
5345 163
5346 163
5347 163
5348 163
5349 163
5350 163
5351 163
5352 163
5353 163
5354 163
5355 163
5356 28
5357 163
5358 163
5359 163
5360 163
5361 163
5362 163
5363 163
5364 163
5365 163
5366 163
5367 163
5368 163
5369 163
5370 163
5371 163
5372 163
5373 163
5374 163
5375 163
5376 163
5377 163
5378 163
5379 163
5380 163
5381 163
5382 163
5383 163
5384 163
5385 163
5386 163
5387 163
5388 163
5389 163
5390 163
5391 163
5392 163
5393 163
5394 163
5395 163
5396 163
5397 163
5398 163
5399 163
5400 163
5401 28
5402 163
5403 163
5404 163
5405 163
5406 163
5407 163
5408 163
5409 163
5410 163
5411 163
5412 163
5413 163
5414 163
5415 163
5416 163
5417 163
5418 163
5419 163
5420 163
5421 163
5422 163
5423 163
5424 163
5425 163
5426 163
5427 163
5428 163
5429 163
5430 163
5431 163
5432 152
5433 163
5434 163
5435 163
5436 163
5437 163
5438 163
5439 163
5440 163
5441 163
5442 163
5443 160
5444 163
5445 163
5446 163
5447 152
5448 163
5449 163
5450 163
5451 163
5452 163
5453 163
5454 163
5455 163
5456 163
5457 163
5458 163
5459 163
5460 163
5461 163
5462 163
5463 163
5464 163
5465 163
5466 163
5467 163
5468 69
5469 163
5470 163
5471 163
5472 163
5473 163
5474 163
5475 163
5476 163
5477 163
5478 163
5479 30
5480 163
5481 163
5482 163
5483 163
5484 163
5485 163
5486 163
5487 163
5488 163
5489 163
5490 163
5491 163
5492 163
5493 163
5494 163
5495 163
5496 163
5497 163
5498 163
5499 163
5500 163
5501 163
5502 163
5503 163
5504 163
5505 163
5506 163
5507 163
5508 163
5509 163
5510 163
5511 163
5512 163
5513 163
5514 163
5515 163
5516 163
5517 163
5518 163
5519 163
5520 163
5521 163
5522 163
5523 163
5524 163
5525 163
5526 163
5527 163
5528 163
5529 163
5530 163
5531 163
5532 163
5533 163
5534 37
5535 163
5536 163
5537 163
5538 163
5539 163
5540 163
5541 163
5542 163
5543 163
5544 163
5545 163
5546 163
5547 163
5548 163
5549 163
5550 163
5551 163
5552 163
5553 160
5554 163
5555 154
5556 163
5557 163
5558 163
5559 163
5560 163
5561 163
5562 163
5563 163
5564 163
5565 163
5566 163
5567 163
5568 163
5569 163
5570 163
5571 163
5572 163
5573 163
5574 163
5575 163
5576 163
5577 163
5578 163
5579 163
5580 163
5581 163
5582 163
5583 163
5584 163
5585 163
5586 163
5587 163
5588 135
5589 163
5590 163
5591 140
5592 163
5593 163
5594 163
5595 163
5596 163
5597 163
5598 163
5599 163
5600 163
5601 163
5602 163
5603 163
5604 163
5605 163
5606 163
5607 163
5608 163
5609 163
5610 163
5611 163
5612 163
5613 163
5614 163
5615 163
5616 163
5617 163
5618 163
5619 163
5620 163
5621 163
5622 163
5623 163
5624 163
5625 163
5626 163
5627 163
5628 163
5629 163
5630 163
5631 163
5632 163
5633 163
5634 163
5635 163
5636 163
5637 163
5638 163
5639 163
5640 163
5641 163
5642 163
5643 163
5644 163
5645 163
5646 163
5647 163
5648 163
5649 163
5650 163
5651 163
5652 163
5653 163
5654 163
5655 163
5656 163
5657 163
5658 163
5659 163
5660 163
5661 146
5662 163
5663 163
5664 163
5665 163
5666 163
5667 163
5668 163
5669 163
5670 163
5671 163
5672 163
5673 163
5674 114
5675 163
5676 163
5677 163
5678 163
5679 163
5680 163
5681 94
5682 163
5683 163
5684 163
5685 163
5686 163
5687 163
5688 163
5689 163
5690 163
5691 163
5692 163
5693 163
5694 163
5695 163
5696 163
5697 163
5698 163
5699 163
5700 94
5701 163
5702 163
5703 163
5704 163
5705 163
5706 163
5707 163
5708 163
5709 163
5710 163
5711 163
5712 114
5713 163
5714 163
5715 163
5716 163
5717 163
5718 117
5719 163
5720 163
5721 163
5722 163
5723 163
5724 163
5725 163
5726 163
5727 163
5728 163
5729 163
5730 163
5731 163
5732 163
5733 163
5734 163
5735 163
5736 163
5737 163
5738 163
5739 163
5740 163
5741 163
5742 163
5743 163
5744 163
5745 163
5746 163
5747 163
5748 163
5749 163
5750 163
5751 163
5752 65
5753 163
5754 163
5755 163
5756 163
5757 163
5758 163
5759 163
5760 163
5761 163
5762 163
5763 163
5764 163
5765 163
5766 163
5767 163
5768 163
5769 163
5770 163
5771 163
5772 163
5773 163
5774 163
5775 163
5776 163
5777 163
5778 152
5779 163
5780 114
5781 163
5782 163
5783 163
5784 163
5785 131
5786 144
5787 163
5788 163
5789 163
5790 163
5791 163
5792 163
5793 163
5794 163
5795 163
5796 163
5797 163
5798 163
5799 163
5800 152
5801 163
5802 163
5803 163
5804 163
5805 163
5806 163
5807 163
5808 163
5809 163
5810 163
5811 163
5812 163
5813 163
5814 163
5815 161
5816 163
5817 163
5818 163
5819 163
5820 163
5821 163
5822 163
5823 163
5824 163
5825 163
5826 163
5827 163
5828 163
5829 163
5830 163
5831 163
5832 163
5833 163
5834 163
5835 163
5836 163
5837 163
5838 163
5839 163
5840 163
5841 146
5842 163
5843 163
5844 163
5845 163
5846 163
5847 163
5848 163
5849 163
5850 163
5851 163
5852 163
5853 163
5854 114
5855 151
5856 163
5857 163
5858 163
5859 163
5860 163
5861 163
5862 163
5863 163
5864 163
5865 163
5866 163
5867 163
5868 163
5869 163
5870 163
5871 163
5872 160
5873 163
5874 163
5875 152
5876 163
5877 163
5878 163
5879 163
5880 102
5881 163
5882 163
5883 163
5884 163
5885 163
5886 163
5887 163
5888 140
5889 163
5890 163
5891 163
5892 153
5893 163
5894 163
5895 65
5896 163
5897 163
5898 163
5899 163
5900 163
5901 153
5902 163
5903 163
5904 163
5905 163
5906 163
5907 110
5908 114
5909 163
5910 163
5911 163
5912 163
5913 163
5914 163
5915 163
5916 163
5917 163
5918 163
5919 163
5920 163
5921 163
5922 138
5923 163
5924 163
5925 163
5926 163
5927 163
5928 163
5929 163
5930 163
5931 163
5932 163
5933 163
5934 163
5935 161
5936 163
5937 163
5938 163
5939 163
5940 163
5941 163
5942 163
5943 163
5944 163
5945 163
5946 163
5947 163
5948 163
5949 163
5950 163
5951 163
5952 163
5953 163
5954 163
5955 163
5956 163
5957 163
5958 163
5959 163
5960 161
5961 163
5962 163
5963 163
5964 163
5965 163
5966 163
5967 163
5968 163
5969 163
5970 163
5971 163
5972 163
5973 163
5974 138
5975 163
5976 163
5977 163
5978 163
5979 163
5980 163
5981 163
5982 163
5983 163
5984 163
5985 163
5986 163
5987 163
5988 163
5989 163
5990 163
5991 163
5992 163
5993 163
5994 163
5995 163
5996 163
5997 163
5998 163
5999 163
6000 163
6001 160
6002 163
6003 163
6004 163
6005 163
6006 163
6007 163
6008 163
6009 163
6010 163
6011 163
6012 163
6013 163
6014 163
6015 163
6016 153
6017 163
6018 163
6019 163
6020 163
6021 163
6022 163
6023 65
6024 163
6025 163
6026 163
6027 163
6028 163
6029 163
6030 163
6031 163
6032 163
6033 163
6034 163
6035 163
6036 163
6037 163
6038 163
6039 163
6040 163
6041 163
6042 163
6043 163
6044 163
6045 163
6046 163
6047 163
6048 163
6049 160
6050 163
6051 163
6052 163
6053 163
6054 163
6055 163
6056 163
6057 163
6058 163
6059 163
6060 163
6061 163
6062 163
6063 163
6064 163
6065 163
6066 163
6067 163
6068 163
6069 163
6070 163
6071 163
6072 163
6073 163
6074 163
6075 163
6076 163
6077 163
6078 163
6079 163
6080 163
6081 163
6082 163
6083 163
6084 163
6085 163
6086 163
6087 163
6088 163
6089 163
6090 163
6091 163
6092 163
6093 163
6094 163
6095 163
6096 163
6097 163
6098 163
6099 163
6100 163
6101 163
6102 163
6103 163
6104 163
6105 163
6106 163
6107 163
6108 163
6109 163
6110 163
6111 163
6112 163
6113 163
6114 163
6115 163
6116 163
6117 163
6118 163
6119 163
6120 163
6121 154
6122 163
6123 163
6124 163
6125 163
6126 163
6127 163
6128 163
6129 163
6130 163
6131 163
6132 163
6133 163
6134 163
6135 73
6136 163
6137 163
6138 163
6139 158
6140 163
6141 150
6142 163
6143 163
6144 163
6145 163
6146 163
6147 163
6148 163
6149 163
6150 163
6151 163
6152 163
6153 163
6154 163
6155 163
6156 163
6157 163
6158 144
6159 163
6160 163
6161 163
6162 163
6163 163
6164 163
6165 163
6166 163
6167 163
6168 163
6169 163
6170 163
6171 163
6172 163
6173 163
6174 163
6175 163
6176 163
6177 163
6178 163
6179 163
6180 163
6181 163
6182 163
6183 163
6184 163
6185 163
6186 163
6187 163
6188 163
6189 163
6190 163
6191 110
6192 163
6193 163
6194 163
6195 150
6196 163
6197 163
6198 163
6199 163
6200 163
6201 163
6202 144
6203 163
6204 163
6205 163
6206 163
6207 163
6208 163
6209 92
6210 135
6211 73
6212 163
6213 91
6214 163
6215 163
6216 163
6217 163
6218 163
6219 163
6220 163
6221 163
6222 163
6223 163
6224 163
6225 163
6226 163
6227 163
6228 163
6229 163
6230 163
6231 163
6232 163
6233 163
6234 163
6235 163
6236 163
6237 163
6238 163
6239 153
6240 163
6241 163
6242 163
6243 92
6244 163
6245 163
6246 163
6247 163
6248 163
6249 163
6250 163
6251 163
6252 163
6253 163
6254 163
6255 163
6256 163
6257 163
6258 163
6259 163
6260 163
6261 163
6262 163
6263 121
6264 163
6265 163
6266 163
6267 163
6268 163
6269 163
6270 163
6271 163
6272 163
6273 163
6274 102
6275 163
6276 163
6277 163
6278 163
6279 163
6280 153
6281 163
6282 117
6283 163
6284 163
6285 163
6286 163
6287 163
6288 163
6289 163
6290 163
6291 163
6292 163
6293 163
6294 163
6295 163
6296 163
6297 163
6298 163
6299 163
6300 163
6301 163
6302 163
6303 163
6304 163
6305 163
6306 163
6307 163
6308 163
6309 163
6310 163
6311 163
6312 73
6313 163
6314 163
6315 163
6316 163
6317 163
6318 163
6319 163
6320 163
6321 163
6322 161
6323 163
6324 163
6325 163
6326 163
6327 163
6328 160
6329 163
6330 150
6331 163
6332 163
6333 163
6334 163
6335 163
6336 163
6337 163
6338 121
6339 163
6340 163
6341 163
6342 163
6343 163
6344 153
6345 163
6346 163
6347 163
6348 163
6349 163
6350 163
6351 161
6352 163
6353 160
6354 163
6355 163
6356 163
6357 163
6358 163
6359 163
6360 163
6361 163
6362 163
6363 163
6364 163
6365 163
6366 163
6367 163
6368 163
6369 163
6370 163
6371 163
6372 163
6373 163
6374 163
6375 163
6376 163
6377 163
6378 91
6379 163
6380 163
6381 163
6382 163
6383 163
6384 163
6385 163
6386 160
6387 117
6388 91
6389 163
6390 163
6391 163
6392 163
6393 163
6394 163
6395 163
6396 163
6397 163
6398 163
6399 163
6400 163
6401 163
6402 163
6403 163
6404 163
6405 163
6406 163
6407 163
6408 163
6409 163
6410 163
6411 163
6412 121
6413 163
6414 163
6415 163
6416 163
6417 163
6418 163
6419 163
6420 163
6421 163
6422 163
6423 163
6424 163
6425 163
6426 163
6427 163
6428 163
6429 163
6430 159
6431 163
6432 163
6433 163
6434 163
6435 152
6436 83
6437 163
6438 163
6439 117
6440 163
6441 163
6442 163
6443 163
6444 163
6445 163
6446 163
6447 163
6448 163
6449 163
6450 163
6451 163
6452 163
6453 163
6454 138
6455 163
6456 163
6457 163
6458 163
6459 163
6460 163
6461 163
6462 135
6463 163
6464 73
6465 163
6466 163
6467 163
6468 163
6469 151
6470 163
6471 163
6472 163
6473 163
6474 163
6475 159
6476 163
6477 163
6478 163
6479 163
6480 163
6481 163
6482 117
6483 163
6484 163
6485 163
6486 102
6487 163
6488 163
6489 163
6490 163
6491 163
6492 163
6493 163
6494 163
6495 163
6496 163
6497 163
6498 163
6499 163
6500 163
6501 163
6502 163
6503 163
6504 163
6505 163
6506 163
6507 163
6508 163
6509 154
6510 163
6511 163
6512 163
6513 163
6514 163
6515 163
6516 163
6517 163
6518 163
6519 163
6520 163
6521 163
6522 163
6523 144
6524 163
6525 163
6526 163
6527 163
6528 163
6529 163
6530 163
6531 163
6532 163
6533 163
6534 163
6535 163
6536 163
6537 153
6538 163
6539 163
6540 163
6541 163
6542 163
6543 163
6544 163
6545 163
6546 163
6547 163
6548 160
6549 163
6550 163
6551 163
6552 163
6553 163
6554 121
6555 163
6556 163
6557 163
6558 163
6559 163
6560 163
6561 163
6562 163
6563 163
6564 163
6565 163
6566 163
6567 163
6568 163
6569 163
6570 163
6571 163
6572 163
6573 163
6574 163
6575 163
6576 163
6577 163
6578 163
6579 163
6580 163
6581 163
6582 163
6583 163
6584 163
6585 163
6586 163
6587 163
6588 163
6589 163
6590 163
6591 163
6592 163
6593 150
6594 163
6595 163
6596 163
6597 163
6598 163
6599 153
6600 160
6601 162
6602 163
6603 163
6604 163
6605 142
6606 163
6607 163
6608 163
6609 163
6610 163
6611 163
6612 163
6613 163
6614 163
6615 154
6616 163
6617 163
6618 163
6619 163
6620 163
6621 163
6622 163
6623 163
6624 163
6625 163
6626 163
6627 163
6628 163
6629 163
6630 153
6631 163
6632 163
6633 163
6634 163
6635 163
6636 163
6637 163
6638 163
6639 155
6640 163
6641 163
6642 163
6643 163
6644 163
6645 163
6646 163
6647 163
6648 163
6649 163
6650 163
6651 163
6652 154
6653 163
6654 163
6655 163
6656 163
6657 163
6658 163
6659 163
6660 163
6661 163
6662 163
6663 163
6664 163
6665 163
6666 163
6667 163
6668 151
6669 163
6670 163
6671 163
6672 163
6673 59
6674 163
6675 163
6676 163
6677 142
6678 163
6679 163
6680 163
6681 163
6682 163
6683 163
6684 163
6685 163
6686 162
6687 137
6688 163
6689 163
6690 163
6691 163
6692 163
6693 163
6694 163
6695 163
6696 56
6697 155
6698 163
6699 163
6700 163
6701 163
6702 163
6703 154
6704 163
6705 163
6706 163
6707 163
6708 163
6709 163
6710 163
6711 43
6712 163
6713 163
6714 5
6715 163
6716 163
6717 163
6718 163
6719 163
6720 163
6721 163
6722 163
6723 153
6724 162
6725 163
6726 163
6727 163
6728 163
6729 163
6730 163
6731 163
6732 163
6733 163
6734 92
6735 163
6736 163
6737 163
6738 163
6739 163
6740 163
6741 163
6742 163
6743 163
6744 163
6745 163
6746 163
6747 163
6748 163
6749 163
6750 163
6751 150
6752 163
6753 163
6754 163
6755 163
6756 163
6757 157
6758 163
6759 163
6760 83
6761 163
6762 163
6763 163
6764 153
6765 160
6766 163
6767 163
6768 163
6769 142
6770 163
6771 163
6772 163
6773 162
6774 163
6775 163
6776 163
6777 163
6778 163
6779 163
6780 163
6781 163
6782 163
6783 163
6784 163
6785 56
6786 163
6787 133
6788 163
6789 163
6790 163
6791 163
6792 163
6793 163
6794 163
6795 163
6796 163
6797 163
6798 163
6799 163
6800 163
6801 163
6802 163
6803 163
6804 163
6805 163
6806 163
6807 163
6808 163
6809 137
6810 163
6811 43
6812 163
6813 163
6814 43
6815 163
6816 59
6817 163
6818 163
6819 163
6820 163
6821 160
6822 163
6823 163
6824 163
6825 163
6826 144
6827 163
6828 163
6829 142
6830 163
6831 163
6832 163
6833 163
6834 163
6835 163
6836 163
6837 163
6838 163
6839 144
6840 157
6841 163
6842 163
6843 83
6844 163
6845 163
6846 163
6847 163
6848 163
6849 163
6850 163
6851 133
6852 163
6853 163
6854 163
6855 163
6856 163
6857 163
6858 163
6859 163
6860 163
6861 150
6862 153
6863 163
6864 163
6865 162
6866 163
6867 163
6868 163
6869 163
6870 154
6871 163
6872 71
6873 163
6874 163
6875 163
6876 163
6877 163
6878 163
6879 163
6880 125
6881 163
6882 163
6883 163
6884 163
6885 157
6886 163
6887 163
6888 163
6889 163
6890 154
6891 163
6892 163
6893 163
6894 163
6895 163
6896 163
6897 163
6898 163
6899 163
6900 163
6901 163
6902 154
6903 163
6904 163
6905 163
6906 163
6907 163
6908 163
6909 145
6910 163
6911 163
6912 125
6913 163
6914 163
6915 163
6916 163
6917 163
6918 163
6919 163
6920 163
6921 133
6922 163
6923 163
6924 163
6925 163
6926 163
6927 163
6928 163
6929 163
6930 163
6931 163
6932 163
6933 162
6934 163
6935 163
6936 157
6937 151
6938 163
6939 163
6940 163
6941 163
6942 163
6943 163
6944 101
6945 163
6946 5
6947 163
6948 163
6949 163
6950 163
6951 56
6952 163
6953 163
6954 133
6955 163
6956 163
6957 163
6958 142
6959 163
6960 163
6961 163
6962 137
6963 163
6964 163
6965 163
6966 133
6967 163
6968 163
6969 163
6970 163
6971 163
6972 163
6973 163
6974 144
6975 163
6976 163
6977 163
6978 163
6979 163
6980 163
6981 163
6982 153
6983 163
6984 163
6985 163
6986 163
6987 163
6988 43
6989 163
6990 163
6991 163
6992 163
6993 163
6994 163
6995 163
6996 163
6997 163
6998 163
6999 163
7000 163
7001 163
7002 163
7003 163
7004 163
7005 163
7006 163
7007 163
7008 163
7009 154
7010 163
7011 81
7012 157
7013 163
7014 163
7015 125
7016 163
7017 163
7018 150
7019 137
7020 163
7021 163
7022 163
7023 163
7024 163
7025 163
7026 163
7027 163
7028 163
7029 163
7030 163
7031 163
7032 162
7033 163
7034 43
7035 163
7036 133
7037 163
7038 163
7039 142
7040 163
7041 163
7042 163
7043 163
7044 163
7045 163
7046 163
7047 163
7048 163
7049 163
7050 163
7051 163
7052 163
7053 163
7054 163
7055 163
7056 163
7057 163
7058 163
7059 163
7060 163
7061 163
7062 163
7063 163
7064 163
7065 163
7066 163
7067 163
7068 162
7069 133
7070 145
7071 163
7072 153
7073 163
7074 163
7075 163
7076 163
7077 163
7078 162
7079 163
7080 163
7081 163
7082 163
7083 163
7084 163
7085 155
7086 163
7087 163
7088 163
7089 157
7090 43
7091 150
7092 163
7093 101
7094 163
7095 163
7096 71
7097 154
7098 163
7099 59
7100 157
7101 163
7102 163
7103 163
7104 147
7105 133
7106 163
7107 27
7108 163
7109 163
7110 71
7111 163
7112 163
7113 163
7114 163
7115 163
7116 163
7117 163
7118 56
7119 163
7120 80
7121 5
7122 27
7123 163
7124 163
7125 163
7126 163
7127 101
7128 163
7129 80
7130 163
7131 81
7132 163
7133 163
7134 163
7135 80
7136 163
7137 163
7138 163
7139 163
7140 163
7141 163
7142 163
7143 163
7144 163
7145 163
7146 163
7147 163
7148 163
7149 163
7150 163
7151 160
7152 145
7153 163
7154 163
7155 147
7156 137
7157 163
7158 87
7159 163
7160 163
7161 163
7162 163
7163 163
7164 125
7165 163
7166 142
7167 163
7168 163
7169 163
7170 157
7171 163
7172 163
7173 155
7174 163
7175 137
7176 163
7177 163
7178 147
7179 163
7180 163
7181 163
7182 163
7183 163
7184 163
7185 142
7186 163
7187 59
7188 163
7189 163
7190 163
7191 162
7192 163
7193 163
7194 163
7195 163
7196 163
7197 163
7198 147
7199 163
7200 163
7201 163
7202 163
7203 163
7204 163
7205 137
7206 163
7207 163
7208 81
7209 163
7210 163
7211 163
7212 163
7213 157
7214 163
7215 64
7216 157
7217 163
7218 163
7219 163
7220 137
7221 27
7222 125
7223 163
7224 163
7225 163
7226 163
7227 8
7228 163
7229 163
7230 163
7231 163
7232 163
7233 163
7234 163
7235 163
7236 163
7237 163
7238 81
7239 163
7240 163
7241 163
7242 163
7243 163
7244 145
7245 163
7246 154
7247 163
7248 163
7249 163
7250 163
7251 87
7252 163
7253 163
7254 59
7255 163
7256 163
7257 163
7258 133
7259 163
7260 163
7261 163
7262 163
7263 163
7264 163
7265 137
7266 163
7267 163
7268 87
7269 163
7270 163
7271 27
7272 163
7273 101
7274 49
7275 163
7276 163
7277 163
7278 163
7279 163
7280 163
7281 163
7282 64
7283 163
7284 163
7285 163
7286 137
7287 137
7288 163
7289 163
7290 163
7291 137
7292 163
7293 163
7294 163
7295 163
7296 163
7297 163
7298 163
7299 163
7300 163
7301 163
7302 8
7303 163
7304 48
7305 163
7306 163
7307 163
7308 87
7309 163
7310 163
7311 163
7312 163
7313 163
7314 163
7315 163
7316 163
7317 147
7318 163
7319 163
7320 163
7321 163
7322 157
7323 49
7324 163
7325 163
7326 163
7327 163
7328 163
7329 163
7330 163
7331 24
7332 163
7333 163
7334 163
7335 163
7336 163
7337 163
7338 163
7339 125
7340 162
7341 163
7342 163
7343 163
7344 163
7345 163
7346 163
7347 163
7348 163
7349 163
7350 163
7351 163
7352 163
7353 162
7354 163
7355 163
7356 163
7357 163
7358 163
7359 70
7360 163
7361 163
7362 163
7363 163
7364 163
7365 163
7366 163
7367 163
7368 163
7369 163
7370 163
7371 163
7372 163
7373 163
7374 163
7375 147
7376 163
7377 163
7378 163
7379 163
7380 163
7381 48
7382 163
7383 163
7384 163
7385 49
7386 142
7387 163
7388 163
7389 163
7390 163
7391 163
7392 163
7393 163
7394 163
7395 163
7396 163
7397 163
7398 163
7399 125
7400 139
7401 163
7402 125
7403 163
7404 64
7405 163
7406 163
7407 36
7408 163
7409 163
7410 163
7411 163
7412 157
7413 24
7414 48
7415 139
7416 163
7417 125
7418 163
7419 163
7420 163
7421 163
7422 163
7423 137
7424 163
7425 163
7426 163
7427 125
7428 75
7429 163
7430 163
7431 163
7432 163
7433 163
7434 70
7435 139
7436 24
7437 163
7438 163
7439 163
7440 97
7441 36
7442 163
7443 163
7444 163
7445 163
7446 147
7447 48
7448 147
7449 139
7450 163
7451 163
7452 163
7453 137
7454 163
7455 163
7456 106
7457 87
7458 163
7459 157
7460 163
7461 163
7462 163
7463 40
7464 163
7465 36
7466 163
7467 163
7468 163
7469 163
7470 163
7471 111
7472 163
7473 163
7474 75
7475 147
7476 163
7477 163
7478 163
7479 87
7480 163
7481 40
7482 163
7483 163
7484 163
7485 163
7486 163
7487 137
7488 163
7489 163
7490 163
7491 163
7492 163
7493 163
7494 163
7495 163
7496 163
7497 163
7498 163
7499 163
7500 163
7501 163
7502 163
7503 163
7504 163
7505 163
7506 163
7507 163
7508 163
7509 147
7510 163
7511 163
7512 163
7513 163
7514 163
7515 163
7516 163
7517 163
7518 106
7519 163
7520 163
7521 163
7522 163
7523 163
7524 32
7525 163
7526 163
7527 107
7528 157
7529 163
7530 163
7531 163
7532 163
7533 163
7534 70
7535 106
7536 163
7537 163
7538 163
7539 163
7540 163
7541 163
7542 163
7543 163
7544 163
7545 163
7546 163
7547 40
7548 163
7549 163
7550 147
7551 107
7552 163
7553 106
7554 97
7555 163
7556 163
7557 163
7558 163
7559 163
7560 163
7561 163
7562 149
7563 10
7564 163
7565 149
7566 163
7567 41
7568 163
7569 163
7570 163
7571 163
7572 163
7573 163
7574 163
7575 163
7576 75
7577 163
7578 163
7579 163
7580 10
7581 163
7582 163
7583 163
7584 163
7585 163
7586 10
7587 163
7588 68
7589 97
7590 163
7591 163
7592 149
7593 163
7594 49
7595 163
7596 111
7597 163
7598 163
7599 163
7600 163
7601 163
7602 163
7603 111
7604 163
7605 13
7606 163
7607 163
7608 163
7609 163
7610 163
7611 163
7612 163
7613 163
7614 163
7615 163
7616 163
7617 163
7618 163
7619 163
7620 163
7621 22
7622 163
7623 41
7624 163
7625 163
7626 13
7627 41
7628 163
7629 163
7630 163
7631 107
7632 163
7633 163
7634 163
7635 163
7636 45
7637 163
7638 163
7639 41
7640 139
7641 163
7642 163
7643 163
7644 163
7645 163
7646 22
7647 163
7648 68
7649 163
7650 163
7651 47
7652 163
7653 163
7654 21
7655 163
7656 163
7657 45
7658 163
7659 163
7660 163
7661 163
7662 163
7663 60
7664 163
7665 163
7666 149
7667 15
7668 163
7669 163
7670 45
7671 163
7672 163
7673 163
7674 163
7675 163
7676 139
7677 163
7678 68
7679 22
7680 60
7681 163
7682 163
7683 45
7684 163
7685 163
7686 163
7687 163
7688 163
7689 163
7690 60
7691 70
7692 47
7693 163
7694 163
7695 163
7696 163
7697 9
7698 163
7699 163
7700 97
7701 163
7702 163
7703 163
7704 149
7705 38
7706 163
7707 32
7708 163
7709 163
7710 163
7711 32
7712 163
7713 48
7714 33
7715 163
7716 163
7717 15
7718 163
7719 34
7720 68
7721 41
7722 38
7723 163
7724 163
7725 163
7726 163
7727 128
7728 163
7729 32
7730 128
7731 163
7732 163
7733 103
7734 163
7735 163
7736 35
7737 163
7738 163
7739 33
7740 163
7741 23
7742 18
7743 163
7744 107
7745 128
7746 41
7747 163
7748 163
7749 163
7750 163
7751 163
7752 35
7753 163
7754 97
7755 163
7756 163
7757 163
7758 163
7759 163
7760 163
7761 163
7762 12
7763 163
7764 15
7765 163
7766 163
7767 163
7768 18
7769 163
7770 103
7771 128
7772 163
7773 163
7774 62
7775 35
7776 163
7777 47
7778 9
7779 128
7780 1
7781 2
7782 163
7783 163
7784 163
7785 163
7786 107
7787 103
7788 2
7789 0
7790 163
7791 163
7792 26
7793 10
7794 163
7795 163
7796 163
7797 35
7798 34
7799 3
7800 163
7801 26
7802 47
7803 163
7804 10
7805 33
7806 163
7807 163
7808 163
7809 163
7810 163
7811 35
7812 163
7813 163
7814 163
7815 163
7816 163
7817 163
7818 103
7819 20
7820 163
7821 163
7822 103
7823 163
7824 62
7825 163
7826 163
7827 163
7828 29
7829 29
7830 3
7831 20
7832 2
7833 62
7834 107
7835 163
7836 103
7837 47
7838 163
7839 21
7840 18
7841 163
7842 163
7843 47
7844 38
7845 62
7846 163
7847 163
7848 84
7849 15
7850 1
7851 163
7852 163
7853 163
7854 163
7855 163
7856 34
7857 35
7858 163
7859 29
7860 19
7861 23
7862 12
7863 60
7864 3
7865 19
7866 19
7867 35
7868 25
7869 0
7870 58
7871 23
7872 25
7873 1
7874 9
7875 163
7876 7
7877 0
7878 163
7879 38
7880 163
7881 29
7882 163
7883 163
7884 2
7885 7
7886 103
7887 44
7888 12
7889 163
7890 163
7891 90
7892 21
7893 90
7894 44
7895 2
7896 163
7897 19
7898 2
7899 163
7900 163
7901 1
7902 25
7903 7
7904 6
7905 46
7906 44
7907 163
7908 25
7909 60
7910 163
7911 163
7912 78
7913 163
7914 6
7915 58
7916 163
7917 14
7918 163
7919 78
7920 84
7921 58
7922 52
7923 58
7924 1
7925 84
7926 3
7927 62
7928 46
7929 14
7930 163
7931 90
7932 11
7933 52
7934 58
7935 163
7936 62
7937 163
7938 52
7939 4
7940 17
7941 46
7942 78
7943 52
7944 17
7945 163
7946 14
7947 11
7948 163
7949 4
7950 14
7951 52
7952 163
7953 44
7954 14
7955 4
7956 11
7957 25
7958 90
7959 6
7960 84
7961 52
7962 163
7963 163
7964 46
7965 11
7966 78
7967 84
7968 17
7969 163
7970 6
7971 44
7972 12
7973 25
7974 46
7975 78
7976 58
7977 84
7978 163
7979 163
7980 4
7981 11
7982 46
7983 58
7984 90
7985 90
7986 17
7987 14
7988 163
7989 90
7990 44
7991 78
7992 14
7993 163
7994 90
7995 4
7996 163
7997 52
7998 52
7999 52
8000 17
