Time:108559.10684013367
NMI:0.837010102981326
ARI:0.4881352357401951
#com:164
1 155
2 149
3 151
4 137
5 142
6 163
7 120
8 163
9 139
10 143
11 144
12 148
13 151
14 78
15 142
16 140
17 159
18 136
19 30
20 146
21 150
22 163
23 4
24 152
25 135
26 134
27 103
28 139
29 159
30 141
31 39
32 147
33 147
34 142
35 147
36 134
37 144
38 155
39 161
40 156
41 135
42 139
43 151
44 160
45 128
46 136
47 163
48 45
49 160
50 159
51 155
52 157
53 157
54 131
55 150
56 137
57 150
58 163
59 159
60 145
61 146
62 144
63 150
64 161
65 157
66 147
67 133
68 143
69 143
70 139
71 141
72 159
73 159
74 137
75 148
76 148
77 157
78 135
79 128
80 136
81 154
82 4
83 147
84 152
85 60
86 144
87 152
88 157
89 151
90 137
91 161
92 136
93 147
94 150
95 143
96 140
97 157
98 144
99 150
100 143
101 163
102 148
103 136
104 142
105 61
106 161
107 142
108 153
109 147
110 149
111 135
112 163
113 134
114 137
115 142
116 158
117 133
118 128
119 159
120 163
121 153
122 140
123 150
124 149
125 129
126 141
127 154
128 150
129 151
130 160
131 129
132 156
133 131
134 10
135 161
136 155
137 149
138 154
139 128
140 66
141 148
142 159
143 146
144 105
145 147
146 4
147 115
148 154
149 146
150 46
151 143
152 144
153 160
154 136
155 160
156 150
157 140
158 135
159 123
160 152
161 127
162 146
163 148
164 139
165 157
166 78
167 163
168 136
169 140
170 154
171 153
172 156
173 157
174 146
175 145
176 103
177 155
178 129
179 155
180 146
181 136
182 145
183 162
184 157
185 146
186 141
187 161
188 141
189 161
190 162
191 141
192 157
193 148
194 132
195 141
196 7
197 148
198 145
199 159
200 97
201 157
202 150
203 140
204 150
205 154
206 128
207 148
208 150
209 147
210 76
211 160
212 139
213 136
214 61
215 145
216 159
217 139
218 90
219 159
220 66
221 156
222 148
223 81
224 136
225 140
226 136
227 150
228 127
229 134
230 147
231 155
232 137
233 154
234 8
235 148
236 144
237 131
238 145
239 150
240 148
241 147
242 160
243 146
244 8
245 137
246 136
247 143
248 4
249 136
250 125
251 52
252 139
253 163
254 159
255 143
256 162
257 153
258 147
259 160
260 136
261 143
262 134
263 139
264 137
265 163
266 159
267 161
268 156
269 110
270 139
271 63
272 7
273 157
274 150
275 161
276 160
277 143
278 131
279 159
280 140
281 152
282 135
283 136
284 140
285 140
286 154
287 148
288 146
289 147
290 145
291 136
292 155
293 148
294 144
295 139
296 120
297 159
298 160
299 158
300 149
301 148
302 148
303 161
304 143
305 70
306 149
307 139
308 140
309 61
310 131
311 159
312 146
313 154
314 138
315 132
316 136
317 163
318 144
319 22
320 156
321 146
322 163
323 154
324 32
325 144
326 136
327 33
328 155
329 150
330 30
331 115
332 162
333 156
334 142
335 97
336 42
337 152
338 142
339 146
340 152
341 140
342 155
343 91
344 125
345 145
346 156
347 161
348 149
349 136
350 160
351 141
352 145
353 153
354 145
355 156
356 11
357 131
358 143
359 142
360 143
361 140
362 163
363 163
364 157
365 135
366 134
367 135
368 160
369 136
370 148
371 149
372 137
373 120
374 15
375 38
376 151
377 43
378 133
379 159
380 131
381 145
382 140
383 154
384 105
385 147
386 141
387 150
388 144
389 143
390 144
391 132
392 148
393 136
394 145
395 153
396 138
397 160
398 161
399 159
400 149
401 133
402 157
403 152
404 139
405 143
406 150
407 94
408 146
409 159
410 154
411 133
412 157
413 145
414 148
415 127
416 122
417 145
418 150
419 148
420 143
421 141
422 139
423 139
424 163
425 115
426 146
427 134
428 59
429 138
430 159
431 128
432 161
433 83
434 144
435 144
436 142
437 105
438 151
439 141
440 145
441 155
442 149
443 154
444 22
445 146
446 163
447 136
448 152
449 136
450 144
451 134
452 153
453 143
454 141
455 150
456 133
457 161
458 152
459 122
460 133
461 163
462 156
463 133
464 138
465 152
466 141
467 144
468 159
469 157
470 135
471 144
472 151
473 141
474 136
475 154
476 148
477 134
478 148
479 139
480 147
481 143
482 147
483 18
484 123
485 146
486 143
487 136
488 22
489 161
490 128
491 140
492 155
493 159
494 144
495 133
496 146
497 137
498 142
499 155
500 153
501 142
502 61
503 145
504 154
505 137
506 151
507 155
508 161
509 155
510 149
511 141
512 137
513 155
514 157
515 142
516 163
517 10
518 144
519 125
520 147
521 147
522 131
523 110
524 156
525 147
526 137
527 142
528 156
529 128
530 160
531 154
532 148
533 157
534 139
535 137
536 128
537 152
538 147
539 133
540 163
541 152
542 154
543 143
544 148
545 141
546 146
547 160
548 163
549 135
550 105
551 159
552 150
553 158
554 148
555 141
556 24
557 159
558 149
559 154
560 146
561 160
562 128
563 141
564 163
565 140
566 142
567 131
568 161
569 131
570 159
571 128
572 131
573 161
574 161
575 156
576 143
577 123
578 136
579 149
580 142
581 7
582 136
583 131
584 157
585 147
586 142
587 132
588 127
589 7
590 139
591 59
592 144
593 78
594 42
595 144
596 134
597 26
598 149
599 147
600 148
601 125
602 120
603 137
604 148
605 137
606 146
607 153
608 152
609 150
610 157
611 144
612 160
613 161
614 147
615 142
616 163
617 144
618 157
619 132
620 22
621 138
622 134
623 162
624 120
625 155
626 140
627 142
628 134
629 139
630 81
631 142
632 145
633 147
634 147
635 154
636 147
637 151
638 139
639 128
640 155
641 133
642 129
643 142
644 143
645 136
646 120
647 141
648 147
649 60
650 139
651 153
652 148
653 139
654 157
655 161
656 136
657 159
658 161
659 95
660 154
661 128
662 154
663 153
664 145
665 139
666 146
667 145
668 133
669 115
670 148
671 148
672 135
673 152
674 141
675 97
676 146
677 139
678 134
679 139
680 138
681 149
682 122
683 143
684 157
685 59
686 43
687 149
688 143
689 148
690 136
691 131
692 145
693 143
694 161
695 141
696 134
697 160
698 146
699 163
700 143
701 150
702 159
703 155
704 136
705 133
706 155
707 142
708 125
709 161
710 153
711 133
712 155
713 40
714 154
715 160
716 134
717 144
718 136
719 141
720 143
721 94
722 159
723 135
724 134
725 28
726 155
727 137
728 30
729 135
730 123
731 31
732 142
733 153
734 153
735 146
736 140
737 145
738 156
739 139
740 144
741 136
742 161
743 149
744 149
745 147
746 140
747 154
748 97
749 135
750 149
751 163
752 156
753 131
754 160
755 157
756 135
757 133
758 136
759 161
760 149
761 32
762 153
763 161
764 45
765 110
766 160
767 141
768 144
769 148
770 148
771 160
772 105
773 146
774 141
775 136
776 142
777 163
778 103
779 137
780 162
781 136
782 33
783 163
784 129
785 154
786 144
787 60
788 138
789 145
790 140
791 156
792 145
793 139
794 150
795 134
796 136
797 148
798 159
799 155
800 159
801 157
802 136
803 163
804 150
805 161
806 155
807 145
808 152
809 160
810 150
811 163
812 136
813 152
814 162
815 70
816 162
817 147
818 110
819 145
820 139
821 30
822 135
823 161
824 145
825 137
826 137
827 145
828 148
829 33
830 144
831 143
832 159
833 154
834 152
835 127
836 131
837 136
838 141
839 131
840 154
841 146
842 115
843 35
844 148
845 147
846 5
847 137
848 138
849 133
850 148
851 147
852 127
853 136
854 38
855 45
856 154
857 123
858 154
859 122
860 134
861 155
862 155
863 131
864 157
865 146
866 157
867 161
868 120
869 153
870 149
871 39
872 40
873 153
874 155
875 138
876 156
877 134
878 158
879 136
880 161
881 59
882 8
883 148
884 141
885 155
886 148
887 103
888 143
889 148
890 157
891 146
892 122
893 161
894 145
895 115
896 149
897 140
898 134
899 160
900 161
901 78
902 133
903 139
904 160
905 153
906 153
907 152
908 150
909 140
910 150
911 139
912 83
913 127
914 156
915 159
916 136
917 105
918 148
919 154
920 144
921 150
922 136
923 22
924 160
925 141
926 135
927 139
928 134
929 150
930 145
931 156
932 160
933 163
934 152
935 155
936 127
937 154
938 137
939 135
940 155
941 136
942 160
943 152
944 143
945 163
946 155
947 146
948 162
949 142
950 97
951 151
952 137
953 154
954 135
955 151
956 152
957 60
958 143
959 146
960 153
961 59
962 162
963 91
964 157
965 129
966 151
967 154
968 133
969 131
970 153
971 149
972 137
973 147
974 140
975 161
976 151
977 115
978 141
979 154
980 156
981 155
982 144
983 149
984 152
985 40
986 142
987 125
988 136
989 146
990 140
991 162
992 30
993 128
994 158
995 143
996 158
997 150
998 159
999 144
1000 10
1001 160
1002 151
1003 125
1004 42
1005 128
1006 148
1007 134
1008 131
1009 131
1010 147
1011 146
1012 151
1013 156
1014 145
1015 136
1016 145
1017 153
1018 110
1019 155
1020 136
1021 145
1022 145
1023 141
1024 153
1025 139
1026 131
1027 136
1028 141
1029 144
1030 137
1031 163
1032 120
1033 151
1034 139
1035 157
1036 154
1037 125
1038 123
1039 63
1040 154
1041 155
1042 157
1043 160
1044 153
1045 148
1046 154
1047 137
1048 140
1049 136
1050 134
1051 144
1052 141
1053 147
1054 154
1055 144
1056 162
1057 144
1058 161
1059 44
1060 150
1061 83
1062 10
1063 133
1064 134
1065 136
1066 141
1067 148
1068 148
1069 142
1070 154
1071 150
1072 143
1073 145
1074 120
1075 141
1076 151
1077 131
1078 142
1079 145
1080 150
1081 157
1082 139
1083 147
1084 157
1085 144
1086 131
1087 157
1088 129
1089 144
1090 152
1091 152
1092 155
1093 151
1094 150
1095 159
1096 144
1097 155
1098 30
1099 45
1100 136
1101 133
1102 30
1103 162
1104 46
1105 120
1106 135
1107 134
1108 141
1109 157
1110 149
1111 140
1112 141
1113 47
1114 43
1115 146
1116 155
1117 143
1118 137
1119 160
1120 155
1121 149
1122 142
1123 136
1124 159
1125 155
1126 105
1127 140
1128 146
1129 153
1130 162
1131 139
1132 145
1133 115
1134 163
1135 143
1136 134
1137 139
1138 127
1139 161
1140 155
1141 162
1142 38
1143 134
1144 147
1145 141
1146 160
1147 155
1148 137
1149 159
1150 162
1151 154
1152 154
1153 141
1154 105
1155 142
1156 152
1157 147
1158 131
1159 40
1160 136
1161 39
1162 155
1163 134
1164 144
1165 150
1166 159
1167 133
1168 157
1169 145
1170 146
1171 133
1172 155
1173 135
1174 140
1175 163
1176 146
1177 153
1178 160
1179 163
1180 137
1181 148
1182 161
1183 162
1184 144
1185 136
1186 159
1187 139
1188 147
1189 154
1190 160
1191 156
1192 157
1193 152
1194 154
1195 70
1196 145
1197 103
1198 142
1199 147
1200 147
1201 142
1202 45
1203 159
1204 147
1205 141
1206 103
1207 128
1208 152
1209 125
1210 95
1211 142
1212 131
1213 155
1214 146
1215 163
1216 156
1217 148
1218 134
1219 140
1220 146
1221 131
1222 143
1223 161
1224 134
1225 155
1226 46
1227 142
1228 161
1229 140
1230 149
1231 160
1232 163
1233 150
1234 159
1235 157
1236 150
1237 149
1238 61
1239 131
1240 147
1241 155
1242 139
1243 163
1244 147
1245 131
1246 134
1247 115
1248 151
1249 145
1250 158
1251 60
1252 123
1253 149
1254 141
1255 150
1256 145
1257 149
1258 149
1259 133
1260 160
1261 162
1262 144
1263 67
1264 140
1265 50
1266 52
1267 147
1268 150
1269 142
1270 140
1271 132
1272 135
1273 66
1274 145
1275 52
1276 133
1277 132
1278 40
1279 53
1280 160
1281 145
1282 148
1283 159
1284 150
1285 147
1286 138
1287 123
1288 155
1289 131
1290 125
1291 148
1292 160
1293 147
1294 161
1295 136
1296 147
1297 150
1298 162
1299 139
1300 142
1301 128
1302 129
1303 136
1304 149
1305 54
1306 147
1307 148
1308 157
1309 142
1310 148
1311 143
1312 160
1313 105
1314 150
1315 148
1316 123
1317 135
1318 136
1319 134
1320 154
1321 159
1322 149
1323 131
1324 142
1325 161
1326 160
1327 149
1328 137
1329 151
1330 148
1331 144
1332 133
1333 136
1334 110
1335 135
1336 136
1337 67
1338 143
1339 122
1340 142
1341 144
1342 145
1343 136
1344 110
1345 141
1346 131
1347 132
1348 147
1349 139
1350 136
1351 52
1352 162
1353 66
1354 142
1355 147
1356 161
1357 154
1358 131
1359 144
1360 128
1361 55
1362 145
1363 140
1364 144
1365 147
1366 140
1367 133
1368 155
1369 150
1370 162
1371 147
1372 134
1373 146
1374 152
1375 138
1376 142
1377 136
1378 158
1379 144
1380 147
1381 141
1382 155
1383 148
1384 151
1385 137
1386 147
1387 151
1388 140
1389 70
1390 146
1391 155
1392 56
1393 136
1394 159
1395 131
1396 154
1397 159
1398 131
1399 147
1400 133
1401 136
1402 148
1403 134
1404 147
1405 161
1406 150
1407 160
1408 159
1409 152
1410 148
1411 107
1412 91
1413 139
1414 137
1415 147
1416 141
1417 63
1418 155
1419 135
1420 147
1421 128
1422 159
1423 70
1424 142
1425 155
1426 52
1427 160
1428 140
1429 145
1430 32
1431 154
1432 158
1433 155
1434 127
1435 120
1436 159
1437 134
1438 149
1439 127
1440 142
1441 141
1442 154
1443 150
1444 147
1445 160
1446 159
1447 149
1448 136
1449 38
1450 7
1451 161
1452 154
1453 144
1454 161
1455 147
1456 131
1457 161
1458 42
1459 152
1460 8
1461 143
1462 129
1463 131
1464 156
1465 138
1466 148
1467 133
1468 128
1469 139
1470 136
1471 143
1472 154
1473 145
1474 142
1475 136
1476 162
1477 131
1478 151
1479 127
1480 148
1481 151
1482 133
1483 146
1484 141
1485 57
1486 147
1487 157
1488 145
1489 134
1490 145
1491 161
1492 128
1493 160
1494 162
1495 129
1496 162
1497 136
1498 133
1499 144
1500 125
1501 128
1502 141
1503 142
1504 152
1505 142
1506 153
1507 150
1508 143
1509 143
1510 155
1511 149
1512 163
1513 146
1514 150
1515 143
1516 139
1517 136
1518 136
1519 155
1520 61
1521 110
1522 143
1523 148
1524 156
1525 141
1526 43
1527 90
1528 59
1529 152
1530 141
1531 136
1532 132
1533 141
1534 148
1535 148
1536 134
1537 149
1538 143
1539 145
1540 144
1541 136
1542 160
1543 141
1544 157
1545 123
1546 135
1547 162
1548 155
1549 125
1550 131
1551 156
1552 153
1553 145
1554 159
1555 129
1556 163
1557 150
1558 146
1559 134
1560 163
1561 141
1562 163
1563 46
1564 67
1565 143
1566 154
1567 150
1568 154
1569 153
1570 163
1571 145
1572 151
1573 136
1574 131
1575 70
1576 32
1577 146
1578 162
1579 149
1580 145
1581 159
1582 125
1583 152
1584 157
1585 133
1586 148
1587 160
1588 140
1589 152
1590 152
1591 144
1592 95
1593 149
1594 161
1595 135
1596 161
1597 97
1598 162
1599 163
1600 140
1601 148
1602 162
1603 149
1604 142
1605 155
1606 78
1607 60
1608 149
1609 60
1610 143
1611 137
1612 144
1613 163
1614 103
1615 151
1616 110
1617 151
1618 159
1619 145
1620 152
1621 129
1622 133
1623 134
1624 153
1625 147
1626 160
1627 141
1628 139
1629 145
1630 161
1631 151
1632 161
1633 161
1634 147
1635 145
1636 136
1637 134
1638 144
1639 151
1640 136
1641 149
1642 105
1643 140
1644 157
1645 128
1646 136
1647 139
1648 103
1649 156
1650 147
1651 78
1652 134
1653 128
1654 136
1655 134
1656 125
1657 142
1658 153
1659 129
1660 132
1661 131
1662 133
1663 70
1664 138
1665 163
1666 146
1667 61
1668 155
1669 150
1670 61
1671 136
1672 128
1673 141
1674 148
1675 32
1676 135
1677 157
1678 40
1679 135
1680 157
1681 105
1682 139
1683 160
1684 147
1685 144
1686 148
1687 161
1688 128
1689 146
1690 162
1691 163
1692 147
1693 154
1694 144
1695 4
1696 139
1697 147
1698 159
1699 163
1700 132
1701 146
1702 134
1703 152
1704 140
1705 133
1706 140
1707 135
1708 145
1709 155
1710 163
1711 152
1712 153
1713 154
1714 163
1715 160
1716 146
1717 40
1718 139
1719 139
1720 136
1721 131
1722 160
1723 136
1724 152
1725 131
1726 159
1727 59
1728 150
1729 63
1730 144
1731 161
1732 139
1733 160
1734 133
1735 140
1736 140
1737 146
1738 146
1739 157
1740 154
1741 161
1742 131
1743 87
1744 161
1745 144
1746 141
1747 157
1748 147
1749 64
1750 147
1751 90
1752 157
1753 144
1754 133
1755 150
1756 159
1757 150
1758 136
1759 139
1760 162
1761 163
1762 4
1763 144
1764 157
1765 163
1766 150
1767 66
1768 128
1769 146
1770 39
1771 139
1772 148
1773 7
1774 146
1775 154
1776 149
1777 143
1778 70
1779 67
1780 148
1781 140
1782 155
1783 150
1784 139
1785 139
1786 137
1787 137
1788 59
1789 144
1790 142
1791 78
1792 134
1793 150
1794 159
1795 146
1796 137
1797 139
1798 161
1799 66
1800 122
1801 161
1802 154
1803 147
1804 156
1805 70
1806 144
1807 71
1808 153
1809 141
1810 160
1811 162
1812 128
1813 163
1814 140
1815 148
1816 147
1817 142
1818 134
1819 135
1820 154
1821 115
1822 146
1823 145
1824 128
1825 142
1826 128
1827 145
1828 136
1829 125
1830 155
1831 136
1832 151
1833 10
1834 147
1835 140
1836 149
1837 134
1838 144
1839 137
1840 153
1841 127
1842 142
1843 159
1844 155
1845 160
1846 120
1847 134
1848 141
1849 157
1850 120
1851 145
1852 131
1853 131
1854 43
1855 136
1856 163
1857 160
1858 154
1859 160
1860 152
1861 144
1862 155
1863 150
1864 147
1865 135
1866 154
1867 132
1868 139
1869 151
1870 149
1871 147
1872 150
1873 135
1874 147
1875 105
1876 160
1877 132
1878 144
1879 147
1880 143
1881 163
1882 136
1883 147
1884 141
1885 146
1886 136
1887 131
1888 157
1889 136
1890 159
1891 81
1892 161
1893 139
1894 136
1895 147
1896 150
1897 143
1898 128
1899 161
1900 95
1901 72
1902 70
1903 153
1904 138
1905 142
1906 131
1907 45
1908 134
1909 134
1910 127
1911 133
1912 134
1913 138
1914 162
1915 148
1916 147
1917 157
1918 144
1919 153
1920 149
1921 142
1922 147
1923 159
1924 140
1925 141
1926 135
1927 146
1928 155
1929 163
1930 157
1931 136
1932 142
1933 150
1934 134
1935 143
1936 147
1937 22
1938 159
1939 154
1940 161
1941 159
1942 127
1943 147
1944 131
1945 135
1946 42
1947 135
1948 33
1949 162
1950 137
1951 142
1952 145
1953 129
1954 141
1955 136
1956 145
1957 144
1958 67
1959 67
1960 146
1961 135
1962 153
1963 161
1964 73
1965 162
1966 139
1967 149
1968 150
1969 150
1970 144
1971 132
1972 76
1973 142
1974 139
1975 154
1976 149
1977 133
1978 153
1979 137
1980 125
1981 163
1982 148
1983 110
1984 139
1985 144
1986 146
1987 153
1988 141
1989 135
1990 147
1991 120
1992 153
1993 46
1994 161
1995 154
1996 157
1997 145
1998 158
1999 131
2000 128
2001 95
2002 157
2003 163
2004 152
2005 151
2006 155
2007 136
2008 38
2009 160
2010 156
2011 157
2012 154
2013 129
2014 105
2015 133
2016 154
2017 149
2018 75
2019 133
2020 144
2021 139
2022 146
2023 142
2024 76
2025 8
2026 77
2027 157
2028 149
2029 159
2030 160
2031 150
2032 136
2033 131
2034 155
2035 133
2036 148
2037 154
2038 141
2039 154
2040 146
2041 160
2042 103
2043 154
2044 125
2045 137
2046 132
2047 163
2048 157
2049 153
2050 160
2051 146
2052 160
2053 155
2054 134
2055 134
2056 157
2057 128
2058 94
2059 139
2060 140
2061 156
2062 134
2063 152
2064 143
2065 137
2066 140
2067 163
2068 131
2069 46
2070 163
2071 135
2072 151
2073 144
2074 131
2075 142
2076 153
2077 160
2078 123
2079 110
2080 146
2081 147
2082 160
2083 153
2084 134
2085 95
2086 153
2087 147
2088 159
2089 150
2090 153
2091 148
2092 160
2093 143
2094 123
2095 139
2096 135
2097 78
2098 149
2099 148
2100 145
2101 141
2102 157
2103 155
2104 127
2105 159
2106 139
2107 157
2108 128
2109 131
2110 149
2111 163
2112 144
2113 163
2114 157
2115 147
2116 162
2117 159
2118 146
2119 133
2120 143
2121 153
2122 151
2123 146
2124 133
2125 144
2126 160
2127 157
2128 148
2129 134
2130 107
2131 145
2132 142
2133 156
2134 153
2135 134
2136 139
2137 159
2138 159
2139 148
2140 148
2141 155
2142 141
2143 134
2144 8
2145 147
2146 146
2147 137
2148 110
2149 148
2150 151
2151 144
2152 153
2153 134
2154 134
2155 133
2156 154
2157 146
2158 154
2159 140
2160 146
2161 145
2162 134
2163 141
2164 161
2165 157
2166 144
2167 139
2168 81
2169 161
2170 139
2171 159
2172 155
2173 141
2174 137
2175 154
2176 144
2177 155
2178 147
2179 161
2180 141
2181 149
2182 137
2183 136
2184 22
2185 155
2186 81
2187 78
2188 160
2189 143
2190 146
2191 138
2192 163
2193 139
2194 155
2195 162
2196 137
2197 159
2198 141
2199 137
2200 146
2201 135
2202 150
2203 134
2204 145
2205 157
2206 146
2207 159
2208 141
2209 139
2210 156
2211 146
2212 45
2213 135
2214 149
2215 143
2216 150
2217 78
2218 143
2219 105
2220 154
2221 131
2222 144
2223 83
2224 160
2225 139
2226 159
2227 150
2228 131
2229 154
2230 157
2231 149
2232 150
2233 154
2234 139
2235 95
2236 145
2237 133
2238 157
2239 152
2240 138
2241 150
2242 150
2243 155
2244 151
2245 153
2246 145
2247 154
2248 134
2249 139
2250 135
2251 151
2252 147
2253 148
2254 143
2255 131
2256 161
2257 163
2258 145
2259 163
2260 155
2261 151
2262 105
2263 141
2264 84
2265 115
2266 158
2267 148
2268 139
2269 146
2270 95
2271 162
2272 153
2273 155
2274 150
2275 140
2276 159
2277 107
2278 153
2279 154
2280 155
2281 97
2282 147
2283 156
2284 147
2285 147
2286 136
2287 91
2288 33
2289 157
2290 127
2291 160
2292 81
2293 154
2294 142
2295 153
2296 147
2297 152
2298 133
2299 127
2300 147
2301 148
2302 160
2303 139
2304 86
2305 127
2306 131
2307 145
2308 158
2309 155
2310 145
2311 157
2312 158
2313 135
2314 136
2315 132
2316 129
2317 137
2318 139
2319 149
2320 142
2321 141
2322 147
2323 152
2324 134
2325 155
2326 145
2327 133
2328 159
2329 137
2330 143
2331 139
2332 145
2333 87
2334 88
2335 162
2336 134
2337 155
2338 147
2339 162
2340 142
2341 39
2342 142
2343 150
2344 157
2345 131
2346 144
2347 147
2348 150
2349 83
2350 130
2351 155
2352 139
2353 157
2354 156
2355 136
2356 131
2357 147
2358 154
2359 140
2360 133
2361 161
2362 147
2363 161
2364 133
2365 136
2366 154
2367 153
2368 141
2369 160
2370 146
2371 160
2372 163
2373 145
2374 139
2375 152
2376 155
2377 156
2378 141
2379 144
2380 148
2381 127
2382 162
2383 154
2384 160
2385 147
2386 157
2387 133
2388 89
2389 149
2390 143
2391 141
2392 147
2393 43
2394 139
2395 155
2396 160
2397 155
2398 161
2399 161
2400 142
2401 123
2402 131
2403 163
2404 163
2405 131
2406 145
2407 159
2408 132
2409 131
2410 139
2411 148
2412 136
2413 161
2414 154
2415 162
2416 135
2417 90
2418 146
2419 148
2420 163
2421 139
2422 160
2423 158
2424 146
2425 157
2426 149
2427 140
2428 163
2429 91
2430 138
2431 136
2432 143
2433 163
2434 127
2435 155
2436 123
2437 139
2438 157
2439 131
2440 157
2441 155
2442 128
2443 148
2444 153
2445 142
2446 159
2447 157
2448 155
2449 149
2450 136
2451 83
2452 150
2453 149
2454 143
2455 151
2456 137
2457 33
2458 162
2459 149
2460 162
2461 139
2462 141
2463 160
2464 154
2465 160
2466 160
2467 144
2468 155
2469 147
2470 160
2471 153
2472 145
2473 136
2474 152
2475 155
2476 150
2477 149
2478 136
2479 147
2480 92
2481 155
2482 159
2483 135
2484 39
2485 149
2486 153
2487 139
2488 146
2489 142
2490 154
2491 134
2492 135
2493 159
2494 147
2495 153
2496 157
2497 152
2498 154
2499 163
2500 43
2501 70
2502 149
2503 162
2504 149
2505 140
2506 140
2507 134
2508 161
2509 145
2510 156
2511 127
2512 149
2513 145
2514 142
2515 137
2516 151
2517 147
2518 155
2519 155
2520 147
2521 136
2522 149
2523 140
2524 157
2525 136
2526 148
2527 159
2528 32
2529 141
2530 163
2531 160
2532 136
2533 149
2534 94
2535 157
2536 146
2537 142
2538 143
2539 133
2540 162
2541 148
2542 151
2543 59
2544 153
2545 82
2546 135
2547 154
2548 151
2549 155
2550 161
2551 140
2552 133
2553 149
2554 136
2555 135
2556 148
2557 155
2558 139
2559 159
2560 161
2561 162
2562 149
2563 161
2564 144
2565 136
2566 147
2567 158
2568 149
2569 155
2570 137
2571 133
2572 133
2573 139
2574 163
2575 161
2576 155
2577 162
2578 145
2579 149
2580 135
2581 155
2582 157
2583 94
2584 145
2585 146
2586 138
2587 156
2588 150
2589 146
2590 155
2591 134
2592 96
2593 145
2594 147
2595 133
2596 97
2597 144
2598 140
2599 133
2600 149
2601 30
2602 153
2603 147
2604 156
2605 162
2606 156
2607 138
2608 145
2609 135
2610 137
2611 146
2612 150
2613 140
2614 155
2615 142
2616 161
2617 159
2618 132
2619 147
2620 145
2621 160
2622 157
2623 162
2624 140
2625 142
2626 160
2627 144
2628 150
2629 160
2630 123
2631 145
2632 98
2633 133
2634 160
2635 136
2636 137
2637 154
2638 150
2639 142
2640 45
2641 142
2642 161
2643 148
2644 140
2645 90
2646 136
2647 156
2648 150
2649 158
2650 120
2651 150
2652 148
2653 155
2654 149
2655 146
2656 161
2657 139
2658 139
2659 134
2660 154
2661 131
2662 155
2663 161
2664 146
2665 154
2666 59
2667 146
2668 140
2669 157
2670 153
2671 142
2672 143
2673 149
2674 142
2675 99
2676 137
2677 142
2678 143
2679 162
2680 76
2681 152
2682 141
2683 150
2684 139
2685 146
2686 149
2687 127
2688 155
2689 136
2690 146
2691 128
2692 141
2693 100
2694 147
2695 83
2696 162
2697 161
2698 156
2699 152
2700 128
2701 131
2702 141
2703 143
2704 134
2705 135
2706 155
2707 125
2708 145
2709 159
2710 144
2711 145
2712 143
2713 151
2714 148
2715 140
2716 140
2717 157
2718 136
2719 154
2720 141
2721 145
2722 149
2723 161
2724 136
2725 150
2726 107
2727 140
2728 154
2729 146
2730 115
2731 143
2732 156
2733 148
2734 115
2735 157
2736 153
2737 67
2738 149
2739 151
2740 144
2741 155
2742 145
2743 133
2744 155
2745 146
2746 154
2747 52
2748 148
2749 135
2750 142
2751 155
2752 155
2753 149
2754 150
2755 110
2756 151
2757 147
2758 45
2759 144
2760 146
2761 140
2762 94
2763 101
2764 154
2765 154
2766 136
2767 134
2768 152
2769 61
2770 134
2771 143
2772 155
2773 133
2774 149
2775 155
2776 161
2777 140
2778 160
2779 139
2780 142
2781 149
2782 141
2783 133
2784 143
2785 147
2786 150
2787 144
2788 103
2789 10
2790 131
2791 140
2792 140
2793 160
2794 141
2795 147
2796 156
2797 136
2798 141
2799 154
2800 146
2801 129
2802 131
2803 159
2804 154
2805 131
2806 131
2807 139
2808 148
2809 144
2810 145
2811 142
2812 144
2813 163
2814 149
2815 161
2816 149
2817 142
2818 91
2819 146
2820 150
2821 142
2822 147
2823 142
2824 161
2825 140
2826 149
2827 66
2828 103
2829 139
2830 154
2831 148
2832 151
2833 160
2834 131
2835 148
2836 133
2837 162
2838 155
2839 143
2840 161
2841 59
2842 139
2843 148
2844 157
2845 160
2846 143
2847 154
2848 151
2849 33
2850 127
2851 137
2852 144
2853 144
2854 143
2855 143
2856 104
2857 148
2858 154
2859 147
2860 161
2861 139
2862 136
2863 160
2864 137
2865 163
2866 122
2867 147
2868 105
2869 161
2870 128
2871 145
2872 137
2873 141
2874 131
2875 163
2876 161
2877 139
2878 155
2879 144
2880 148
2881 38
2882 162
2883 145
2884 163
2885 131
2886 139
2887 140
2888 152
2889 136
2890 143
2891 157
2892 158
2893 133
2894 133
2895 147
2896 145
2897 150
2898 161
2899 150
2900 129
2901 155
2902 162
2903 136
2904 139
2905 140
2906 155
2907 163
2908 123
2909 137
2910 148
2911 132
2912 147
2913 152
2914 152
2915 134
2916 151
2917 151
2918 160
2919 123
2920 135
2921 161
2922 151
2923 137
2924 131
2925 151
2926 145
2927 150
2928 33
2929 148
2930 162
2931 136
2932 139
2933 135
2934 149
2935 154
2936 152
2937 153
2938 139
2939 90
2940 162
2941 147
2942 135
2943 147
2944 144
2945 146
2946 148
2947 136
2948 162
2949 136
2950 163
2951 127
2952 128
2953 151
2954 133
2955 145
2956 149
2957 155
2958 144
2959 153
2960 141
2961 150
2962 127
2963 144
2964 145
2965 139
2966 137
2967 105
2968 157
2969 151
2970 143
2971 140
2972 154
2973 91
2974 134
2975 148
2976 147
2977 160
2978 157
2979 153
2980 157
2981 161
2982 139
2983 150
2984 138
2985 143
2986 158
2987 107
2988 157
2989 149
2990 156
2991 145
2992 145
2993 148
2994 139
2995 110
2996 159
2997 143
2998 159
2999 154
3000 139
3001 145
3002 155
3003 146
3004 159
3005 140
3006 137
3007 133
3008 127
3009 159
3010 141
3011 160
3012 136
3013 139
3014 145
3015 161
3016 153
3017 146
3018 157
3019 139
3020 150
3021 134
3022 135
3023 131
3024 146
3025 123
3026 157
3027 131
3028 127
3029 147
3030 159
3031 146
3032 133
3033 155
3034 133
3035 144
3036 143
3037 162
3038 127
3039 139
3040 140
3041 146
3042 148
3043 160
3044 85
3045 128
3046 145
3047 128
3048 144
3049 45
3050 148
3051 148
3052 159
3053 110
3054 145
3055 152
3056 128
3057 140
3058 163
3059 157
3060 143
3061 143
3062 141
3063 136
3064 144
3065 157
3066 151
3067 146
3068 145
3069 155
3070 154
3071 91
3072 150
3073 128
3074 155
3075 154
3076 147
3077 153
3078 141
3079 42
3080 139
3081 161
3082 163
3083 123
3084 139
3085 140
3086 135
3087 129
3088 155
3089 147
3090 142
3091 143
3092 159
3093 154
3094 115
3095 160
3096 144
3097 136
3098 155
3099 128
3100 159
3101 157
3102 156
3103 128
3104 163
3105 103
3106 156
3107 151
3108 155
3109 145
3110 127
3111 145
3112 146
3113 105
3114 144
3115 133
3116 149
3117 136
3118 157
3119 161
3120 155
3121 162
3122 147
3123 136
3124 142
3125 145
3126 154
3127 147
3128 160
3129 140
3130 141
3131 157
3132 132
3133 157
3134 134
3135 83
3136 160
3137 134
3138 135
3139 155
3140 142
3141 70
3142 159
3143 115
3144 147
3145 147
3146 137
3147 134
3148 156
3149 135
3150 139
3151 140
3152 155
3153 147
3154 147
3155 153
3156 149
3157 139
3158 115
3159 154
3160 146
3161 159
3162 148
3163 136
3164 137
3165 159
3166 136
3167 139
3168 154
3169 145
3170 146
3171 150
3172 131
3173 155
3174 136
3175 133
3176 148
3177 146
3178 147
3179 157
3180 154
3181 148
3182 134
3183 139
3184 163
3185 150
3186 154
3187 154
3188 157
3189 83
3190 159
3191 159
3192 146
3193 149
3194 143
3195 145
3196 141
3197 131
3198 151
3199 153
3200 76
3201 42
3202 154
3203 155
3204 67
3205 149
3206 147
3207 137
3208 139
3209 156
3210 128
3211 94
3212 136
3213 148
3214 161
3215 131
3216 139
3217 141
3218 146
3219 147
3220 149
3221 155
3222 149
3223 137
3224 141
3225 160
3226 162
3227 144
3228 139
3229 131
3230 76
3231 160
3232 154
3233 137
3234 146
3235 136
3236 81
3237 145
3238 127
3239 154
3240 67
3241 140
3242 131
3243 141
3244 161
3245 138
3246 142
3247 163
3248 127
3249 143
3250 161
3251 137
3252 137
3253 144
3254 163
3255 161
3256 140
3257 150
3258 140
3259 144
3260 149
3261 148
3262 108
3263 141
3264 131
3265 151
3266 143
3267 140
3268 131
3269 146
3270 131
3271 128
3272 141
3273 136
3274 147
3275 105
3276 161
3277 131
3278 132
3279 147
3280 125
3281 135
3282 131
3283 146
3284 139
3285 139
3286 163
3287 129
3288 149
3289 134
3290 59
3291 159
3292 143
3293 134
3294 147
3295 150
3296 144
3297 154
3298 146
3299 133
3300 140
3301 136
3302 150
3303 141
3304 142
3305 136
3306 152
3307 147
3308 142
3309 156
3310 153
3311 109
3312 144
3313 152
3314 159
3315 155
3316 147
3317 144
3318 150
3319 152
3320 152
3321 76
3322 140
3323 144
3324 157
3325 160
3326 133
3327 123
3328 123
3329 139
3330 150
3331 144
3332 134
3333 136
3334 147
3335 110
3336 138
3337 141
3338 145
3339 145
3340 136
3341 144
3342 155
3343 149
3344 156
3345 156
3346 61
3347 151
3348 145
3349 135
3350 157
3351 139
3352 158
3353 144
3354 141
3355 139
3356 127
3357 148
3358 150
3359 147
3360 140
3361 147
3362 155
3363 147
3364 143
3365 149
3366 160
3367 139
3368 140
3369 162
3370 159
3371 139
3372 87
3373 140
3374 141
3375 128
3376 160
3377 147
3378 151
3379 159
3380 93
3381 144
3382 147
3383 155
3384 140
3385 144
3386 129
3387 161
3388 139
3389 154
3390 139
3391 144
3392 137
3393 150
3394 141
3395 141
3396 149
3397 146
3398 163
3399 142
3400 152
3401 111
3402 91
3403 144
3404 161
3405 147
3406 87
3407 123
3408 136
3409 157
3410 97
3411 107
3412 134
3413 134
3414 152
3415 152
3416 138
3417 157
3418 146
3419 67
3420 131
3421 141
3422 135
3423 154
3424 131
3425 151
3426 150
3427 145
3428 149
3429 141
3430 150
3431 134
3432 160
3433 148
3434 147
3435 146
3436 146
3437 144
3438 155
3439 154
3440 149
3441 131
3442 160
3443 138
3444 161
3445 141
3446 131
3447 145
3448 144
3449 145
3450 146
3451 136
3452 112
3453 142
3454 113
3455 137
3456 142
3457 137
3458 142
3459 142
3460 142
3461 140
3462 145
3463 161
3464 137
3465 159
3466 146
3467 150
3468 160
3469 146
3470 134
3471 66
3472 151
3473 157
3474 128
3475 144
3476 144
3477 134
3478 154
3479 145
3480 131
3481 157
3482 133
3483 150
3484 140
3485 60
3486 144
3487 147
3488 156
3489 128
3490 87
3491 148
3492 146
3493 125
3494 154
3495 133
3496 127
3497 136
3498 149
3499 146
3500 131
3501 156
3502 139
3503 128
3504 140
3505 70
3506 110
3507 150
3508 137
3509 159
3510 150
3511 147
3512 105
3513 76
3514 152
3515 149
3516 141
3517 148
3518 147
3519 139
3520 137
3521 163
3522 156
3523 141
3524 115
3525 145
3526 150
3527 140
3528 140
3529 40
3530 134
3531 135
3532 158
3533 144
3534 147
3535 125
3536 159
3537 141
3538 139
3539 154
3540 148
3541 148
3542 149
3543 139
3544 135
3545 163
3546 149
3547 160
3548 159
3549 103
3550 129
3551 149
3552 157
3553 123
3554 162
3555 157
3556 159
3557 136
3558 148
3559 159
3560 139
3561 140
3562 159
3563 159
3564 157
3565 163
3566 160
3567 155
3568 147
3569 133
3570 32
3571 160
3572 149
3573 157
3574 131
3575 147
3576 131
3577 131
3578 146
3579 154
3580 139
3581 153
3582 151
3583 151
3584 160
3585 146
3586 132
3587 144
3588 140
3589 161
3590 139
3591 146
3592 123
3593 132
3594 131
3595 131
3596 154
3597 59
3598 153
3599 148
3600 150
3601 150
3602 136
3603 154
3604 153
3605 163
3606 154
3607 120
3608 153
3609 154
3610 136
3611 157
3612 128
3613 157
3614 158
3615 159
3616 147
3617 152
3618 131
3619 141
3620 136
3621 147
3622 160
3623 141
3624 139
3625 95
3626 146
3627 160
3628 139
3629 150
3630 133
3631 135
3632 162
3633 140
3634 161
3635 159
3636 161
3637 157
3638 91
3639 128
3640 148
3641 87
3642 140
3643 122
3644 157
3645 143
3646 131
3647 91
3648 136
3649 160
3650 66
3651 135
3652 148
3653 134
3654 157
3655 115
3656 135
3657 157
3658 131
3659 122
3660 157
3661 81
3662 159
3663 160
3664 131
3665 134
3666 158
3667 144
3668 150
3669 159
3670 128
3671 155
3672 153
3673 159
3674 146
3675 133
3676 129
3677 155
3678 155
3679 139
3680 136
3681 134
3682 156
3683 152
3684 125
3685 156
3686 155
3687 157
3688 159
3689 148
3690 155
3691 144
3692 154
3693 149
3694 120
3695 139
3696 151
3697 155
3698 147
3699 152
3700 160
3701 135
3702 116
3703 163
3704 139
3705 152
3706 150
3707 133
3708 151
3709 139
3710 156
3711 159
3712 152
3713 131
3714 143
3715 155
3716 161
3717 153
3718 105
3719 150
3720 150
3721 87
3722 145
3723 139
3724 128
3725 135
3726 135
3727 117
3728 135
3729 115
3730 163
3731 154
3732 155
3733 128
3734 125
3735 147
3736 160
3737 160
3738 147
3739 103
3740 161
3741 147
3742 119
3743 153
3744 140
3745 140
3746 123
3747 153
3748 163
3749 151
3750 148
3751 123
3752 159
3753 146
3754 40
3755 122
3756 163
3757 107
3758 136
3759 137
3760 127
3761 159
3762 59
3763 146
3764 141
3765 146
3766 148
3767 140
3768 143
3769 160
3770 105
3771 144
3772 132
3773 135
3774 154
3775 134
3776 148
3777 135
3778 149
3779 144
3780 122
3781 163
3782 131
3783 132
3784 142
3785 147
3786 145
3787 149
3788 131
3789 141
3790 151
3791 140
3792 160
3793 147
3794 129
3795 148
3796 157
3797 120
3798 95
3799 132
3800 144
3801 154
3802 140
3803 163
3804 147
3805 128
3806 140
3807 145
3808 143
3809 131
3810 157
3811 160
3812 136
3813 141
3814 140
3815 90
3816 97
3817 131
3818 151
3819 136
3820 159
3821 140
3822 123
3823 136
3824 154
3825 140
3826 125
3827 163
3828 137
3829 133
3830 144
3831 144
3832 142
3833 138
3834 122
3835 139
3836 155
3837 154
3838 147
3839 154
3840 128
3841 142
3842 134
3843 152
3844 148
3845 144
3846 151
3847 147
3848 151
3849 60
3850 141
3851 148
3852 141
3853 142
3854 133
3855 78
3856 155
3857 160
3858 43
3859 163
3860 148
3861 143
3862 149
3863 153
3864 163
3865 160
3866 127
3867 105
3868 160
3869 150
3870 105
3871 145
3872 141
3873 133
3874 148
3875 162
3876 63
3877 159
3878 163
3879 147
3880 154
3881 148
3882 143
3883 83
3884 143
3885 144
3886 155
3887 145
3888 120
3889 142
3890 147
3891 152
3892 153
3893 90
3894 146
3895 147
3896 155
3897 139
3898 144
3899 148
3900 146
3901 163
3902 147
3903 143
3904 147
3905 159
3906 136
3907 147
3908 148
3909 150
3910 142
3911 147
3912 123
3913 152
3914 163
3915 140
3916 137
3917 128
3918 136
3919 155
3920 139
3921 142
3922 161
3923 139
3924 157
3925 140
3926 143
3927 159
3928 148
3929 150
3930 159
3931 135
3932 97
3933 136
3934 152
3935 146
3936 147
3937 142
3938 162
3939 141
3940 159
3941 136
3942 130
3943 163
3944 147
3945 138
3946 145
3947 148
3948 133
3949 146
3950 139
3951 123
3952 155
3953 140
3954 60
3955 157
3956 138
3957 118
3958 163
3959 151
3960 152
3961 146
3962 153
3963 145
3964 163
3965 110
3966 155
3967 136
3968 150
3969 123
3970 141
3971 87
3972 152
3973 138
3974 143
3975 157
3976 128
3977 149
3978 135
3979 150
3980 107
3981 141
3982 160
3983 131
3984 136
3985 127
3986 149
3987 152
3988 160
3989 136
3990 155
3991 97
3992 151
3993 157
3994 160
3995 152
3996 63
3997 139
3998 150
3999 128
4000 122
4001 159
4002 136
4003 146
4004 153
4005 154
4006 145
4007 150
4008 149
4009 131
4010 61
4011 155
4012 146
4013 139
4014 154
4015 151
4016 155
4017 141
4018 149
4019 152
4020 136
4021 153
4022 160
4023 41
4024 161
4025 145
4026 152
4027 142
4028 141
4029 131
4030 153
4031 142
4032 144
4033 144
4034 144
4035 122
4036 155
4037 162
4038 131
4039 157
4040 135
4041 149
4042 152
4043 157
4044 157
4045 162
4046 162
4047 160
4048 143
4049 147
4050 30
4051 155
4052 133
4053 140
4054 128
4055 159
4056 147
4057 136
4058 154
4059 123
4060 145
4061 134
4062 148
4063 137
4064 131
4065 155
4066 69
4067 146
4068 133
4069 157
4070 131
4071 137
4072 136
4073 123
4074 151
4075 33
4076 147
4077 139
4078 141
4079 150
4080 153
4081 81
4082 59
4083 161
4084 146
4085 142
4086 144
4087 157
4088 133
4089 62
4090 148
4091 159
4092 152
4093 153
4094 155
4095 147
4096 149
4097 163
4098 157
4099 146
4100 131
4101 155
4102 163
4103 141
4104 150
4105 161
4106 149
4107 158
4108 156
4109 141
4110 95
4111 140
4112 133
4113 141
4114 141
4115 147
4116 128
4117 131
4118 105
4119 140
4120 139
4121 144
4122 163
4123 146
4124 134
4125 139
4126 160
4127 146
4128 151
4129 163
4130 140
4131 141
4132 159
4133 148
4134 161
4135 146
4136 142
4137 131
4138 127
4139 129
4140 140
4141 146
4142 144
4143 140
4144 147
4145 154
4146 151
4147 141
4148 137
4149 129
4150 141
4151 141
4152 81
4153 149
4154 161
4155 133
4156 134
4157 150
4158 143
4159 153
4160 145
4161 134
4162 161
4163 145
4164 147
4165 142
4166 160
4167 131
4168 156
4169 150
4170 110
4171 155
4172 146
4173 162
4174 133
4175 141
4176 152
4177 141
4178 132
4179 136
4180 146
4181 145
4182 151
4183 133
4184 131
4185 149
4186 160
4187 131
4188 70
4189 135
4190 134
4191 160
4192 147
4193 135
4194 148
4195 140
4196 157
4197 161
4198 159
4199 129
4200 154
4201 155
4202 147
4203 157
4204 140
4205 136
4206 134
4207 162
4208 97
4209 163
4210 150
4211 147
4212 134
4213 138
4214 143
4215 136
4216 133
4217 133
4218 133
4219 159
4220 142
4221 143
4222 134
4223 154
4224 144
4225 137
4226 152
4227 153
4228 131
4229 128
4230 95
4231 124
4232 159
4233 148
4234 143
4235 159
4236 137
4237 148
4238 146
4239 145
4240 163
4241 148
4242 95
4243 163
4244 144
4245 151
4246 145
4247 159
4248 91
4249 125
4250 161
4251 155
4252 144
4253 149
4254 148
4255 132
4256 144
4257 128
4258 160
4259 159
4260 145
4261 153
4262 94
4263 135
4264 127
4265 144
4266 150
4267 152
4268 131
4269 131
4270 107
4271 148
4272 115
4273 145
4274 157
4275 145
4276 151
4277 131
4278 158
4279 120
4280 145
4281 135
4282 151
4283 134
4284 163
4285 133
4286 159
4287 133
4288 149
4289 139
4290 155
4291 149
4292 157
4293 151
4294 131
4295 144
4296 131
4297 155
4298 133
4299 155
4300 141
4301 151
4302 140
4303 159
4304 144
4305 139
4306 149
4307 154
4308 140
4309 150
4310 151
4311 139
4312 127
4313 120
4314 155
4315 134
4316 60
4317 134
4318 162
4319 63
4320 115
4321 140
4322 147
4323 97
4324 161
4325 144
4326 160
4327 148
4328 66
4329 139
4330 137
4331 162
4332 146
4333 162
4334 141
4335 143
4336 156
4337 139
4338 128
4339 131
4340 121
4341 150
4342 153
4343 154
4344 141
4345 81
4346 131
4347 148
4348 45
4349 157
4350 149
4351 152
4352 147
4353 147
4354 131
4355 148
4356 110
4357 148
4358 134
4359 154
4360 161
4361 154
4362 90
4363 123
4364 149
4365 145
4366 157
4367 143
4368 163
4369 147
4370 156
4371 153
4372 136
4373 147
4374 151
4375 107
4376 136
4377 141
4378 146
4379 133
4380 141
4381 145
4382 110
4383 103
4384 144
4385 161
4386 160
4387 149
4388 154
4389 157
4390 150
4391 143
4392 148
4393 150
4394 154
4395 161
4396 132
4397 105
4398 151
4399 151
4400 163
4401 147
4402 157
4403 110
4404 138
4405 60
4406 160
4407 154
4408 145
4409 132
4410 150
4411 162
4412 146
4413 132
4414 61
4415 149
4416 110
4417 128
4418 153
4419 153
4420 160
4421 61
4422 136
4423 128
4424 154
4425 107
4426 23
4427 144
4428 161
4429 139
4430 139
4431 163
4432 139
4433 143
4434 138
4435 145
4436 133
4437 151
4438 153
4439 156
4440 147
4441 161
4442 160
4443 129
4444 131
4445 151
4446 142
4447 159
4448 143
4449 152
4450 163
4451 149
4452 125
4453 137
4454 147
4455 163
4456 128
4457 149
4458 145
4459 150
4460 141
4461 144
4462 133
4463 161
4464 148
4465 150
4466 136
4467 152
4468 126
4469 133
4470 161
4471 159
4472 147
4473 147
4474 163
4475 131
4476 63
4477 161
4478 157
4479 136
4480 154
4481 135
4482 147
4483 110
4484 155
4485 137
4486 145
4487 141
4488 136
4489 66
4490 160
4491 142
4492 153
4493 105
4494 143
4495 159
4496 150
4497 148
4498 132
4499 157
4500 136
4501 144
4502 133
4503 97
4504 140
4505 144
4506 134
4507 150
4508 139
4509 132
4510 159
4511 133
4512 145
4513 161
4514 157
4515 78
4516 155
4517 139
4518 139
4519 157
4520 147
4521 157
4522 94
4523 159
4524 160
4525 139
4526 105
4527 145
4528 162
4529 153
4530 59
4531 148
4532 136
4533 148
4534 155
4535 163
4536 147
4537 160
4538 159
4539 155
4540 161
4541 155
4542 161
4543 148
4544 160
4545 154
4546 134
4547 139
4548 157
4549 150
4550 154
4551 146
4552 144
4553 161
4554 152
4555 94
4556 128
4557 159
4558 83
4559 91
4560 115
4561 131
4562 143
4563 135
4564 97
4565 159
4566 144
4567 150
4568 127
4569 161
4570 139
4571 142
4572 161
4573 147
4574 149
4575 148
4576 157
4577 144
4578 142
4579 139
4580 140
4581 139
4582 161
4583 163
4584 132
4585 149
4586 136
4587 140
4588 145
4589 155
4590 157
4591 147
4592 134
4593 143
4594 159
4595 160
4596 154
4597 144
4598 163
4599 154
4600 161
4601 145
4602 122
4603 157
4604 159
4605 136
4606 125
4607 106
4608 138
4609 151
4610 153
4611 147
4612 163
4613 135
4614 127
4615 144
4616 154
4617 148
4618 147
4619 163
4620 155
4621 141
4622 140
4623 156
4624 30
4625 150
4626 157
4627 155
4628 157
4629 103
4630 154
4631 129
4632 145
4633 145
4634 145
4635 131
4636 157
4637 131
4638 136
4639 144
4640 149
4641 63
4642 139
4643 150
4644 132
4645 157
4646 133
4647 141
4648 140
4649 130
4650 138
4651 146
4652 147
4653 110
4654 160
4655 134
4656 151
4657 147
4658 158
4659 63
4660 91
4661 136
4662 157
4663 149
4664 147
4665 160
4666 157
4667 160
4668 131
4669 123
4670 146
4671 139
4672 154
4673 156
4674 127
4675 153
4676 145
4677 146
4678 140
4679 162
4680 155
4681 152
4682 145
4683 150
4684 122
4685 159
4686 136
4687 122
4688 136
4689 150
4690 160
4691 144
4692 147
4693 149
4694 127
4695 161
4696 157
4697 141
4698 145
4699 141
4700 95
4701 162
4702 153
4703 154
4704 163
4705 61
4706 145
4707 136
4708 122
4709 141
4710 147
4711 141
4712 131
4713 131
4714 153
4715 145
4716 150
4717 156
4718 59
4719 147
4720 161
4721 150
4722 162
4723 155
4724 132
4725 163
4726 160
4727 150
4728 131
4729 154
4730 160
4731 155
4732 149
4733 162
4734 137
4735 153
4736 149
4737 159
4738 134
4739 155
4740 150
4741 139
4742 155
4743 147
4744 155
4745 135
4746 154
4747 133
4748 147
4749 146
4750 97
4751 144
4752 159
4753 152
4754 149
4755 137
4756 159
4757 133
4758 144
4759 149
4760 156
4761 136
4762 145
4763 160
4764 134
4765 131
4766 150
4767 157
4768 163
4769 136
4770 162
4771 163
4772 142
4773 144
4774 160
4775 133
4776 61
4777 157
4778 150
4779 146
4780 157
4781 136
4782 137
4783 140
4784 90
4785 150
4786 134
4787 139
4788 141
4789 139
4790 60
4791 136
4792 107
4793 143
4794 156
4795 149
4796 134
4797 90
4798 137
4799 142
4800 134
4801 150
4802 142
4803 157
4804 127
4805 136
4806 129
4807 149
4808 141
4809 157
4810 154
4811 152
4812 142
4813 137
4814 90
4815 139
4816 142
4817 150
4818 146
4819 149
4820 139
4821 80
4822 154
4823 163
4824 152
4825 153
4826 136
4827 154
4828 145
4829 148
4830 132
4831 161
4832 146
4833 157
4834 151
4835 137
4836 135
4837 163
4838 155
4839 149
4840 139
4841 137
4842 146
4843 155
4844 155
4845 151
4846 137
4847 162
4848 163
4849 140
4850 159
4851 140
4852 155
4853 145
4854 147
4855 139
4856 149
4857 146
4858 155
4859 133
4860 149
4861 149
4862 146
4863 135
4864 136
4865 163
4866 122
4867 141
4868 144
4869 133
4870 161
4871 103
4872 154
4873 163
4874 162
4875 153
4876 127
4877 144
4878 105
4879 131
4880 162
4881 160
4882 139
4883 151
4884 154
4885 136
4886 131
4887 160
4888 136
4889 147
4890 158
4891 159
4892 142
4893 163
4894 133
4895 139
4896 154
4897 160
4898 136
4899 149
4900 135
4901 136
4902 136
4903 156
4904 148
4905 150
4906 148
4907 154
4908 147
4909 154
4910 157
4911 81
4912 139
4913 161
4914 136
4915 157
4916 136
4917 150
4918 143
4919 157
4920 150
4921 141
4922 146
4923 163
4924 148
4925 142
4926 153
4927 147
4928 143
4929 156
4930 140
4931 131
4932 160
4933 145
4934 143
4935 162
4936 157
4937 151
4938 152
4939 156
4940 157
4941 150
4942 149
4943 134
4944 59
4945 157
4946 136
4947 159
4948 78
4949 159
4950 150
4951 139
4952 137
4953 150
4954 162
4955 128
4956 128
4957 136
4958 146
4959 157
4960 159
4961 148
4962 134
4963 134
4964 156
4965 163
4966 83
4967 135
4968 154
4969 66
4970 136
4971 95
4972 142
4973 135
4974 129
4975 131
4976 156
4977 127
4978 151
4979 157
4980 137
4981 150
4982 120
4983 154
4984 129
4985 148
4986 157
4987 147
4988 137
4989 148
4990 157
4991 159
4992 161
4993 158
4994 145
4995 136
4996 145
4997 125
4998 154
4999 78
5000 147
5001 146
5002 155
5003 147
5004 141
5005 131
5006 150
5007 162
5008 156
5009 153
5010 141
5011 157
5012 147
5013 153
5014 140
5015 155
5016 159
5017 161
5018 136
5019 136
5020 143
5021 162
5022 159
5023 154
5024 161
5025 157
5026 145
5027 145
5028 145
5029 131
5030 153
5031 110
5032 102
5033 143
5034 128
5035 163
5036 137
5037 147
5038 141
5039 146
5040 152
5041 162
5042 163
5043 144
5044 154
5045 148
5046 149
5047 161
5048 142
5049 136
5050 147
5051 120
5052 160
5053 131
5054 147
5055 150
5056 146
5057 144
5058 129
5059 138
5060 140
5061 145
5062 153
5063 131
5064 138
5065 140
5066 148
5067 144
5068 159
5069 147
5070 160
5071 140
5072 147
5073 142
5074 133
5075 155
5076 142
5077 147
5078 157
5079 144
5080 137
5081 145
5082 151
5083 140
5084 147
5085 147
5086 135
5087 110
5088 160
5089 153
5090 163
5091 125
5092 136
5093 123
5094 140
5095 160
5096 139
5097 157
5098 156
5099 145
5100 147
5101 136
5102 144
5103 145
5104 132
5105 146
5106 153
5107 154
5108 155
5109 144
5110 153
5111 154
5112 150
5113 161
5114 134
5115 159
5116 145
5117 146
5118 163
5119 147
5120 160
5121 105
5122 131
5123 155
5124 161
5125 139
5126 161
5127 157
5128 148
5129 161
5130 153
5131 129
5132 155
5133 150
5134 107
5135 154
5136 67
5137 159
5138 159
5139 147
5140 163
5141 157
5142 159
5143 161
5144 148
5145 159
5146 149
5147 140
5148 61
5149 132
5150 134
5151 140
5152 145
5153 150
5154 134
5155 161
5156 163
5157 154
5158 152
5159 141
5160 136
5161 145
5162 161
5163 137
5164 129
5165 63
5166 155
5167 138
5168 144
5169 152
5170 150
5171 157
5172 149
5173 152
5174 147
5175 149
5176 133
5177 140
5178 147
5179 161
5180 148
5181 140
5182 142
5183 140
5184 144
5185 161
5186 163
5187 159
5188 159
5189 158
5190 131
5191 144
5192 63
5193 145
5194 155
5195 146
5196 152
5197 134
5198 148
5199 134
5200 152
5201 139
5202 153
5203 149
5204 139
5205 139
5206 159
5207 148
5208 145
5209 149
5210 143
5211 139
5212 136
5213 141
5214 160
5215 149
5216 140
5217 136
5218 142
5219 123
5220 151
5221 145
5222 149
5223 157
5224 139
5225 156
5226 139
5227 142
5228 154
5229 147
5230 133
5231 161
5232 140
5233 127
5234 154
5235 141
5236 125
5237 129
5238 154
5239 155
5240 140
5241 159
5242 133
5243 61
5244 136
5245 149
5246 159
5247 142
5248 134
5249 145
5250 137
5251 150
5252 144
5253 139
5254 141
5255 146
5256 141
5257 162
5258 150
5259 153
5260 150
5261 151
5262 131
5263 159
5264 78
5265 131
5266 141
5267 146
5268 153
5269 161
5270 154
5271 135
5272 148
5273 149
5274 144
5275 125
5276 125
5277 147
5278 147
5279 161
5280 141
5281 144
5282 133
5283 133
5284 150
5285 145
5286 144
5287 141
5288 136
5289 149
5290 145
5291 125
5292 135
5293 147
5294 150
5295 135
5296 161
5297 142
5298 142
5299 139
5300 144
5301 140
5302 131
5303 147
5304 148
5305 141
5306 136
5307 153
5308 83
5309 141
5310 146
5311 139
5312 155
5313 145
5314 152
5315 144
5316 154
5317 146
5318 159
5319 152
5320 162
5321 147
5322 159
5323 163
5324 146
5325 154
5326 141
5327 155
5328 161
5329 149
5330 162
5331 147
5332 153
5333 127
5334 60
5335 141
5336 141
5337 68
5338 131
5339 128
5340 151
5341 148
5342 152
5343 150
5344 131
5345 149
5346 154
5347 152
5348 141
5349 148
5350 144
5351 144
5352 133
5353 159
5354 156
5355 48
5356 155
5357 151
5358 156
5359 148
5360 161
5361 138
5362 140
5363 134
5364 140
5365 150
5366 132
5367 163
5368 139
5369 136
5370 139
5371 162
5372 159
5373 141
5374 147
5375 154
5376 146
5377 148
5378 159
5379 123
5380 115
5381 131
5382 158
5383 141
5384 150
5385 149
5386 134
5387 138
5388 162
5389 153
5390 156
5391 144
5392 142
5393 141
5394 133
5395 161
5396 160
5397 144
5398 146
5399 140
5400 123
5401 155
5402 163
5403 160
5404 154
5405 157
5406 157
5407 153
5408 140
5409 155
5410 151
5411 139
5412 143
5413 150
5414 148
5415 161
5416 134
5417 147
5418 150
5419 143
5420 61
5421 136
5422 141
5423 154
5424 162
5425 155
5426 142
5427 151
5428 148
5429 157
5430 139
5431 138
5432 145
5433 139
5434 139
5435 137
5436 153
5437 153
5438 152
5439 147
5440 147
5441 148
5442 128
5443 147
5444 136
5445 148
5446 143
5447 145
5448 136
5449 157
5450 129
5451 150
5452 136
5453 129
5454 144
5455 142
5456 154
5457 115
5458 122
5459 155
5460 161
5461 154
5462 148
5463 143
5464 159
5465 144
5466 143
5467 139
5468 81
5469 142
5470 133
5471 125
5472 150
5473 150
5474 153
5475 151
5476 154
5477 163
5478 163
5479 161
5480 142
5481 143
5482 159
5483 139
5484 147
5485 128
5486 141
5487 146
5488 129
5489 149
5490 150
5491 139
5492 154
5493 160
5494 155
5495 34
5496 143
5497 136
5498 161
5499 105
5500 147
5501 150
5502 162
5503 163
5504 163
5505 149
5506 146
5507 133
5508 147
5509 134
5510 134
5511 144
5512 157
5513 156
5514 132
5515 144
5516 147
5517 133
5518 146
5519 136
5520 147
5521 140
5522 152
5523 136
5524 153
5525 156
5526 154
5527 154
5528 140
5529 142
5530 142
5531 145
5532 146
5533 147
5534 66
5535 134
5536 146
5537 155
5538 145
5539 147
5540 159
5541 161
5542 140
5543 115
5544 151
5545 146
5546 143
5547 150
5548 154
5549 141
5550 161
5551 151
5552 136
5553 147
5554 161
5555 135
5556 133
5557 149
5558 160
5559 153
5560 137
5561 150
5562 70
5563 139
5564 139
5565 141
5566 147
5567 141
5568 136
5569 159
5570 132
5571 158
5572 153
5573 122
5574 129
5575 147
5576 127
5577 127
5578 155
5579 139
5580 144
5581 139
5582 128
5583 155
5584 154
5585 163
5586 160
5587 135
5588 145
5589 145
5590 142
5591 156
5592 141
5593 144
5594 136
5595 140
5596 159
5597 136
5598 159
5599 155
5600 143
5601 139
5602 145
5603 131
5604 127
5605 159
5606 128
5607 154
5608 139
5609 128
5610 152
5611 157
5612 157
5613 70
5614 151
5615 159
5616 136
5617 160
5618 143
5619 139
5620 154
5621 144
5622 160
5623 160
5624 136
5625 128
5626 150
5627 140
5628 148
5629 145
5630 152
5631 133
5632 103
5633 154
5634 141
5635 145
5636 149
5637 134
5638 136
5639 141
5640 159
5641 144
5642 148
5643 143
5644 155
5645 152
5646 147
5647 151
5648 136
5649 157
5650 134
5651 163
5652 154
5653 122
5654 136
5655 148
5656 149
5657 149
5658 136
5659 154
5660 154
5661 159
5662 146
5663 150
5664 149
5665 147
5666 149
5667 159
5668 128
5669 145
5670 159
5671 149
5672 127
5673 160
5674 139
5675 160
5676 150
5677 127
5678 144
5679 131
5680 136
5681 161
5682 133
5683 133
5684 145
5685 153
5686 156
5687 163
5688 105
5689 163
5690 157
5691 142
5692 154
5693 144
5694 131
5695 161
5696 154
5697 157
5698 139
5699 140
5700 161
5701 155
5702 120
5703 147
5704 163
5705 160
5706 153
5707 136
5708 148
5709 146
5710 141
5711 155
5712 139
5713 157
5714 163
5715 78
5716 136
5717 146
5718 95
5719 152
5720 162
5721 123
5722 143
5723 144
5724 145
5725 160
5726 135
5727 145
5728 142
5729 149
5730 150
5731 147
5732 153
5733 152
5734 151
5735 141
5736 163
5737 146
5738 162
5739 149
5740 162
5741 107
5742 136
5743 144
5744 159
5745 120
5746 149
5747 136
5748 139
5749 143
5750 161
5751 162
5752 137
5753 151
5754 141
5755 154
5756 151
5757 148
5758 148
5759 161
5760 147
5761 159
5762 147
5763 136
5764 163
5765 131
5766 131
5767 154
5768 131
5769 133
5770 161
5771 149
5772 140
5773 146
5774 143
5775 145
5776 153
5777 131
5778 145
5779 162
5780 139
5781 133
5782 136
5783 134
5784 154
5785 133
5786 114
5787 159
5788 141
5789 155
5790 160
5791 160
5792 147
5793 136
5794 140
5795 156
5796 150
5797 133
5798 131
5799 138
5800 145
5801 136
5802 148
5803 131
5804 146
5805 123
5806 141
5807 139
5808 149
5809 137
5810 152
5811 149
5812 58
5813 150
5814 144
5815 155
5816 160
5817 127
5818 151
5819 122
5820 154
5821 161
5822 150
5823 91
5824 123
5825 153
5826 147
5827 145
5828 149
5829 154
5830 148
5831 146
5832 163
5833 163
5834 156
5835 134
5836 147
5837 146
5838 142
5839 156
5840 136
5841 159
5842 161
5843 128
5844 97
5845 131
5846 149
5847 150
5848 161
5849 148
5850 141
5851 161
5852 159
5853 160
5854 139
5855 148
5856 143
5857 151
5858 136
5859 157
5860 149
5861 156
5862 127
5863 146
5864 147
5865 78
5866 122
5867 150
5868 120
5869 105
5870 146
5871 161
5872 147
5873 91
5874 139
5875 145
5876 152
5877 154
5878 162
5879 136
5880 103
5881 146
5882 143
5883 136
5884 122
5885 127
5886 135
5887 147
5888 156
5889 163
5890 156
5891 157
5892 144
5893 133
5894 148
5895 137
5896 149
5897 163
5898 153
5899 152
5900 131
5901 144
5902 158
5903 137
5904 148
5905 105
5906 158
5907 60
5908 139
5909 133
5910 147
5911 162
5912 136
5913 160
5914 141
5915 148
5916 156
5917 152
5918 133
5919 141
5920 154
5921 105
5922 154
5923 154
5924 146
5925 160
5926 129
5927 150
5928 145
5929 152
5930 147
5931 136
5932 143
5933 159
5934 145
5935 155
5936 136
5937 134
5938 120
5939 140
5940 107
5941 0
5942 149
5943 150
5944 136
5945 148
5946 153
5947 160
5948 25
5949 147
5950 137
5951 152
5952 144
5953 146
5954 149
5955 149
5956 133
5957 83
5958 149
5959 149
5960 155
5961 144
5962 148
5963 136
5964 140
5965 152
5966 152
5967 154
5968 154
5969 152
5970 141
5971 135
5972 131
5973 131
5974 143
5975 154
5976 105
5977 136
5978 154
5979 139
5980 151
5981 134
5982 154
5983 143
5984 142
5985 139
5986 136
5987 134
5988 154
5989 146
5990 159
5991 145
5992 155
5993 154
5994 157
5995 151
5996 163
5997 140
5998 131
5999 155
6000 146
6001 147
6002 146
6003 155
6004 128
6005 158
6006 155
6007 151
6008 97
6009 142
6010 128
6011 131
6012 143
6013 163
6014 163
6015 136
6016 144
6017 162
6018 154
6019 155
6020 161
6021 131
6022 161
6023 137
6024 148
6025 157
6026 128
6027 161
6028 145
6029 155
6030 155
6031 137
6032 161
6033 125
6034 134
6035 139
6036 161
6037 137
6038 159
6039 139
6040 136
6041 140
6042 157
6043 97
6044 131
6045 163
6046 149
6047 147
6048 155
6049 147
6050 150
6051 154
6052 128
6053 134
6054 139
6055 140
6056 123
6057 139
6058 158
6059 134
6060 154
6061 152
6062 160
6063 161
6064 133
6065 163
6066 155
6067 143
6068 154
6069 142
6070 136
6071 154
6072 156
6073 97
6074 135
6075 146
6076 154
6077 150
6078 131
6079 144
6080 149
6081 149
6082 154
6083 139
6084 143
6085 133
6086 131
6087 157
6088 153
6089 146
6090 159
6091 146
6092 157
6093 143
6094 161
6095 149
6096 139
6097 140
6098 159
6099 163
6100 154
6101 155
6102 157
6103 149
6104 162
6105 143
6106 148
6107 150
6108 145
6109 74
6110 131
6111 157
6112 146
6113 140
6114 162
6115 149
6116 152
6117 127
6118 131
6119 146
6120 157
6121 135
6122 157
6123 147
6124 157
6125 145
6126 135
6127 142
6128 142
6129 152
6130 144
6131 134
6132 129
6133 139
6134 152
6135 141
6136 157
6137 161
6138 105
6139 155
6140 143
6141 142
6142 154
6143 160
6144 160
6145 138
6146 148
6147 149
6148 143
6149 150
6150 134
6151 143
6152 110
6153 161
6154 139
6155 141
6156 137
6157 146
6158 79
6159 141
6160 135
6161 143
6162 139
6163 158
6164 127
6165 51
6166 152
6167 147
6168 136
6169 146
6170 146
6171 144
6172 149
6173 148
6174 162
6175 154
6176 141
6177 140
6178 156
6179 133
6180 139
6181 154
6182 161
6183 136
6184 139
6185 159
6186 97
6187 149
6188 159
6189 127
6190 145
6191 60
6192 115
6193 142
6194 141
6195 142
6196 140
6197 154
6198 152
6199 136
6200 139
6201 129
6202 17
6203 153
6204 147
6205 160
6206 154
6207 134
6208 123
6209 156
6210 145
6211 141
6212 160
6213 91
6214 152
6215 155
6216 132
6217 147
6218 134
6219 120
6220 141
6221 140
6222 152
6223 123
6224 128
6225 141
6226 137
6227 151
6228 157
6229 137
6230 150
6231 149
6232 127
6233 128
6234 139
6235 160
6236 155
6237 156
6238 149
6239 144
6240 144
6241 161
6242 160
6243 156
6244 147
6245 127
6246 140
6247 142
6248 156
6249 153
6250 136
6251 157
6252 134
6253 141
6254 157
6255 150
6256 138
6257 160
6258 149
6259 131
6260 155
6261 151
6262 144
6263 107
6264 131
6265 149
6266 153
6267 159
6268 133
6269 145
6270 144
6271 160
6272 139
6273 137
6274 103
6275 115
6276 157
6277 133
6278 131
6279 128
6280 144
6281 151
6282 95
6283 19
6284 128
6285 152
6286 146
6287 160
6288 133
6289 147
6290 150
6291 157
6292 149
6293 145
6294 133
6295 148
6296 151
6297 140
6298 162
6299 147
6300 161
6301 150
6302 136
6303 136
6304 149
6305 155
6306 161
6307 143
6308 162
6309 133
6310 136
6311 145
6312 141
6313 133
6314 140
6315 123
6316 148
6317 131
6318 137
6319 137
6320 154
6321 140
6322 155
6323 154
6324 149
6325 139
6326 141
6327 144
6328 147
6329 163
6330 142
6331 141
6332 159
6333 154
6334 133
6335 157
6336 162
6337 136
6338 107
6339 128
6340 134
6341 142
6342 154
6343 148
6344 144
6345 140
6346 150
6347 152
6348 150
6349 162
6350 136
6351 155
6352 97
6353 147
6354 155
6355 149
6356 145
6357 136
6358 145
6359 138
6360 115
6361 144
6362 153
6363 161
6364 142
6365 145
6366 157
6367 154
6368 152
6369 135
6370 141
6371 160
6372 162
6373 155
6374 144
6375 163
6376 159
6377 150
6378 91
6379 142
6380 146
6381 163
6382 132
6383 160
6384 149
6385 145
6386 147
6387 95
6388 91
6389 158
6390 154
6391 143
6392 135
6393 146
6394 153
6395 156
6396 153
6397 154
6398 141
6399 145
6400 163
6401 131
6402 110
6403 156
6404 136
6405 158
6406 157
6407 120
6408 148
6409 161
6410 129
6411 150
6412 107
6413 157
6414 157
6415 161
6416 163
6417 139
6418 132
6419 139
6420 149
6421 157
6422 160
6423 131
6424 134
6425 29
6426 154
6427 151
6428 135
6429 140
6430 150
6431 133
6432 159
6433 134
6434 146
6435 145
6436 154
6437 12
6438 157
6439 95
6440 162
6441 149
6442 154
6443 155
6444 128
6445 159
6446 144
6447 139
6448 148
6449 154
6450 133
6451 137
6452 153
6453 148
6454 143
6455 115
6456 133
6457 139
6458 144
6459 147
6460 154
6461 147
6462 145
6463 133
6464 141
6465 145
6466 146
6467 154
6468 150
6469 148
6470 153
6471 162
6472 150
6473 148
6474 159
6475 150
6476 157
6477 156
6478 140
6479 136
6480 162
6481 143
6482 95
6483 146
6484 154
6485 147
6486 103
6487 146
6488 144
6489 143
6490 154
6491 136
6492 136
6493 146
6494 157
6495 131
6496 146
6497 140
6498 141
6499 150
6500 155
6501 160
6502 142
6503 146
6504 154
6505 134
6506 159
6507 128
6508 122
6509 135
6510 142
6511 160
6512 163
6513 129
6514 157
6515 159
6516 144
6517 136
6518 135
6519 144
6520 135
6521 129
6522 27
6523 65
6524 154
6525 159
6526 144
6527 135
6528 141
6529 156
6530 125
6531 132
6532 148
6533 125
6534 159
6535 148
6536 150
6537 144
6538 141
6539 136
6540 145
6541 138
6542 160
6543 139
6544 134
6545 160
6546 147
6547 140
6548 147
6549 157
6550 128
6551 125
6552 139
6553 157
6554 107
6555 133
6556 144
6557 123
6558 139
6559 145
6560 152
6561 154
6562 144
6563 150
6564 137
6565 144
6566 150
6567 149
6568 148
6569 133
6570 152
6571 147
6572 157
6573 150
6574 140
6575 151
6576 144
6577 139
6578 154
6579 134
6580 154
6581 140
6582 155
6583 123
6584 132
6585 154
6586 132
6587 156
6588 131
6589 149
6590 136
6591 136
6592 152
6593 142
6594 127
6595 161
6596 154
6597 142
6598 163
6599 144
6600 147
6601 159
6602 141
6603 158
6604 146
6605 155
6606 136
6607 142
6608 154
6609 158
6610 140
6611 131
6612 147
6613 148
6614 153
6615 135
6616 161
6617 145
6618 136
6619 157
6620 157
6621 144
6622 131
6623 137
6624 145
6625 158
6626 1
6627 159
6628 132
6629 129
6630 144
6631 120
6632 156
6633 140
6634 133
6635 128
6636 154
6637 159
6638 134
6639 161
6640 144
6641 122
6642 154
6643 133
6644 152
6645 163
6646 163
6647 146
6648 149
6649 134
6650 140
6651 133
6652 135
6653 152
6654 136
6655 132
6656 136
6657 143
6658 148
6659 157
6660 147
6661 154
6662 152
6663 157
6664 141
6665 156
6666 150
6667 136
6668 141
6669 159
6670 128
6671 133
6672 159
6673 136
6674 145
6675 160
6676 148
6677 155
6678 157
6679 147
6680 134
6681 148
6682 158
6683 154
6684 147
6685 151
6686 159
6687 151
6688 141
6689 140
6690 145
6691 155
6692 155
6693 161
6694 151
6695 150
6696 9
6697 161
6698 152
6699 163
6700 161
6701 150
6702 147
6703 135
6704 142
6705 142
6706 141
6707 156
6708 159
6709 150
6710 157
6711 153
6712 131
6713 144
6714 161
6715 142
6716 149
6717 139
6718 153
6719 163
6720 125
6721 135
6722 133
6723 144
6724 159
6725 131
6726 141
6727 49
6728 134
6729 141
6730 140
6731 144
6732 155
6733 145
6734 156
6735 140
6736 133
6737 133
6738 152
6739 146
6740 150
6741 143
6742 135
6743 139
6744 145
6745 145
6746 148
6747 152
6748 154
6749 141
6750 110
6751 142
6752 161
6753 128
6754 141
6755 140
6756 146
6757 162
6758 125
6759 138
6760 154
6761 147
6762 136
6763 159
6764 144
6765 147
6766 160
6767 141
6768 145
6769 155
6770 145
6771 137
6772 145
6773 159
6774 136
6775 141
6776 143
6777 133
6778 154
6779 143
6780 160
6781 105
6782 157
6783 158
6784 140
6785 13
6786 139
6787 145
6788 139
6789 145
6790 150
6791 160
6792 129
6793 154
6794 136
6795 137
6796 147
6797 136
6798 131
6799 150
6800 133
6801 136
6802 115
6803 154
6804 147
6805 163
6806 132
6807 137
6808 140
6809 151
6810 152
6811 153
6812 163
6813 157
6814 153
6815 36
6816 136
6817 134
6818 163
6819 149
6820 155
6821 147
6822 147
6823 139
6824 145
6825 163
6826 130
6827 153
6828 147
6829 155
6830 143
6831 134
6832 146
6833 150
6834 135
6835 131
6836 129
6837 131
6838 157
6839 3
6840 162
6841 139
6842 149
6843 154
6844 131
6845 154
6846 149
6847 156
6848 146
6849 133
6850 134
6851 145
6852 127
6853 140
6854 150
6855 163
6856 161
6857 163
6858 157
6859 161
6860 160
6861 142
6862 144
6863 136
6864 156
6865 159
6866 155
6867 155
6868 134
6869 138
6870 135
6871 163
6872 139
6873 144
6874 145
6875 142
6876 134
6877 139
6878 160
6879 149
6880 152
6881 115
6882 148
6883 138
6884 16
6885 162
6886 131
6887 144
6888 146
6889 163
6890 135
6891 149
6892 155
6893 128
6894 147
6895 160
6896 159
6897 129
6898 154
6899 146
6900 145
6901 140
6902 135
6903 140
6904 141
6905 123
6906 134
6907 148
6908 148
6909 153
6910 150
6911 161
6912 152
6913 145
6914 149
6915 156
6916 128
6917 157
6918 145
6919 147
6920 143
6921 145
6922 163
6923 133
6924 147
6925 157
6926 163
6927 141
6928 155
6929 157
6930 147
6931 145
6932 132
6933 159
6934 160
6935 140
6936 162
6937 148
6938 157
6939 133
6940 148
6941 137
6942 152
6943 143
6944 145
6945 142
6946 161
6947 142
6948 134
6949 156
6950 145
6951 2
6952 133
6953 150
6954 145
6955 161
6956 163
6957 162
6958 155
6959 160
6960 156
6961 147
6962 151
6963 142
6964 144
6965 139
6966 145
6967 131
6968 155
6969 135
6970 162
6971 136
6972 139
6973 131
6974 130
6975 160
6976 157
6977 155
6978 141
6979 148
6980 134
6981 161
6982 144
6983 149
6984 139
6985 155
6986 144
6987 131
6988 153
6989 123
6990 145
6991 143
6992 131
6993 154
6994 160
6995 157
6996 137
6997 154
6998 147
6999 136
7000 136
7001 145
7002 145
7003 141
7004 137
7005 144
7006 145
7007 131
7008 141
7009 135
7010 141
7011 20
7012 162
7013 156
7014 140
7015 152
7016 137
7017 157
7018 142
7019 151
7020 150
7021 144
7022 155
7023 136
7024 157
7025 137
7026 110
7027 152
7028 156
7029 125
7030 140
7031 128
7032 159
7033 157
7034 153
7035 139
7036 145
7037 158
7038 150
7039 155
7040 147
7041 133
7042 140
7043 132
7044 128
7045 131
7046 158
7047 163
7048 148
7049 155
7050 159
7051 158
7052 128
7053 132
7054 143
7055 160
7056 141
7057 128
7058 128
7059 137
7060 154
7061 134
7062 138
7063 149
7064 140
7065 130
7066 157
7067 148
7068 159
7069 145
7070 153
7071 134
7072 144
7073 153
7074 157
7075 154
7076 160
7077 145
7078 159
7079 137
7080 141
7081 141
7082 129
7083 135
7084 130
7085 141
7086 153
7087 136
7088 155
7089 162
7090 153
7091 139
7092 131
7093 145
7094 136
7095 139
7096 139
7097 135
7098 151
7099 136
7100 162
7101 148
7102 129
7103 128
7104 159
7105 145
7106 142
7107 139
7108 137
7109 145
7110 139
7111 133
7112 149
7113 156
7114 131
7115 160
7116 152
7117 154
7118 14
7119 163
7120 136
7121 161
7122 139
7123 141
7124 144
7125 156
7126 123
7127 145
7128 143
7129 136
7130 141
7131 21
7132 157
7133 145
7134 134
7135 136
7136 138
7137 153
7138 143
7139 133
7140 157
7141 157
7142 141
7143 133
7144 133
7145 131
7146 157
7147 146
7148 120
7149 137
7150 145
7151 147
7152 153
7153 158
7154 137
7155 159
7156 151
7157 160
7158 155
7159 131
7160 133
7161 136
7162 144
7163 144
7164 152
7165 134
7166 155
7167 146
7168 105
7169 158
7170 162
7171 154
7172 140
7173 161
7174 148
7175 151
7176 144
7177 133
7178 159
7179 148
7180 160
7181 133
7182 140
7183 143
7184 137
7185 155
7186 149
7187 136
7188 138
7189 134
7190 127
7191 159
7192 141
7193 127
7194 146
7195 160
7196 150
7197 148
7198 159
7199 163
7200 147
7201 156
7202 149
7203 142
7204 134
7205 151
7206 134
7207 155
7208 37
7209 150
7210 122
7211 140
7212 138
7213 162
7214 163
7215 154
7216 162
7217 163
7218 137
7219 161
7220 151
7221 139
7222 152
7223 140
7224 137
7225 154
7226 130
7227 136
7228 133
7229 135
7230 146
7231 143
7232 136
7233 149
7234 134
7235 150
7236 120
7237 147
7238 6
7239 150
7240 135
7241 142
7242 127
7243 137
7244 153
7245 154
7246 135
7247 152
7248 147
7249 154
7250 141
7251 155
7252 153
7253 144
7254 136
7255 133
7256 146
7257 149
7258 145
7259 145
7260 146
7261 145
7262 160
7263 146
7264 131
7265 151
7266 136
7267 144
7268 155
7269 150
7270 146
7271 139
7272 161
7273 145
7274 132
7275 146
7276 142
7277 158
7278 148
7279 143
7280 146
7281 139
7282 154
7283 134
7284 141
7285 149
7286 151
7287 151
7288 141
7289 157
7290 163
7291 151
7292 154
7293 148
7294 161
7295 139
7296 163
7297 163
7298 150
7299 150
7300 140
7301 160
7302 136
7303 144
7304 158
7305 137
7306 138
7307 161
7308 155
7309 160
7310 160
7311 137
7312 156
7313 133
7314 123
7315 135
7316 148
7317 159
7318 160
7319 160
7320 127
7321 150
7322 162
7323 132
7324 147
7325 147
7326 147
7327 156
7328 157
7329 147
7330 157
7331 115
7332 123
7333 147
7334 136
7335 147
7336 134
7337 128
7338 134
7339 152
7340 159
7341 147
7342 131
7343 154
7344 127
7345 147
7346 148
7347 146
7348 146
7349 163
7350 160
7351 135
7352 133
7353 159
7354 146
7355 136
7356 152
7357 140
7358 144
7359 129
7360 136
7361 149
7362 144
7363 134
7364 140
7365 148
7366 144
7367 131
7368 157
7369 131
7370 144
7371 145
7372 144
7373 139
7374 156
7375 159
7376 146
7377 144
7378 145
7379 152
7380 148
7381 158
7382 135
7383 143
7384 135
7385 132
7386 155
7387 140
7388 131
7389 154
7390 137
7391 146
7392 147
7393 137
7394 135
7395 160
7396 143
7397 158
7398 157
7399 152
7400 159
7401 139
7402 152
7403 160
7404 154
7405 148
7406 157
7407 145
7408 148
7409 134
7410 135
7411 142
7412 162
7413 115
7414 158
7415 159
7416 156
7417 152
7418 142
7419 140
7420 137
7421 138
7422 146
7423 151
7424 142
7425 131
7426 156
7427 152
7428 155
7429 157
7430 157
7431 153
7432 143
7433 134
7434 129
7435 159
7436 115
7437 146
7438 154
7439 134
7440 145
7441 145
7442 159
7443 146
7444 148
7445 131
7446 159
7447 158
7448 159
7449 159
7450 127
7451 152
7452 150
7453 151
7454 136
7455 152
7456 155
7457 155
7458 133
7459 162
7460 157
7461 163
7462 158
7463 130
7464 155
7465 145
7466 139
7467 147
7468 147
7469 153
7470 140
7471 142
7472 146
7473 138
7474 155
7475 159
7476 154
7477 147
7478 154
7479 155
7480 163
7481 130
7482 163
7483 163
7484 140
7485 140
7486 136
7487 151
7488 160
7489 157
7490 133
7491 143
7492 135
7493 160
7494 145
7495 157
7496 142
7497 139
7498 148
7499 159
7500 141
7501 145
7502 160
7503 160
7504 144
7505 150
7506 160
7507 136
7508 157
7509 159
7510 157
7511 141
7512 134
7513 143
7514 150
7515 150
7516 150
7517 147
7518 155
7519 153
7520 141
7521 146
7522 160
7523 136
7524 148
7525 153
7526 148
7527 162
7528 162
7529 143
7530 157
7531 134
7532 133
7533 141
7534 129
7535 155
7536 147
7537 140
7538 143
7539 146
7540 143
7541 138
7542 146
7543 135
7544 163
7545 133
7546 139
7547 130
7548 127
7549 156
7550 159
7551 162
7552 156
7553 155
7554 145
7555 140
7556 143
7557 133
7558 134
7559 128
7560 139
7561 141
7562 152
7563 163
7564 157
7565 152
7566 161
7567 136
7568 134
7569 131
7570 140
7571 134
7572 148
7573 151
7574 131
7575 131
7576 155
7577 131
7578 133
7579 153
7580 163
7581 141
7582 145
7583 152
7584 145
7585 128
7586 163
7587 153
7588 137
7589 145
7590 143
7591 144
7592 152
7593 144
7594 132
7595 152
7596 142
7597 145
7598 143
7599 151
7600 160
7601 149
7602 123
7603 142
7604 160
7605 139
7606 149
7607 134
7608 148
7609 154
7610 146
7611 150
7612 160
7613 144
7614 154
7615 150
7616 137
7617 134
7618 163
7619 156
7620 151
7621 149
7622 160
7623 136
7624 150
7625 143
7626 139
7627 136
7628 145
7629 159
7630 148
7631 162
7632 156
7633 146
7634 161
7635 147
7636 140
7637 155
7638 163
7639 136
7640 159
7641 135
7642 163
7643 135
7644 154
7645 150
7646 149
7647 143
7648 137
7649 140
7650 147
7651 146
7652 160
7653 142
7654 141
7655 148
7656 147
7657 140
7658 160
7659 147
7660 143
7661 161
7662 150
7663 157
7664 153
7665 147
7666 152
7667 137
7668 159
7669 161
7670 140
7671 137
7672 148
7673 160
7674 150
7675 160
7676 159
7677 131
7678 137
7679 149
7680 157
7681 159
7682 157
7683 140
7684 155
7685 161
7686 148
7687 133
7688 141
7689 156
7690 157
7691 129
7692 146
7693 153
7694 154
7695 154
7696 159
7697 131
7698 151
7699 151
7700 145
7701 145
7702 154
7703 140
7704 152
7705 148
7706 144
7707 148
7708 157
7709 163
7710 149
7711 148
7712 137
7713 158
7714 147
7715 149
7716 144
7717 137
7718 153
7719 160
7720 137
7721 136
7722 148
7723 149
7724 131
7725 131
7726 153
7727 152
7728 154
7729 148
7730 152
7731 151
7732 160
7733 155
7734 159
7735 140
7736 147
7737 159
7738 151
7739 147
7740 136
7741 148
7742 135
7743 151
7744 162
7745 152
7746 136
7747 157
7748 140
7749 128
7750 151
7751 128
7752 147
7753 160
7754 145
7755 139
7756 140
7757 143
7758 145
7759 157
7760 144
7761 163
7762 143
7763 154
7764 137
7765 149
7766 139
7767 152
7768 135
7769 144
7770 155
7771 152
7772 156
7773 154
7774 144
7775 147
7776 153
7777 146
7778 131
7779 152
7780 163
7781 142
7782 159
7783 147
7784 143
7785 139
7786 162
7787 155
7788 142
7789 142
7790 149
7791 151
7792 138
7793 163
7794 146
7795 150
7796 144
7797 147
7798 160
7799 134
7800 160
7801 138
7802 146
7803 144
7804 163
7805 147
7806 143
7807 160
7808 140
7809 139
7810 145
7811 147
7812 131
7813 151
7814 149
7815 157
7816 160
7817 144
7818 155
7819 127
7820 161
7821 151
7822 155
7823 140
7824 144
7825 159
7826 146
7827 140
7828 145
7829 145
7830 134
7831 127
7832 142
7833 144
7834 162
7835 159
7836 155
7837 146
7838 140
7839 141
7840 135
7841 159
7842 146
7843 146
7844 148
7845 144
7846 154
7847 136
7848 161
7849 137
7850 163
7851 149
7852 139
7853 144
7854 162
7855 159
7856 160
7857 147
7858 154
7859 145
7860 133
7861 148
7862 143
7863 157
7864 134
7865 133
7866 133
7867 147
7868 146
7869 142
7870 153
7871 148
7872 146
7873 163
7874 131
7875 143
7876 128
7877 142
7878 147
7879 148
7880 160
7881 145
7882 159
7883 160
7884 142
7885 128
7886 155
7887 131
7888 143
7889 139
7890 157
7891 162
7892 141
7893 162
7894 131
7895 142
7896 150
7897 133
7898 142
7899 160
7900 140
7901 163
7902 146
7903 128
7904 156
7905 154
7906 131
7907 160
7908 146
7909 157
7910 143
7911 140
7912 149
7913 150
7914 156
7915 153
7916 140
7917 159
7918 157
7919 149
7920 161
7921 153
7922 152
7923 153
7924 163
7925 161
7926 134
7927 144
7928 154
7929 159
7930 140
7931 162
7932 159
7933 152
7934 153
7935 145
7936 144
7937 140
7938 152
7939 151
7940 150
7941 154
7942 149
7943 152
7944 150
7945 157
7946 159
7947 159
7948 160
7949 151
7950 159
7951 152
7952 144
7953 131
7954 159
7955 151
7956 159
7957 146
7958 162
7959 156
7960 161
7961 152
7962 140
7963 160
7964 154
7965 159
7966 149
7967 161
7968 150
7969 160
7970 156
7971 131
7972 143
7973 146
7974 154
7975 149
7976 153
7977 161
7978 144
7979 140
7980 151
7981 159
7982 154
7983 153
7984 162
7985 162
7986 150
7987 159
7988 140
7989 162
7990 131
7991 149
7992 159
7993 139
7994 162
7995 151
7996 140
7997 152
7998 152
7999 152
8000 150
