Time:39.56524729728699
NMI:0.7146786403405813
ARI:0.1436094781755824
1 0
2 14
3 15
4 16
5 1
6 27
7 17
8 48
9 51
10 3
11 38
12 28
13 55
14 18
15 19
16 20
17 2
18 56
19 57
20 69
21 64
22 46
23 51
24 3
25 53
26 9
27 29
28 10
29 36
30 75
31 73
32 70
33 42
34 14
35 57
36 69
37 58
38 14
39 59
40 43
41 30
42 4
43 71
44 60
45 74
46 14
47 79
48 42
49 87
50 81
51 54
52 52
53 31
54 81
55 70
56 44
57 82
58 11
59 32
60 86
61 21
62 72
63 65
64 83
65 22
66 5
67 80
68 63
69 47
70 37
71 76
72 61
73 23
74 79
75 24
76 77
77 78
78 48
79 49
80 75
81 84
82 33
83 50
84 89
85 34
86 45
87 87
88 66
89 89
90 12
91 6
92 85
93 62
94 7
95 75
96 76
97 67
98 39
99 40
100 70
101 25
102 13
103 35
104 14
105 8
106 14
107 26
108 41
109 51
110 14
111 81
112 51
113 88
114 68
115 63
