Time:33.427976846694946
NMI:0.7289781849537061
ARI:0.18559622007526327
1 0
2 10
3 11
4 19
5 1
6 22
7 12
8 42
9 43
10 2
11 33
12 23
13 48
14 13
15 14
16 15
17 5
18 49
19 50
20 62
21 57
22 41
23 43
24 2
25 46
26 8
27 24
28 6
29 31
30 65
31 65
32 54
33 37
34 10
35 50
36 62
37 51
38 8
39 52
40 38
41 25
42 2
43 63
44 53
45 66
46 8
47 70
48 37
49 78
50 72
51 47
52 45
53 26
54 72
55 54
56 39
57 73
58 7
59 27
60 77
61 16
62 64
63 58
64 74
65 17
66 60
67 71
68 56
69 42
70 32
71 67
72 54
73 18
74 70
75 19
76 68
77 69
78 42
79 43
80 65
81 75
82 28
83 44
84 80
85 29
86 40
87 78
88 59
89 80
90 8
91 3
92 76
93 55
94 4
95 65
96 67
97 60
98 34
99 35
100 54
101 20
102 9
103 30
104 8
105 5
106 8
107 21
108 36
109 43
110 10
111 72
112 43
113 79
114 61
115 56
