Time:1.60164213180542
nmi:0.8286062126496742
ari:0.4959506692621968
nf1:0.46722222222222215
#com:8
1 6
2 0
3 2
4 1
5 6
6 1
7 2
8 3
9 3
10 6
11 1
12 6
13 6
14 2
15 6
16 2
17 6
18 5
19 6
20 4
21 5
22 3
23 3
24 6
25 6
26 0
27 6
28 5
29 6
30 4
31 4
32 6
33 2
34 0
35 6
36 4
37 6
38 0
39 6
40 2
41 1
42 6
43 6
44 6
45 6
46 0
47 7
48 2
49 6
50 7
51 6
52 3
53 1
54 7
55 6
56 4
57 5
58 6
59 6
60 6
61 2
62 6
63 5
64 6
65 2
66 5
67 6
68 7
69 3
70 6
71 5
72 6
73 1
74 7
75 1
76 6
77 5
78 3
79 3
80 4
81 6
82 1
83 6
84 7
85 1
86 6
87 6
88 5
89 7
90 0
91 6
92 6
93 6
94 6
95 4
96 5
97 5
98 6
99 1
100 6
101 2
102 4
103 1
104 0
105 6
106 0
107 2
108 1
109 3
110 0
111 7
112 3
113 6
114 5
115 7
