Time:2.9261507987976074
NMI:0.7161468929281464
ARI:0.13438242124746805
1 0
2 13
3 14
4 15
5 1
6 26
7 16
8 47
9 48
10 3
11 37
12 27
13 53
14 17
15 18
16 19
17 2
18 54
19 55
20 67
21 62
22 45
23 48
24 3
25 51
26 12
27 28
28 8
29 35
30 73
31 71
32 68
33 41
34 13
35 55
36 67
37 56
38 12
39 57
40 42
41 29
42 4
43 69
44 58
45 72
46 12
47 77
48 41
49 85
50 79
51 52
52 50
53 30
54 79
55 68
56 43
57 80
58 9
59 31
60 84
61 20
62 70
63 63
64 81
65 21
66 65
67 78
68 61
69 46
70 36
71 74
72 59
73 22
74 77
75 23
76 75
77 76
78 47
79 48
80 73
81 82
82 32
83 49
84 87
85 33
86 44
87 85
88 64
89 87
90 10
91 5
92 83
93 60
94 6
95 73
96 74
97 65
98 38
99 39
100 68
101 24
102 11
103 34
104 12
105 7
106 12
107 25
108 40
109 48
110 13
111 79
112 48
113 86
114 66
115 61
