Time:1.065803050994873
nmi:0.8366893631520833
ari:0.6076300642552098
nf1:0.47388888888888886
#com:8
1 6
2 0
3 3
4 1
5 6
6 1
7 3
8 2
9 2
10 6
11 1
12 6
13 3
14 3
15 3
16 3
17 6
18 4
19 3
20 5
21 4
22 2
23 2
24 6
25 6
26 0
27 3
28 4
29 6
30 5
31 5
32 3
33 3
34 0
35 3
36 5
37 6
38 0
39 3
40 3
41 1
42 6
43 3
44 3
45 6
46 0
47 7
48 3
49 6
50 7
51 6
52 2
53 1
54 7
55 3
56 5
57 4
58 6
59 6
60 6
61 3
62 3
63 4
64 6
65 3
66 4
67 6
68 7
69 2
70 6
71 4
72 3
73 1
74 7
75 1
76 6
77 4
78 2
79 2
80 5
81 5
82 1
83 6
84 7
85 1
86 3
87 6
88 4
89 7
90 0
91 6
92 6
93 6
94 6
95 5
96 4
97 4
98 6
99 1
100 3
101 3
102 5
103 1
104 0
105 6
106 0
107 3
108 1
109 2
110 0
111 7
112 2
113 6
114 4
115 7
