Time:38.32025194168091
NMI:0.6971443112503855
ARI:0.2074398966412117
1 0
2 48
3 9
4 10
5 1
6 20
7 11
8 38
9 39
10 3
11 30
12 21
13 48
14 12
15 48
16 13
17 2
18 44
19 45
20 48
21 51
22 36
23 39
24 3
25 42
26 48
27 48
28 7
29 28
30 48
31 48
32 56
33 34
34 48
35 45
36 48
37 46
38 48
39 48
40 35
41 22
42 3
43 48
44 47
45 58
46 48
47 62
48 34
49 70
50 64
51 43
52 41
53 23
54 64
55 56
56 48
57 65
58 8
59 24
60 69
61 14
62 57
63 52
64 66
65 15
66 54
67 63
68 50
69 37
70 29
71 59
72 48
73 16
74 62
75 17
76 60
77 61
78 38
79 39
80 48
81 67
82 25
83 40
84 72
85 26
86 48
87 70
88 53
89 72
90 48
91 4
92 68
93 49
94 5
95 48
96 59
97 54
98 31
99 32
100 56
101 18
102 48
103 27
104 48
105 6
106 48
107 19
108 33
109 39
110 48
111 64
112 39
113 71
114 55
115 50
