Time:38.89425301551819
NMI:0.681385212017282
ARI:0.00954953877409161
1 0
2 1
3 23
4 24
5 2
6 36
7 25
8 50
9 55
10 3
11 47
12 37
13 67
14 26
15 27
16 28
17 4
18 68
19 69
20 87
21 81
22 56
23 57
24 5
25 65
26 13
27 38
28 14
29 44
30 91
31 92
32 88
33 51
34 6
35 70
36 7
37 71
38 15
39 72
40 52
41 39
42 8
43 89
44 73
45 93
46 16
47 99
48 29
49 107
50 106
51 66
52 64
53 40
54 101
55 75
56 53
57 102
58 17
59 103
60 103
61 30
62 90
63 82
64 103
65 31
66 9
67 100
68 80
69 58
70 45
71 96
72 76
73 32
74 59
75 33
76 97
77 98
78 60
79 61
80 94
81 104
82 41
83 62
84 110
85 42
86 54
87 108
88 83
89 111
90 18
91 10
92 105
93 78
94 11
95 95
96 84
97 85
98 103
99 48
100 77
101 34
102 19
103 43
104 20
105 12
106 21
107 35
108 49
109 46
110 22
111 74
112 63
113 109
114 86
115 79
