Time:3.6620609760284424
NMI:0.6920877159781983
ARI:0.03767714551365867
1 0
2 1
3 20
4 21
5 2
6 33
7 22
8 56
9 52
10 4
11 44
12 34
13 63
14 23
15 24
16 25
17 3
18 64
19 65
20 80
21 74
22 53
23 54
24 4
25 61
26 12
27 35
28 13
29 42
30 87
31 84
32 81
33 48
34 5
35 65
36 6
37 66
38 14
39 67
40 49
41 36
42 7
43 82
44 68
45 85
46 14
47 91
48 26
49 100
50 98
51 62
52 60
53 37
54 93
55 70
56 50
57 94
58 15
59 38
60 99
61 27
62 83
63 75
64 95
65 28
66 8
67 92
68 73
69 55
70 43
71 88
72 69
73 29
74 91
75 30
76 89
77 90
78 56
79 57
80 86
81 96
82 39
83 58
84 102
85 40
86 51
87 100
88 76
89 103
90 16
91 9
92 97
93 71
94 10
95 87
96 77
97 78
98 45
99 46
100 70
101 31
102 17
103 41
104 18
105 11
106 14
107 32
108 47
109 54
110 19
111 98
112 59
113 101
114 79
115 72
