Time:3.278193950653076
NMI:0.689616712163114
ARI:0.024358866375834048
1 0
2 1
3 20
4 21
5 2
6 33
7 22
8 58
9 53
10 4
11 45
12 34
13 65
14 23
15 24
16 25
17 3
18 66
19 67
20 84
21 78
22 54
23 55
24 4
25 63
26 12
27 35
28 13
29 42
30 91
31 88
32 85
33 49
34 5
35 68
36 6
37 69
38 14
39 70
40 50
41 36
42 7
43 86
44 71
45 89
46 14
47 95
48 26
49 104
50 102
51 64
52 62
53 37
54 97
55 74
56 51
57 98
58 15
59 38
60 103
61 27
62 87
63 79
64 99
65 28
66 8
67 96
68 77
69 56
70 43
71 92
72 73
73 29
74 57
75 30
76 93
77 94
78 58
79 59
80 90
81 100
82 39
83 60
84 107
85 40
86 52
87 105
88 80
89 108
90 16
91 9
92 101
93 75
94 10
95 91
96 81
97 82
98 46
99 47
100 74
101 31
102 17
103 41
104 18
105 11
106 14
107 32
108 48
109 44
110 19
111 72
112 61
113 106
114 83
115 76
