Time:18.0467529296875
NMI:0.9268793639543628
ARI:0.8893431553253587
#com:121 0
2 1
3 6
4 7
5 0
6 7
7 6
8 10
9 10
10 0
11 7
12 4
13 8
14 6
15 8
16 6
17 0
18 3
19 8
20 2
21 3
22 10
23 10
24 0
25 4
26 1
27 8
28 3
29 4
30 2
31 2
32 8
33 6
34 1
35 8
36 2
37 8
38 1
39 8
40 6
41 7
42 0
43 8
44 8
45 5
46 1
47 11
48 6
49 5
50 11
51 4
52 10
53 7
54 11
55 8
56 2
57 3
58 5
59 9
60 9
61 6
62 8
63 3
64 9
65 6
66 3
67 5
68 11
69 10
70 4
71 3
72 8
73 7
74 11
75 7
76 5
77 3
78 10
79 10
80 2
81 2
82 7
83 2
84 11
85 7
86 8
87 5
88 3
89 11
90 1
91 4
92 5
93 5
94 0
95 2
96 3
97 3
98 9
99 7
100 8
101 6
102 2
103 7
104 1
105 0
106 1
107 6
108 7
109 10
110 1
111 11
112 10
113 5
114 3
115 11
