Time:286.0240387916565
NMI:0.47488695354435145
ARI:0.04186318875808595
#com:34
1 0
2 33
3 14
4 33
5 33
6 11
7 3
8 33
9 33
10 1
11 14
12 33
13 18
14 9
15 20
16 33
17 33
18 33
19 33
20 33
21 33
22 33
23 33
24 33
25 3
26 8
27 33
28 33
29 33
30 33
31 33
32 33
33 3
34 33
35 33
36 28
37 33
38 33
39 33
40 33
41 6
42 33
43 5
44 6
45 33
46 33
47 33
48 33
49 33
50 25
51 33
52 33
53 33
54 33
55 33
56 33
57 12
58 33
59 12
60 22
61 33
62 33
63 33
64 33
65 30
66 12
67 33
68 33
69 33
70 33
71 30
72 33
73 33
74 33
75 33
76 33
77 33
78 33
79 33
80 33
81 33
82 9
83 10
84 33
85 33
86 33
87 33
88 33
89 33
90 33
91 24
92 33
93 33
94 8
95 9
96 11
97 10
98 33
99 33
100 33
101 33
102 33
103 33
104 33
105 33
106 33
107 33
108 33
109 33
110 33
111 33
112 33
113 1
114 33
115 33
116 33
117 33
118 33
119 30
120 11
121 12
122 33
123 33
124 33
125 33
126 33
127 6
128 10
129 33
130 33
131 33
132 16
133 33
134 13
135 33
136 18
137 22
138 33
139 33
140 33
141 8
142 28
143 33
144 33
145 33
146 33
147 33
148 33
149 33
150 33
151 33
152 33
153 33
154 33
155 33
156 33
157 33
158 33
159 33
160 33
161 10
162 0
163 33
164 33
165 22
166 33
167 33
168 33
169 33
170 33
171 33
172 33
173 33
174 33
175 33
176 33
177 33
178 33
179 30
180 33
181 33
182 33
183 33
184 33
185 33
186 33
187 20
188 33
189 33
190 33
191 33
192 33
193 23
194 33
195 33
196 33
197 33
198 30
199 33
200 33
201 11
202 33
203 33
204 3
205 33
206 33
207 33
208 33
209 33
210 33
211 33
212 33
213 33
214 33
215 33
216 33
217 33
218 28
219 33
220 33
221 30
222 33
223 33
224 17
225 33
226 33
227 33
228 33
229 26
230 33
231 33
232 33
233 33
234 33
235 33
236 33
237 33
238 3
239 33
240 33
241 3
242 33
243 33
244 33
245 33
246 33
247 33
248 33
249 33
250 33
251 33
252 33
253 28
254 33
255 28
256 28
257 33
258 33
259 33
260 33
261 20
262 33
263 6
264 17
265 9
266 33
267 33
268 33
269 33
270 33
271 33
272 33
273 33
274 33
275 33
276 33
277 33
278 33
279 22
280 33
281 33
282 33
283 33
284 33
285 33
286 33
287 33
288 33
289 33
290 12
291 33
292 33
293 13
294 33
295 33
296 33
297 33
298 1
299 23
300 21
301 33
302 33
303 33
304 33
305 33
306 33
307 33
308 33
309 33
310 33
311 33
312 33
313 23
314 0
315 33
316 33
317 20
318 33
319 33
320 33
321 33
322 33
323 33
324 27
325 33
326 33
327 3
328 30
329 33
330 8
331 33
332 33
333 33
334 10
335 33
336 33
337 33
338 6
339 33
340 33
341 33
342 33
343 10
344 33
345 33
346 33
347 33
348 33
349 33
350 33
351 33
352 33
353 33
354 33
355 33
356 33
357 13
358 24
359 33
360 33
361 33
362 33
363 33
364 33
365 33
366 33
367 25
368 33
369 33
370 33
371 17
372 33
373 33
374 23
375 33
376 33
377 33
378 33
379 33
380 33
381 33
382 33
383 33
384 33
385 33
386 33
387 0
388 26
389 33
390 24
391 33
392 33
393 33
394 33
395 28
396 33
397 33
398 24
399 33
400 33
401 33
402 33
403 33
404 33
405 33
406 26
407 33
408 33
409 33
410 12
411 33
412 33
413 8
414 6
415 33
416 33
417 33
418 33
419 33
420 1
421 33
422 33
423 19
424 33
425 33
426 17
427 11
428 28
429 33
430 33
431 10
432 33
433 33
434 33
435 33
436 17
437 33
438 20
439 33
440 33
441 33
442 24
443 20
444 33
445 33
446 33
447 33
448 33
449 0
450 9
451 33
452 33
453 33
454 33
455 33
456 33
457 33
458 33
459 33
460 33
461 23
462 33
463 33
464 33
465 33
466 24
467 33
468 28
469 33
470 33
471 33
472 33
473 33
474 33
475 23
476 33
477 33
478 27
479 33
480 33
481 33
482 33
483 33
484 24
485 30
486 23
487 33
488 33
489 24
490 33
491 33
492 26
493 33
494 33
495 33
496 33
497 13
498 33
499 33
500 33
501 27
502 33
503 33
504 33
505 33
506 33
507 26
508 33
509 33
510 33
511 22
512 11
513 26
514 33
515 33
516 20
517 33
518 33
519 3
520 33
521 1
522 33
523 33
524 3
525 33
526 28
527 33
528 29
529 33
530 33
531 33
532 33
533 33
534 33
535 33
536 33
537 22
538 33
539 33
540 33
541 33
542 33
543 13
544 33
545 33
546 33
547 33
548 24
549 9
550 29
551 33
552 33
553 9
554 33
555 33
556 33
557 33
558 33
559 33
560 24
561 30
562 33
563 23
564 33
565 33
566 9
567 33
568 33
569 9
570 33
571 25
572 33
573 33
574 33
575 29
576 33
577 33
578 33
579 33
580 27
581 33
582 33
583 33
584 9
585 33
586 33
587 33
588 33
589 33
590 33
591 9
592 33
593 33
594 11
595 33
596 33
597 33
598 33
599 33
600 33
601 28
602 33
603 33
604 25
605 20
606 33
607 29
608 25
609 33
610 33
611 25
612 33
613 33
614 33
615 33
616 33
617 33
618 33
619 33
620 33
621 33
622 20
623 33
624 33
625 33
626 22
627 26
628 33
629 33
630 33
631 12
632 33
633 33
634 33
635 33
636 33
637 33
638 33
639 33
640 33
641 33
642 33
643 12
644 33
645 33
646 33
647 33
648 19
649 33
650 33
651 33
652 33
653 21
654 33
655 33
656 33
657 33
658 33
659 33
660 33
661 33
662 33
663 25
664 33
665 33
666 33
667 22
668 19
669 33
670 33
671 33
672 27
673 33
674 33
675 33
676 33
677 33
678 25
679 23
680 29
681 33
682 33
683 33
684 33
685 33
686 27
687 33
688 33
689 33
690 33
691 33
692 26
693 33
694 33
695 33
696 33
697 26
698 33
699 33
700 33
701 33
702 33
703 33
704 33
705 33
706 29
707 21
708 33
709 33
710 33
711 33
712 33
713 25
714 26
715 33
716 33
717 33
718 33
719 33
720 33
721 33
722 33
723 25
724 28
725 33
726 33
727 28
728 33
729 19
730 27
731 33
732 33
733 25
734 12
735 21
736 33
737 33
738 29
739 33
740 33
741 33
742 33
743 33
744 33
745 33
746 33
747 33
748 33
749 12
750 33
751 33
752 27
753 29
754 22
755 33
756 33
757 33
758 33
759 28
760 33
761 33
762 33
763 22
764 33
765 33
766 33
767 33
768 26
769 33
770 25
771 27
772 33
773 33
774 19
775 33
776 33
777 33
778 33
779 33
780 12
781 27
782 29
783 33
784 29
785 33
786 33
787 28
788 33
789 33
790 25
791 19
792 33
793 28
794 33
795 7
796 33
797 33
798 33
799 15
800 33
801 32
802 29
803 33
804 33
805 33
806 15
807 33
808 33
809 33
810 33
811 33
812 33
813 22
814 33
815 19
816 7
817 33
818 12
819 29
820 33
821 33
822 33
823 33
824 30
825 33
826 33
827 25
828 32
829 33
830 33
831 33
832 30
833 33
834 15
835 33
836 33
837 28
838 30
839 33
840 33
841 32
842 32
843 33
844 28
845 28
846 33
847 33
848 15
849 33
850 12
851 33
852 33
853 33
854 33
855 30
856 33
857 33
858 33
859 18
860 25
861 33
862 15
863 33
864 33
865 33
866 15
867 33
868 32
869 7
870 33
871 18
872 33
873 28
874 31
875 18
876 33
877 33
878 32
879 12
880 25
881 18
882 28
883 33
884 33
885 33
886 33
887 32
888 31
889 31
890 31
891 7
892 33
893 25
894 33
895 33
896 15
897 33
898 15
899 33
900 31
901 33
902 7
903 31
904 18
905 33
906 33
907 28
908 31
909 31
910 28
911 18
912 33
913 5
914 18
915 28
916 33
917 31
918 33
919 28
920 28
921 18
922 5
923 33
924 33
925 33
926 33
927 31
928 28
929 33
930 5
931 28
932 28
933 28
934 28
935 33
936 16
937 33
938 28
939 33
940 31
941 33
942 31
943 30
944 5
945 28
946 33
947 28
948 14
949 30
950 33
951 30
952 33
953 33
954 16
955 14
956 30
957 30
958 14
959 30
960 28
961 5
962 30
963 30
964 5
965 16
966 33
967 14
968 14
969 30
970 16
971 30
972 16
973 28
974 14
975 30
976 14
977 16
978 14
979 30
980 4
981 4
982 14
983 30
984 4
985 30
986 14
987 16
988 4
989 4
990 4
991 4
992 4
993 16
994 2
995 2
996 2
997 2
998 14
999 14
1000 2
