Time:292.582218170166
NMI:0.4707420413558978
ARI:0.03751525656010953
#com:34
1 0
2 33
3 12
4 33
5 33
6 9
7 33
8 33
9 33
10 1
11 12
12 33
13 16
14 7
15 18
16 33
17 33
18 33
19 33
20 33
21 33
22 33
23 33
24 33
25 33
26 6
27 33
28 33
29 33
30 33
31 33
32 33
33 33
34 33
35 33
36 27
37 33
38 33
39 33
40 33
41 4
42 33
43 20
44 4
45 33
46 33
47 33
48 33
49 33
50 24
51 33
52 33
53 33
54 33
55 33
56 33
57 10
58 33
59 10
60 21
61 33
62 33
63 33
64 33
65 29
66 10
67 33
68 33
69 33
70 33
71 29
72 33
73 33
74 33
75 33
76 33
77 33
78 33
79 33
80 33
81 33
82 7
83 8
84 33
85 33
86 33
87 33
88 33
89 33
90 33
91 23
92 33
93 33
94 6
95 7
96 9
97 8
98 33
99 33
100 33
101 33
102 33
103 33
104 33
105 33
106 33
107 33
108 33
109 33
110 33
111 33
112 33
113 1
114 33
115 33
116 33
117 33
118 33
119 29
120 9
121 10
122 33
123 33
124 33
125 33
126 33
127 4
128 8
129 33
130 33
131 33
132 14
133 33
134 11
135 33
136 16
137 21
138 33
139 33
140 33
141 6
142 27
143 33
144 33
145 33
146 33
147 33
148 33
149 33
150 33
151 33
152 33
153 33
154 33
155 33
156 33
157 33
158 33
159 33
160 33
161 8
162 0
163 33
164 33
165 21
166 33
167 33
168 33
169 33
170 33
171 33
172 33
173 33
174 33
175 33
176 33
177 33
178 33
179 29
180 33
181 33
182 33
183 33
184 33
185 33
186 33
187 18
188 33
189 33
190 33
191 33
192 33
193 22
194 33
195 33
196 33
197 33
198 29
199 33
200 33
201 9
202 33
203 33
204 33
205 33
206 33
207 33
208 33
209 33
210 33
211 33
212 33
213 33
214 33
215 33
216 33
217 33
218 27
219 33
220 33
221 29
222 33
223 33
224 15
225 33
226 33
227 33
228 33
229 25
230 33
231 33
232 33
233 33
234 33
235 33
236 33
237 33
238 33
239 33
240 33
241 33
242 33
243 33
244 33
245 33
246 33
247 33
248 33
249 20
250 33
251 33
252 33
253 27
254 33
255 27
256 27
257 33
258 33
259 33
260 33
261 18
262 33
263 4
264 15
265 7
266 33
267 33
268 33
269 33
270 33
271 33
272 33
273 33
274 33
275 33
276 33
277 33
278 33
279 21
280 33
281 33
282 33
283 33
284 33
285 33
286 33
287 33
288 33
289 33
290 10
291 30
292 33
293 11
294 33
295 33
296 33
297 33
298 1
299 22
300 19
301 33
302 33
303 33
304 33
305 33
306 33
307 33
308 33
309 33
310 33
311 33
312 33
313 22
314 0
315 33
316 33
317 18
318 33
319 33
320 33
321 33
322 33
323 33
324 26
325 33
326 33
327 33
328 29
329 33
330 6
331 33
332 33
333 33
334 8
335 33
336 33
337 33
338 4
339 33
340 33
341 33
342 33
343 8
344 33
345 33
346 33
347 33
348 33
349 33
350 33
351 33
352 33
353 33
354 33
355 33
356 33
357 11
358 23
359 33
360 33
361 33
362 33
363 33
364 33
365 33
366 33
367 24
368 33
369 33
370 33
371 15
372 33
373 33
374 22
375 33
376 33
377 33
378 33
379 33
380 33
381 33
382 33
383 33
384 33
385 33
386 33
387 0
388 25
389 33
390 23
391 33
392 33
393 33
394 33
395 27
396 33
397 33
398 23
399 33
400 33
401 33
402 33
403 33
404 33
405 33
406 25
407 33
408 33
409 33
410 10
411 33
412 33
413 6
414 4
415 33
416 33
417 33
418 33
419 33
420 1
421 33
422 33
423 17
424 33
425 33
426 15
427 9
428 27
429 33
430 33
431 8
432 33
433 33
434 33
435 33
436 15
437 33
438 18
439 33
440 33
441 33
442 23
443 18
444 33
445 33
446 33
447 33
448 33
449 0
450 7
451 33
452 33
453 33
454 33
455 33
456 33
457 33
458 33
459 33
460 33
461 22
462 33
463 33
464 33
465 33
466 23
467 33
468 27
469 33
470 33
471 33
472 33
473 33
474 33
475 22
476 33
477 33
478 26
479 33
480 33
481 33
482 33
483 33
484 23
485 29
486 22
487 33
488 33
489 23
490 33
491 33
492 25
493 33
494 33
495 33
496 33
497 11
498 33
499 33
500 33
501 26
502 33
503 33
504 33
505 33
506 33
507 25
508 33
509 33
510 33
511 21
512 9
513 25
514 33
515 33
516 18
517 33
518 33
519 33
520 33
521 1
522 33
523 33
524 33
525 33
526 27
527 33
528 28
529 33
530 33
531 33
532 33
533 33
534 33
535 33
536 33
537 21
538 33
539 33
540 33
541 33
542 33
543 11
544 33
545 33
546 20
547 33
548 23
549 7
550 28
551 33
552 33
553 7
554 33
555 33
556 33
557 33
558 33
559 33
560 23
561 29
562 33
563 22
564 33
565 33
566 7
567 33
568 33
569 7
570 33
571 24
572 33
573 33
574 33
575 28
576 33
577 33
578 33
579 33
580 26
581 33
582 33
583 33
584 7
585 33
586 33
587 33
588 33
589 33
590 33
591 7
592 33
593 33
594 9
595 33
596 33
597 33
598 33
599 33
600 33
601 27
602 33
603 33
604 24
605 18
606 33
607 28
608 24
609 33
610 33
611 24
612 33
613 33
614 33
615 33
616 33
617 33
618 33
619 33
620 33
621 33
622 18
623 33
624 33
625 33
626 21
627 25
628 33
629 33
630 33
631 10
632 33
633 33
634 33
635 33
636 33
637 33
638 33
639 33
640 33
641 33
642 33
643 10
644 33
645 33
646 33
647 33
648 17
649 33
650 33
651 33
652 33
653 19
654 33
655 33
656 33
657 33
658 33
659 33
660 33
661 33
662 33
663 24
664 30
665 33
666 33
667 21
668 17
669 33
670 33
671 30
672 26
673 33
674 33
675 33
676 33
677 33
678 24
679 22
680 28
681 33
682 33
683 33
684 33
685 33
686 26
687 33
688 33
689 33
690 33
691 33
692 25
693 33
694 33
695 33
696 33
697 25
698 33
699 33
700 33
701 33
702 33
703 33
704 33
705 33
706 28
707 19
708 33
709 33
710 33
711 33
712 33
713 24
714 25
715 33
716 33
717 33
718 33
719 33
720 33
721 33
722 33
723 24
724 27
725 33
726 33
727 27
728 33
729 17
730 26
731 33
732 33
733 24
734 10
735 19
736 33
737 33
738 28
739 33
740 30
741 33
742 33
743 33
744 33
745 33
746 33
747 33
748 33
749 10
750 33
751 33
752 26
753 28
754 21
755 30
756 33
757 33
758 33
759 27
760 33
761 33
762 33
763 21
764 33
765 33
766 33
767 33
768 25
769 30
770 24
771 26
772 30
773 33
774 17
775 33
776 33
777 33
778 33
779 33
780 10
781 26
782 28
783 33
784 28
785 33
786 33
787 27
788 33
789 33
790 24
791 17
792 33
793 27
794 33
795 5
796 33
797 33
798 33
799 13
800 30
801 32
802 28
803 33
804 33
805 33
806 13
807 33
808 33
809 33
810 33
811 33
812 30
813 21
814 33
815 17
816 5
817 33
818 10
819 28
820 33
821 33
822 33
823 20
824 29
825 33
826 33
827 24
828 32
829 33
830 33
831 33
832 29
833 30
834 13
835 30
836 33
837 27
838 29
839 33
840 33
841 32
842 32
843 33
844 27
845 27
846 33
847 33
848 13
849 33
850 10
851 33
852 33
853 33
854 33
855 29
856 33
857 33
858 33
859 16
860 24
861 33
862 13
863 33
864 33
865 33
866 13
867 33
868 32
869 5
870 33
871 16
872 33
873 27
874 29
875 16
876 33
877 33
878 32
879 10
880 24
881 16
882 27
883 33
884 33
885 33
886 33
887 32
888 31
889 31
890 31
891 5
892 33
893 24
894 33
895 33
896 13
897 33
898 13
899 33
900 31
901 30
902 5
903 31
904 16
905 33
906 33
907 27
908 31
909 31
910 27
911 16
912 33
913 20
914 16
915 27
916 33
917 31
918 33
919 27
920 27
921 16
922 20
923 20
924 30
925 33
926 33
927 31
928 27
929 33
930 20
931 27
932 27
933 27
934 27
935 20
936 14
937 33
938 27
939 33
940 31
941 33
942 31
943 29
944 20
945 27
946 33
947 27
948 12
949 29
950 33
951 29
952 33
953 33
954 14
955 12
956 29
957 29
958 12
959 29
960 27
961 20
962 29
963 29
964 20
965 14
966 33
967 12
968 12
969 29
970 14
971 29
972 14
973 27
974 12
975 29
976 12
977 14
978 12
979 29
980 3
981 3
982 12
983 29
984 3
985 29
986 12
987 14
988 3
989 3
990 3
991 3
992 3
993 14
994 2
995 2
996 2
997 2
998 12
999 12
1000 2
