Time:287.8847849369049
NMI:0.4905956182480975
ARI:0.08158454209196106
#com:34
1 0
2 33
3 12
4 33
5 32
6 9
7 33
8 33
9 33
10 1
11 12
12 33
13 16
14 7
15 18
16 33
17 33
18 30
19 33
20 30
21 33
22 33
23 33
24 33
25 33
26 6
27 33
28 33
29 33
30 33
31 33
32 33
33 33
34 33
35 33
36 27
37 33
38 33
39 33
40 33
41 4
42 33
43 20
44 4
45 33
46 30
47 30
48 30
49 30
50 24
51 33
52 33
53 30
54 33
55 30
56 33
57 10
58 33
59 10
60 21
61 32
62 33
63 33
64 33
65 29
66 10
67 30
68 33
69 33
70 33
71 29
72 33
73 33
74 33
75 33
76 33
77 30
78 30
79 33
80 33
81 30
82 7
83 8
84 30
85 30
86 30
87 33
88 33
89 33
90 30
91 23
92 33
93 33
94 6
95 7
96 9
97 8
98 33
99 33
100 30
101 33
102 33
103 30
104 33
105 33
106 30
107 33
108 33
109 33
110 33
111 33
112 33
113 1
114 33
115 30
116 33
117 33
118 33
119 29
120 9
121 10
122 33
123 32
124 33
125 33
126 33
127 4
128 8
129 33
130 33
131 33
132 14
133 33
134 11
135 33
136 16
137 21
138 30
139 33
140 30
141 6
142 27
143 33
144 33
145 33
146 33
147 33
148 33
149 33
150 33
151 33
152 30
153 33
154 33
155 33
156 33
157 33
158 33
159 33
160 30
161 8
162 0
163 33
164 33
165 21
166 33
167 33
168 33
169 33
170 33
171 33
172 33
173 33
174 30
175 30
176 33
177 33
178 33
179 29
180 30
181 30
182 33
183 33
184 33
185 33
186 33
187 18
188 33
189 33
190 30
191 33
192 33
193 22
194 33
195 33
196 32
197 30
198 29
199 33
200 30
201 9
202 33
203 30
204 33
205 33
206 33
207 30
208 33
209 33
210 33
211 32
212 30
213 30
214 33
215 30
216 33
217 30
218 27
219 33
220 33
221 29
222 33
223 33
224 15
225 30
226 33
227 33
228 33
229 25
230 33
231 33
232 30
233 33
234 32
235 30
236 33
237 33
238 33
239 33
240 30
241 33
242 33
243 30
244 33
245 33
246 32
247 33
248 33
249 20
250 33
251 33
252 30
253 27
254 33
255 27
256 27
257 33
258 33
259 30
260 30
261 18
262 33
263 4
264 15
265 7
266 33
267 30
268 30
269 27
270 33
271 30
272 33
273 33
274 33
275 33
276 30
277 33
278 33
279 21
280 33
281 30
282 33
283 33
284 33
285 30
286 32
287 33
288 33
289 33
290 10
291 30
292 30
293 11
294 33
295 33
296 33
297 30
298 1
299 22
300 19
301 30
302 30
303 33
304 33
305 33
306 33
307 33
308 33
309 33
310 33
311 33
312 33
313 22
314 0
315 33
316 30
317 18
318 32
319 33
320 33
321 33
322 33
323 30
324 26
325 33
326 30
327 33
328 29
329 33
330 6
331 33
332 33
333 33
334 8
335 33
336 33
337 30
338 4
339 33
340 33
341 30
342 33
343 8
344 33
345 30
346 33
347 30
348 33
349 33
350 33
351 33
352 30
353 33
354 30
355 33
356 33
357 11
358 23
359 33
360 33
361 33
362 33
363 33
364 33
365 30
366 33
367 24
368 33
369 33
370 33
371 15
372 33
373 33
374 22
375 33
376 33
377 33
378 33
379 30
380 33
381 33
382 33
383 33
384 30
385 33
386 33
387 0
388 25
389 33
390 23
391 30
392 33
393 33
394 33
395 27
396 33
397 33
398 23
399 33
400 30
401 33
402 33
403 33
404 33
405 33
406 25
407 30
408 33
409 33
410 10
411 30
412 33
413 6
414 4
415 30
416 30
417 33
418 33
419 30
420 1
421 33
422 30
423 17
424 30
425 30
426 15
427 9
428 27
429 33
430 30
431 8
432 33
433 33
434 33
435 33
436 15
437 33
438 18
439 33
440 30
441 30
442 23
443 18
444 30
445 33
446 30
447 33
448 33
449 0
450 7
451 33
452 33
453 33
454 30
455 33
456 33
457 30
458 33
459 30
460 33
461 22
462 33
463 33
464 33
465 30
466 23
467 33
468 27
469 33
470 33
471 30
472 33
473 33
474 33
475 22
476 33
477 30
478 26
479 33
480 33
481 30
482 30
483 33
484 23
485 29
486 22
487 30
488 33
489 23
490 33
491 30
492 25
493 33
494 33
495 33
496 33
497 11
498 33
499 33
500 33
501 26
502 33
503 33
504 33
505 33
506 30
507 25
508 33
509 32
510 33
511 21
512 9
513 25
514 30
515 33
516 18
517 30
518 33
519 33
520 33
521 1
522 33
523 30
524 33
525 33
526 27
527 33
528 28
529 33
530 33
531 30
532 30
533 33
534 33
535 33
536 33
537 21
538 32
539 30
540 33
541 30
542 33
543 11
544 30
545 30
546 20
547 33
548 23
549 7
550 28
551 33
552 33
553 7
554 33
555 30
556 30
557 30
558 30
559 33
560 23
561 29
562 30
563 22
564 33
565 30
566 7
567 30
568 33
569 7
570 33
571 24
572 30
573 33
574 33
575 28
576 33
577 30
578 30
579 33
580 26
581 32
582 33
583 33
584 7
585 30
586 33
587 33
588 30
589 30
590 33
591 7
592 30
593 33
594 9
595 33
596 33
597 33
598 33
599 33
600 30
601 27
602 30
603 33
604 24
605 18
606 33
607 28
608 24
609 30
610 30
611 24
612 33
613 30
614 30
615 33
616 33
617 30
618 33
619 33
620 33
621 30
622 18
623 33
624 30
625 33
626 21
627 25
628 30
629 30
630 33
631 10
632 30
633 30
634 30
635 33
636 33
637 30
638 30
639 33
640 33
641 33
642 33
643 10
644 33
645 30
646 33
647 33
648 17
649 33
650 30
651 33
652 33
653 19
654 33
655 33
656 32
657 33
658 30
659 33
660 30
661 33
662 33
663 24
664 30
665 33
666 33
667 21
668 17
669 30
670 30
671 30
672 26
673 32
674 33
675 33
676 32
677 33
678 24
679 22
680 28
681 33
682 32
683 33
684 30
685 30
686 26
687 30
688 30
689 33
690 33
691 30
692 25
693 33
694 33
695 33
696 33
697 25
698 30
699 33
700 33
701 30
702 33
703 33
704 32
705 30
706 28
707 19
708 33
709 33
710 33
711 33
712 33
713 24
714 25
715 30
716 30
717 33
718 33
719 33
720 30
721 33
722 33
723 24
724 27
725 32
726 33
727 27
728 33
729 17
730 26
731 33
732 33
733 24
734 10
735 19
736 33
737 33
738 28
739 30
740 30
741 33
742 33
743 33
744 30
745 33
746 33
747 33
748 33
749 10
750 33
751 30
752 26
753 28
754 21
755 30
756 33
757 30
758 30
759 27
760 33
761 30
762 30
763 21
764 32
765 30
766 30
767 32
768 25
769 30
770 24
771 26
772 30
773 33
774 17
775 30
776 30
777 32
778 33
779 32
780 10
781 26
782 28
783 33
784 28
785 32
786 33
787 27
788 30
789 30
790 24
791 17
792 33
793 27
794 33
795 5
796 33
797 30
798 33
799 13
800 30
801 32
802 28
803 33
804 32
805 30
806 13
807 33
808 32
809 32
810 30
811 33
812 30
813 21
814 33
815 17
816 5
817 30
818 10
819 28
820 33
821 30
822 33
823 20
824 29
825 30
826 33
827 24
828 32
829 30
830 33
831 30
832 29
833 30
834 13
835 30
836 33
837 27
838 29
839 30
840 33
841 32
842 32
843 33
844 27
845 27
846 30
847 32
848 13
849 33
850 10
851 33
852 33
853 30
854 33
855 29
856 33
857 30
858 32
859 16
860 24
861 30
862 13
863 32
864 33
865 33
866 13
867 30
868 32
869 5
870 30
871 16
872 33
873 27
874 29
875 16
876 32
877 33
878 32
879 10
880 24
881 16
882 27
883 30
884 32
885 32
886 33
887 32
888 31
889 31
890 31
891 5
892 33
893 24
894 30
895 30
896 13
897 30
898 13
899 33
900 31
901 30
902 5
903 31
904 16
905 32
906 30
907 27
908 31
909 31
910 27
911 16
912 33
913 20
914 16
915 27
916 32
917 31
918 33
919 27
920 27
921 16
922 20
923 20
924 30
925 30
926 30
927 31
928 27
929 30
930 20
931 27
932 27
933 27
934 27
935 20
936 14
937 33
938 27
939 33
940 31
941 30
942 31
943 29
944 20
945 27
946 30
947 27
948 12
949 29
950 33
951 29
952 33
953 33
954 14
955 12
956 29
957 29
958 12
959 29
960 27
961 20
962 29
963 29
964 20
965 14
966 33
967 12
968 12
969 29
970 14
971 29
972 14
973 27
974 12
975 29
976 12
977 14
978 12
979 29
980 3
981 3
982 12
983 29
984 3
985 29
986 12
987 14
988 3
989 3
990 3
991 3
992 3
993 14
994 2
995 2
996 2
997 2
998 12
999 12
1000 2
