Time:288.7591600418091
NMI:0.4968366863054133
ARI:0.08465150768518716
#com:34
1 0
2 33
3 12
4 33
5 32
6 9
7 32
8 33
9 33
10 1
11 12
12 33
13 29
14 7
15 17
16 32
17 32
18 32
19 33
20 33
21 33
22 32
23 33
24 33
25 32
26 6
27 33
28 32
29 32
30 33
31 32
32 33
33 32
34 33
35 33
36 25
37 33
38 33
39 33
40 33
41 4
42 33
43 27
44 4
45 32
46 32
47 32
48 32
49 33
50 22
51 33
52 33
53 32
54 33
55 32
56 33
57 10
58 32
59 10
60 19
61 32
62 33
63 33
64 32
65 28
66 10
67 32
68 32
69 32
70 32
71 28
72 33
73 32
74 32
75 32
76 33
77 33
78 33
79 25
80 33
81 32
82 7
83 8
84 33
85 33
86 29
87 32
88 33
89 32
90 32
91 21
92 33
93 32
94 6
95 7
96 9
97 8
98 33
99 33
100 29
101 33
102 33
103 32
104 33
105 33
106 32
107 33
108 32
109 32
110 32
111 33
112 33
113 1
114 33
115 33
116 32
117 33
118 33
119 28
120 9
121 10
122 33
123 32
124 33
125 33
126 33
127 4
128 8
129 33
130 32
131 33
132 14
133 33
134 11
135 33
136 29
137 19
138 32
139 32
140 32
141 6
142 25
143 32
144 33
145 33
146 33
147 33
148 33
149 33
150 33
151 33
152 32
153 33
154 32
155 33
156 33
157 33
158 33
159 33
160 32
161 8
162 0
163 33
164 33
165 19
166 33
167 33
168 33
169 33
170 33
171 33
172 33
173 33
174 32
175 32
176 33
177 33
178 33
179 28
180 32
181 32
182 33
183 32
184 32
185 32
186 33
187 17
188 32
189 33
190 32
191 33
192 32
193 20
194 33
195 33
196 32
197 32
198 27
199 33
200 27
201 9
202 33
203 32
204 32
205 33
206 33
207 32
208 33
209 33
210 33
211 32
212 32
213 32
214 33
215 32
216 33
217 32
218 25
219 32
220 33
221 27
222 33
223 33
224 15
225 32
226 33
227 33
228 32
229 23
230 33
231 32
232 32
233 33
234 32
235 32
236 33
237 33
238 32
239 32
240 32
241 32
242 33
243 32
244 33
245 32
246 32
247 32
248 33
249 27
250 32
251 32
252 32
253 25
254 33
255 25
256 25
257 33
258 33
259 32
260 32
261 17
262 32
263 4
264 15
265 7
266 33
267 29
268 32
269 25
270 33
271 32
272 33
273 33
274 33
275 33
276 32
277 33
278 33
279 19
280 33
281 27
282 33
283 33
284 33
285 32
286 32
287 33
288 33
289 33
290 10
291 32
292 32
293 11
294 33
295 33
296 32
297 27
298 1
299 20
300 18
301 32
302 29
303 33
304 33
305 33
306 33
307 33
308 33
309 33
310 33
311 33
312 33
313 20
314 0
315 33
316 32
317 17
318 32
319 33
320 33
321 33
322 33
323 32
324 24
325 33
326 33
327 32
328 28
329 32
330 6
331 33
332 33
333 33
334 8
335 33
336 32
337 33
338 4
339 33
340 33
341 32
342 33
343 8
344 33
345 33
346 33
347 32
348 33
349 33
350 33
351 33
352 32
353 32
354 33
355 33
356 32
357 11
358 21
359 33
360 32
361 33
362 33
363 33
364 33
365 32
366 33
367 22
368 33
369 33
370 33
371 15
372 33
373 33
374 20
375 33
376 32
377 33
378 33
379 32
380 33
381 33
382 33
383 33
384 32
385 32
386 33
387 0
388 23
389 33
390 21
391 32
392 33
393 33
394 33
395 25
396 33
397 32
398 21
399 32
400 29
401 33
402 33
403 33
404 33
405 32
406 23
407 32
408 33
409 33
410 10
411 32
412 32
413 6
414 4
415 32
416 32
417 33
418 32
419 29
420 1
421 33
422 33
423 16
424 32
425 32
426 15
427 9
428 25
429 33
430 32
431 8
432 33
433 32
434 33
435 33
436 15
437 33
438 17
439 33
440 32
441 33
442 21
443 17
444 32
445 33
446 27
447 33
448 33
449 0
450 7
451 33
452 33
453 33
454 32
455 33
456 32
457 33
458 33
459 32
460 32
461 20
462 32
463 33
464 33
465 27
466 21
467 33
468 25
469 33
470 33
471 32
472 33
473 33
474 33
475 20
476 33
477 32
478 24
479 32
480 33
481 32
482 27
483 33
484 21
485 28
486 20
487 32
488 33
489 21
490 33
491 32
492 23
493 32
494 33
495 33
496 33
497 11
498 33
499 33
500 32
501 24
502 33
503 33
504 33
505 33
506 32
507 23
508 32
509 32
510 33
511 19
512 9
513 23
514 32
515 33
516 17
517 32
518 33
519 32
520 33
521 1
522 32
523 29
524 32
525 32
526 25
527 33
528 26
529 32
530 32
531 32
532 27
533 33
534 22
535 33
536 33
537 19
538 32
539 33
540 33
541 29
542 33
543 11
544 32
545 32
546 27
547 33
548 21
549 7
550 26
551 33
552 33
553 7
554 33
555 32
556 27
557 33
558 32
559 33
560 21
561 28
562 32
563 20
564 33
565 32
566 7
567 33
568 33
569 7
570 32
571 22
572 32
573 32
574 33
575 26
576 33
577 29
578 32
579 33
580 24
581 32
582 33
583 33
584 7
585 32
586 32
587 33
588 29
589 27
590 33
591 7
592 33
593 33
594 9
595 32
596 32
597 33
598 33
599 33
600 27
601 25
602 32
603 32
604 22
605 17
606 33
607 26
608 22
609 29
610 32
611 22
612 33
613 33
614 32
615 33
616 33
617 33
618 33
619 33
620 33
621 33
622 17
623 33
624 32
625 32
626 19
627 23
628 33
629 29
630 33
631 10
632 32
633 32
634 29
635 33
636 33
637 32
638 32
639 33
640 33
641 33
642 33
643 10
644 33
645 32
646 33
647 33
648 16
649 33
650 32
651 33
652 32
653 18
654 33
655 33
656 32
657 33
658 27
659 33
660 32
661 33
662 33
663 22
664 32
665 33
666 32
667 19
668 16
669 27
670 32
671 32
672 24
673 32
674 33
675 32
676 32
677 33
678 22
679 20
680 26
681 32
682 32
683 33
684 33
685 33
686 24
687 27
688 32
689 33
690 32
691 32
692 23
693 32
694 33
695 33
696 32
697 23
698 33
699 33
700 33
701 32
702 33
703 32
704 32
705 29
706 26
707 18
708 33
709 33
710 33
711 33
712 33
713 22
714 23
715 32
716 32
717 33
718 33
719 32
720 27
721 33
722 33
723 22
724 25
725 32
726 33
727 25
728 33
729 16
730 24
731 33
732 32
733 22
734 10
735 18
736 33
737 33
738 26
739 27
740 32
741 32
742 33
743 33
744 32
745 33
746 33
747 33
748 33
749 10
750 33
751 27
752 24
753 26
754 19
755 32
756 33
757 32
758 32
759 25
760 33
761 32
762 32
763 19
764 32
765 32
766 32
767 32
768 23
769 32
770 22
771 24
772 32
773 32
774 16
775 33
776 32
777 32
778 33
779 32
780 10
781 24
782 26
783 33
784 26
785 32
786 32
787 25
788 29
789 33
790 22
791 16
792 33
793 25
794 33
795 5
796 33
797 33
798 33
799 13
800 32
801 31
802 26
803 33
804 32
805 32
806 13
807 33
808 32
809 32
810 32
811 33
812 32
813 19
814 33
815 16
816 5
817 32
818 10
819 26
820 33
821 33
822 33
823 27
824 28
825 32
826 33
827 22
828 31
829 29
830 32
831 29
832 28
833 32
834 13
835 32
836 33
837 25
838 28
839 33
840 32
841 31
842 31
843 33
844 25
845 25
846 32
847 32
848 13
849 32
850 10
851 32
852 33
853 33
854 32
855 28
856 33
857 33
858 32
859 29
860 22
861 32
862 13
863 32
864 32
865 33
866 13
867 33
868 31
869 5
870 33
871 29
872 33
873 25
874 28
875 29
876 32
877 33
878 31
879 10
880 22
881 29
882 25
883 33
884 32
885 32
886 33
887 31
888 30
889 30
890 30
891 5
892 33
893 22
894 32
895 32
896 13
897 32
898 13
899 33
900 30
901 32
902 5
903 30
904 29
905 32
906 32
907 25
908 30
909 30
910 25
911 29
912 32
913 27
914 29
915 25
916 32
917 30
918 33
919 25
920 25
921 29
922 27
923 27
924 32
925 32
926 32
927 30
928 25
929 32
930 27
931 25
932 25
933 25
934 25
935 27
936 14
937 33
938 25
939 32
940 30
941 33
942 30
943 28
944 27
945 25
946 33
947 25
948 12
949 28
950 33
951 28
952 33
953 33
954 14
955 12
956 28
957 28
958 12
959 28
960 25
961 27
962 28
963 28
964 27
965 14
966 33
967 12
968 12
969 28
970 14
971 28
972 14
973 25
974 12
975 28
976 12
977 14
978 12
979 28
980 3
981 3
982 12
983 28
984 3
985 28
986 12
987 14
988 3
989 3
990 3
991 3
992 3
993 14
994 2
995 2
996 2
997 2
998 12
999 12
1000 2
