Time:263.673259973526
NMI:0.9166979456030246
ARI:0.8346973016335977
#com:34
1 9
2 28
3 32
4 28
5 32
6 31
7 1
8 31
9 31
10 10
11 32
12 30
13 0
14 29
15 28
16 25
17 30
18 24
19 31
20 33
21 33
22 29
23 32
24 30
25 1
26 16
27 24
28 18
29 18
30 32
31 31
32 31
33 1
34 33
35 23
36 30
37 31
38 22
39 31
40 22
41 33
42 26
43 33
44 33
45 25
46 19
47 28
48 24
49 8
50 22
51 16
52 30
53 28
54 14
55 31
56 28
57 19
58 2
59 19
60 27
61 9
62 32
63 33
64 26
65 3
66 19
67 27
68 33
69 18
70 22
71 33
72 33
73 2
74 31
75 18
76 25
77 33
78 25
79 30
80 25
81 32
82 29
83 6
84 8
85 8
86 4
87 22
88 31
89 30
90 32
91 17
92 30
93 18
94 16
95 29
96 31
97 6
98 32
99 8
100 7
101 22
102 16
103 32
104 8
105 28
106 28
107 25
108 30
109 27
110 31
111 32
112 30
113 10
114 8
115 26
116 30
117 33
118 25
119 33
120 31
121 19
122 22
123 9
124 22
125 28
126 16
127 33
128 6
129 32
130 25
131 12
132 28
133 10
134 12
135 30
136 11
137 27
138 31
139 25
140 27
141 16
142 30
143 31
144 25
145 32
146 30
147 32
148 10
149 22
150 28
151 23
152 28
153 29
154 30
155 23
156 33
157 33
158 27
159 31
160 28
161 6
162 9
163 8
164 32
165 27
166 12
167 32
168 13
169 22
170 19
171 33
172 32
173 28
174 32
175 24
176 24
177 25
178 32
179 33
180 19
181 27
182 31
183 32
184 25
185 32
186 23
187 28
188 22
189 30
190 32
191 31
192 19
193 16
194 14
195 28
196 32
197 28
198 33
199 31
200 27
201 31
202 30
203 28
204 1
205 12
206 32
207 28
208 32
209 16
210 30
211 9
212 28
213 27
214 24
215 32
216 32
217 31
218 15
219 30
220 28
221 31
222 31
223 32
224 14
225 33
226 29
227 23
228 18
229 29
230 19
231 25
232 28
233 30
234 33
235 27
236 32
237 26
238 1
239 18
240 33
241 1
242 24
243 28
244 30
245 19
246 30
247 22
248 30
249 31
250 33
251 33
252 31
253 33
254 30
255 28
256 30
257 31
258 29
259 31
260 24
261 28
262 29
263 33
264 14
265 29
266 30
267 33
268 27
269 30
270 32
271 32
272 31
273 22
274 30
275 22
276 33
277 22
278 28
279 27
280 27
281 27
282 25
283 24
284 31
285 29
286 33
287 31
288 32
289 10
290 19
291 28
292 24
293 12
294 30
295 33
296 33
297 27
298 10
299 16
300 30
301 28
302 29
303 25
304 32
305 22
306 16
307 23
308 24
309 30
310 32
311 24
312 25
313 16
314 9
315 30
316 32
317 28
318 32
319 24
320 22
321 29
322 32
323 27
324 29
325 22
326 8
327 1
328 33
329 29
330 16
331 30
332 16
333 30
334 6
335 25
336 33
337 32
338 33
339 30
340 32
341 19
342 30
343 6
344 30
345 8
346 28
347 24
348 5
349 26
350 33
351 30
352 24
353 27
354 25
355 22
356 25
357 12
358 17
359 30
360 18
361 23
362 28
363 30
364 30
365 19
366 30
367 22
368 33
369 25
370 29
371 14
372 22
373 30
374 16
375 32
376 30
377 25
378 31
379 19
380 23
381 30
382 22
383 32
384 19
385 29
386 30
387 9
388 29
389 33
390 17
391 33
392 32
393 33
394 32
395 33
396 25
397 30
398 17
399 33
400 20
401 23
402 32
403 30
404 12
405 18
406 29
407 24
408 30
409 30
410 33
411 28
412 32
413 16
414 33
415 24
416 32
417 30
418 32
419 21
420 10
421 19
422 8
423 23
424 27
425 28
426 14
427 31
428 30
429 32
430 29
431 6
432 32
433 30
434 33
435 30
436 14
437 8
438 28
439 30
440 29
441 8
442 17
443 28
444 28
445 33
446 27
447 32
448 22
449 9
450 29
451 29
452 28
453 24
454 27
455 32
456 31
457 8
458 33
459 19
460 22
461 16
462 24
463 30
464 30
465 27
466 17
467 30
468 30
469 22
470 32
471 24
472 32
473 32
474 33
475 16
476 33
477 28
478 29
479 24
480 23
481 29
482 27
483 32
484 17
485 33
486 16
487 33
488 31
489 17
490 30
491 31
492 29
493 25
494 28
495 28
496 23
497 12
498 25
499 28
500 18
501 29
502 24
503 30
504 25
505 31
506 28
507 29
508 18
509 32
510 22
511 27
512 31
513 29
514 28
515 31
516 28
517 30
518 30
519 1
520 30
521 10
522 29
523 29
524 1
525 25
526 30
527 28
528 26
529 18
530 18
531 28
532 27
533 28
534 22
535 32
536 31
537 27
538 33
539 8
540 22
541 29
542 32
543 12
544 32
545 33
546 31
547 31
548 17
549 29
550 26
551 33
552 24
553 29
554 23
555 28
556 27
557 25
558 28
559 30
560 17
561 33
562 29
563 16
564 24
565 33
566 29
567 22
568 29
569 29
570 26
571 22
572 28
573 30
574 30
575 26
576 25
577 29
578 28
579 33
580 29
581 33
582 22
583 28
584 29
585 31
586 33
587 33
588 29
589 27
590 32
591 29
592 22
593 24
594 31
595 31
596 31
597 30
598 30
599 30
600 27
601 30
602 28
603 31
604 22
605 28
606 24
607 26
608 22
609 29
610 28
611 22
612 33
613 25
614 19
615 32
616 32
617 25
618 30
619 25
620 33
621 25
622 28
623 32
624 32
625 22
626 27
627 29
628 22
629 29
630 30
631 19
632 28
633 33
634 29
635 32
636 25
637 30
638 24
639 31
640 31
641 32
642 32
643 19
644 31
645 32
646 30
647 25
648 23
649 32
650 28
651 25
652 27
653 30
654 29
655 33
656 32
657 22
658 27
659 33
660 24
661 33
662 32
663 22
664 28
665 30
666 31
667 27
668 23
669 27
670 31
671 28
672 29
673 32
674 30
675 22
676 32
677 28
678 22
679 16
680 26
681 26
682 32
683 33
684 22
685 22
686 29
687 27
688 19
689 33
690 30
691 28
692 29
693 30
694 33
695 30
696 31
697 29
698 8
699 33
700 30
701 28
702 25
703 18
704 32
705 29
706 26
707 30
708 33
709 30
710 32
711 22
712 30
713 22
714 29
715 32
716 32
717 32
718 30
719 18
720 27
721 31
722 30
723 22
724 30
725 32
726 23
727 30
728 30
729 23
730 29
731 30
732 30
733 22
734 19
735 30
736 23
737 31
738 26
739 27
740 28
741 30
742 28
743 32
744 28
745 33
746 30
747 30
748 33
749 19
750 31
751 27
752 29
753 26
754 27
755 28
756 32
757 30
758 28
759 30
760 33
761 30
762 28
763 27
764 32
765 31
766 28
767 32
768 29
769 28
770 22
771 29
772 28
773 30
774 23
775 22
776 28
777 32
778 33
779 32
780 19
781 29
782 26
783 33
784 26
785 32
786 31
787 30
788 29
789 22
790 22
791 23
792 33
793 33
794 33
795 24
796 33
797 25
798 30
799 27
800 28
801 32
802 26
803 33
804 32
805 28
806 27
807 30
808 32
809 32
810 28
811 32
812 28
813 27
814 31
815 23
816 24
817 32
818 19
819 26
820 30
821 22
822 30
823 31
824 33
825 28
826 25
827 22
828 32
829 29
830 8
831 29
832 33
833 28
834 27
835 28
836 30
837 30
838 33
839 22
840 31
841 32
842 32
843 32
844 30
845 30
846 32
847 32
848 27
849 31
850 19
851 31
852 31
853 25
854 25
855 33
856 28
857 25
858 32
859 29
860 22
861 28
862 27
863 32
864 31
865 28
866 27
867 25
868 32
869 24
870 25
871 29
872 32
873 30
874 33
875 29
876 32
877 32
878 32
879 19
880 22
881 29
882 30
883 25
884 32
885 32
886 30
887 32
888 33
889 33
890 33
891 24
892 30
893 22
894 28
895 28
896 27
897 28
898 27
899 32
900 33
901 28
902 24
903 33
904 29
905 32
906 28
907 30
908 33
909 33
910 30
911 29
912 30
913 31
914 29
915 30
916 32
917 33
918 32
919 30
920 30
921 29
922 31
923 31
924 28
925 28
926 28
927 33
928 30
929 28
930 31
931 30
932 30
933 30
934 30
935 31
936 28
937 30
938 30
939 30
940 33
941 25
942 33
943 33
944 31
945 30
946 25
947 30
948 32
949 33
950 30
951 33
952 30
953 30
954 28
955 32
956 33
957 33
958 32
959 33
960 30
961 31
962 33
963 33
964 31
965 28
966 30
967 32
968 32
969 33
970 28
971 33
972 28
973 30
974 32
975 33
976 32
977 28
978 32
979 33
980 30
981 30
982 32
983 33
984 30
985 33
986 32
987 28
988 30
989 30
990 30
991 30
992 30
993 28
994 33
995 33
996 33
997 33
998 32
999 32
1000 33
