Time:163.31412720680237
ORC_Time:0.4098191261291504
NMI:0.8907182851629918
ARI:0.835657903230069
#com:38
1 37
2 15
3 26
4 36
5 2
6 2
7 36
8 31
9 30
10 25
11 35
12 27
13 30
14 29
15 33
16 32
17 30
18 34
19 25
20 37
21 35
22 34
23 36
24 35
25 31
26 29
27 29
28 33
29 30
30 33
31 10
32 32
33 35
34 8
35 23
36 11
37 37
38 32
39 31
40 0
41 1
42 34
43 33
44 31
45 26
46 28
47 14
48 37
49 36
50 22
51 25
52 34
53 31
54 37
55 37
56 34
57 29
58 32
59 33
60 36
61 36
62 35
63 33
64 30
65 29
66 36
67 32
68 22
69 10
70 2
71 15
72 37
73 37
74 15
75 18
76 37
77 3
78 37
79 31
80 36
81 37
82 14
83 35
84 14
85 15
86 28
87 34
88 4
89 32
90 34
91 14
92 34
93 31
94 34
95 35
96 28
97 32
98 37
99 18
100 22
101 33
102 2
103 23
104 25
105 34
106 14
107 36
108 32
109 5
110 35
111 34
112 33
113 36
114 36
115 22
116 23
117 36
118 33
119 33
120 33
121 29
122 28
123 31
124 32
125 6
126 34
127 14
128 34
129 5
130 7
131 23
132 8
133 15
134 30
135 34
136 34
137 14
138 36
139 14
140 15
141 25
142 29
143 31
144 15
145 33
146 26
147 37
148 26
149 33
150 37
151 22
152 11
153 26
154 26
155 28
156 34
157 33
158 30
159 14
160 36
161 23
162 29
163 29
164 22
165 14
166 29
167 30
168 34
169 34
170 9
171 32
172 36
173 34
174 27
175 18
176 36
177 30
178 14
179 34
180 33
181 34
182 35
183 34
184 29
185 8
186 33
187 18
188 37
189 33
190 34
191 34
192 34
193 35
194 35
195 34
196 36
197 36
198 22
199 31
200 27
201 37
202 28
203 31
204 30
205 10
206 2
207 37
208 31
209 35
210 25
211 15
212 37
213 33
214 15
215 25
216 30
217 30
218 26
219 33
220 37
221 36
222 28
223 29
224 37
225 25
226 29
227 22
228 28
229 29
230 11
231 34
232 22
233 36
234 25
235 29
236 37
237 12
238 32
239 30
240 35
241 37
242 26
243 18
244 28
245 27
246 30
247 8
248 18
249 22
250 8
251 37
252 34
253 26
254 34
255 33
256 37
257 28
258 13
259 36
260 34
261 34
262 29
263 34
264 32
265 31
266 32
267 29
268 29
269 34
270 32
271 26
272 37
273 2
274 36
275 26
276 16
277 30
278 26
279 25
280 34
281 32
282 22
283 32
284 11
285 31
286 36
287 28
288 34
289 10
290 31
291 25
292 17
293 18
294 14
295 29
296 10
297 19
298 32
299 30
300 35
301 34
302 22
303 30
304 32
305 33
306 36
307 20
308 22
309 28
310 35
311 34
312 37
313 22
314 34
315 26
316 30
317 14
318 21
319 8
320 37
321 35
322 32
323 28
324 34
325 30
326 14
327 22
328 23
329 36
330 8
331 26
332 29
333 36
334 15
335 28
336 33
337 18
338 33
339 18
340 30
341 25
342 36
343 23
344 33
345 11
346 37
347 35
348 29
349 37
350 29
351 34
352 34
353 35
354 36
355 29
356 18
357 37
358 15
359 30
360 34
361 10
362 18
363 22
364 32
365 29
366 30
367 37
368 26
369 26
370 27
371 31
372 29
373 2
374 22
375 15
376 34
377 36
378 31
379 30
380 26
381 14
382 29
383 29
384 32
385 23
386 28
387 33
388 23
389 35
390 35
391 37
392 34
393 32
394 32
395 30
396 33
397 35
398 18
399 32
400 34
401 33
402 24
403 11
404 25
405 26
406 34
407 34
408 14
409 36
410 30
411 34
412 29
413 35
414 30
415 33
416 11
417 10
418 2
419 26
420 33
421 30
422 30
423 33
424 29
425 34
426 33
427 29
428 27
429 37
430 25
431 15
432 25
433 35
434 36
435 31
436 34
437 32
438 27
439 35
440 34
441 22
442 36
443 37
444 25
445 34
446 33
447 36
448 36
449 34
450 37
451 31
452 29
453 37
454 32
455 37
456 26
457 25
458 31
459 15
460 34
461 37
462 35
463 37
464 29
465 34
466 30
467 34
468 34
469 14
470 34
471 22
472 32
473 35
474 36
475 31
476 29
477 26
478 11
479 14
480 36
481 36
482 36
483 29
484 33
485 33
486 36
487 35
488 26
489 34
490 29
491 28
492 34
493 27
494 34
495 33
496 36
497 31
498 28
499 35
500 22
501 30
502 32
503 18
504 2
505 34
506 26
507 29
508 34
509 30
510 26
511 26
512 34
513 26
514 31
515 34
516 34
517 28
518 33
519 34
520 33
521 29
522 33
523 35
524 36
525 29
526 33
527 32
528 30
529 35
530 36
531 26
532 36
533 30
534 34
535 18
536 31
537 37
538 30
539 26
540 31
541 28
542 37
543 30
544 36
545 37
546 31
547 14
548 35
549 27
550 28
551 22
552 35
553 34
554 29
555 29
556 28
557 23
558 36
559 33
560 33
561 31
562 36
563 32
564 34
565 18
566 25
567 26
568 27
569 32
570 35
571 32
572 29
573 33
574 34
575 30
576 34
577 30
578 36
579 34
580 23
581 34
582 35
583 33
584 36
585 30
586 15
587 36
588 15
589 27
590 23
591 27
592 32
593 29
594 32
595 35
596 33
597 28
598 29
599 34
600 34
601 35
602 28
603 30
604 35
605 34
606 37
607 33
608 27
609 35
610 26
611 34
612 33
613 29
614 25
615 36
616 37
617 30
618 27
619 35
620 37
621 31
622 22
623 33
624 33
625 33
626 37
627 22
628 26
629 36
630 33
631 29
632 34
633 37
634 28
635 37
636 31
637 35
638 23
639 25
640 31
641 23
642 14
643 29
644 30
645 34
646 34
647 31
648 36
649 33
650 30
651 25
652 33
653 35
654 36
655 33
656 33
657 34
658 28
659 30
660 22
661 18
662 31
663 15
664 35
665 25
666 33
667 34
668 34
669 35
670 33
671 33
672 15
673 34
674 34
675 36
676 28
677 35
678 35
679 32
680 29
681 14
682 33
683 22
684 34
685 37
686 26
687 36
688 22
689 22
690 33
691 15
692 34
693 36
694 37
695 27
696 30
697 30
698 36
699 33
700 35
701 36
702 37
703 37
704 34
705 15
706 34
707 22
708 25
709 37
710 33
711 27
712 33
713 33
714 35
715 15
716 31
717 25
718 35
719 34
720 33
721 34
722 37
723 27
724 34
725 37
726 31
727 33
728 34
729 29
730 35
731 15
732 25
733 27
734 26
735 30
736 35
737 34
738 32
739 34
740 29
741 32
742 35
743 37
744 29
745 30
746 34
747 34
748 36
749 31
750 25
751 33
752 29
753 15
754 34
755 35
756 15
757 30
758 35
759 30
760 35
761 35
762 30
763 33
764 35
765 36
766 33
767 30
768 34
769 28
770 28
771 33
772 15
773 35
774 36
775 37
776 36
777 30
778 30
779 30
780 14
781 32
782 37
783 33
784 34
785 31
786 18
787 30
788 31
789 32
790 37
791 30
792 31
793 25
794 32
795 37
796 28
797 25
798 29
799 30
800 34
801 34
802 36
803 36
804 15
805 32
806 26
807 36
808 28
809 36
810 37
811 36
812 31
813 34
814 30
815 37
816 34
817 18
818 35
819 25
820 30
821 33
822 37
823 34
824 31
825 33
826 32
827 22
828 35
829 34
830 36
831 36
832 36
833 22
834 30
835 36
836 35
837 32
838 31
839 33
840 37
841 32
842 37
843 32
844 32
845 30
846 35
847 37
848 34
849 35
850 14
851 26
852 37
853 31
854 15
855 37
856 14
857 36
858 34
859 34
860 30
861 37
862 26
863 36
864 35
865 36
866 34
867 35
868 33
869 29
870 35
871 29
872 22
873 30
874 35
875 33
876 36
877 30
878 25
879 37
880 25
881 30
882 30
883 37
884 37
885 35
886 35
887 32
888 31
889 33
890 34
891 35
892 37
893 25
894 36
895 29
896 35
897 36
898 25
899 34
900 32
901 35
902 36
903 37
904 34
905 37
906 34
907 33
908 34
909 25
910 32
911 28
912 30
913 36
914 22
915 34
916 36
917 33
918 26
919 34
920 35
921 33
922 31
923 35
924 36
925 33
926 31
927 29
928 36
929 32
930 30
931 34
932 37
933 32
934 37
935 36
936 35
937 33
938 36
939 36
940 37
941 29
942 36
943 36
944 36
945 33
946 34
947 37
948 36
949 34
950 34
951 35
952 33
953 30
954 34
955 34
956 30
957 34
958 36
959 36
960 35
961 34
962 36
963 33
964 35
965 35
966 33
967 34
968 35
969 36
970 33
971 35
972 35
973 37
974 36
975 33
976 35
977 34
978 35
979 34
980 33
981 37
982 35
983 35
984 34
985 37
986 34
987 37
988 35
989 27
990 33
991 36
992 37
993 36
994 34
995 36
996 37
997 34
998 35
999 35
1000 36
