Time:267.3927779197693
nmi:0.4685267712686171
ari:0.07802803481044521
nf1:0.08300210160818713
#com:38
1 35
2 12
3 0
4 35
5 34
6 1
7 34
8 35
9 34
10 34
11 35
12 29
13 34
14 34
15 34
16 34
17 34
18 36
19 34
20 34
21 35
22 35
23 36
24 34
25 35
26 34
27 7
28 34
29 34
30 34
31 8
32 34
33 35
34 13
35 34
36 34
37 34
38 34
39 34
40 35
41 35
42 34
43 34
44 34
45 34
46 34
47 34
48 35
49 36
50 34
51 34
52 35
53 34
54 5
55 36
56 36
57 34
58 34
59 34
60 34
61 35
62 35
63 34
64 34
65 7
66 34
67 34
68 34
69 8
70 34
71 35
72 35
73 37
74 34
75 34
76 31
77 31
78 34
79 35
80 35
81 34
82 34
83 35
84 34
85 34
86 34
87 34
88 35
89 34
90 10
91 35
92 34
93 35
94 35
95 35
96 35
97 34
98 35
99 34
100 34
101 34
102 34
103 23
104 34
105 35
106 35
107 34
108 34
109 34
110 35
111 35
112 31
113 35
114 34
115 34
116 34
117 36
118 34
119 36
120 34
121 34
122 34
123 27
124 34
125 34
126 34
127 35
128 34
129 34
130 35
131 34
132 13
133 34
134 34
135 35
136 35
137 14
138 35
139 34
140 34
141 34
142 34
143 34
144 34
145 34
146 34
147 34
148 34
149 31
150 34
151 34
152 18
153 34
154 34
155 34
156 35
157 34
158 34
159 34
160 35
161 34
162 34
163 34
164 34
165 34
166 34
167 34
168 31
169 34
170 35
171 34
172 35
173 34
174 34
175 34
176 34
177 34
178 34
179 34
180 31
181 36
182 35
183 15
184 34
185 13
186 36
187 34
188 34
189 34
190 34
191 31
192 34
193 35
194 35
195 15
196 36
197 36
198 34
199 35
200 35
201 35
202 35
203 34
204 34
205 34
206 1
207 35
208 35
209 34
210 34
211 34
212 34
213 37
214 34
215 26
216 34
217 34
218 34
219 34
220 35
221 34
222 34
223 17
224 34
225 35
226 17
227 34
228 34
229 34
230 18
231 31
232 34
233 34
234 35
235 34
236 35
237 34
238 34
239 34
240 35
241 35
242 34
243 34
244 34
245 29
246 34
247 13
248 22
249 34
250 35
251 34
252 34
253 0
254 34
255 34
256 35
257 34
258 35
259 35
260 31
261 31
262 34
263 15
264 34
265 35
266 34
267 34
268 34
269 35
270 34
271 34
272 36
273 1
274 36
275 34
276 36
277 34
278 34
279 26
280 15
281 34
282 34
283 34
284 18
285 35
286 36
287 34
288 36
289 8
290 35
291 26
292 34
293 22
294 34
295 34
296 8
297 35
298 34
299 34
300 35
301 34
302 34
303 34
304 34
305 34
306 35
307 35
308 34
309 34
310 34
311 35
312 35
313 34
314 35
315 34
316 34
317 14
318 34
319 13
320 35
321 35
322 34
323 34
324 34
325 34
326 34
327 34
328 35
329 36
330 34
331 34
332 34
333 35
334 34
335 34
336 34
337 34
338 34
339 22
340 34
341 26
342 36
343 34
344 34
345 18
346 37
347 34
348 34
349 35
350 34
351 36
352 34
353 35
354 36
355 34
356 34
357 34
358 34
359 34
360 36
361 8
362 34
363 34
364 35
365 34
366 34
367 34
368 34
369 34
370 29
371 34
372 34
373 1
374 34
375 34
376 35
377 34
378 35
379 34
380 34
381 34
382 7
383 34
384 34
385 23
386 34
387 34
388 23
389 35
390 35
391 34
392 34
393 20
394 34
395 34
396 34
397 34
398 22
399 34
400 35
401 34
402 35
403 18
404 34
405 34
406 15
407 34
408 34
409 35
410 34
411 34
412 7
413 34
414 34
415 34
416 18
417 8
418 1
419 34
420 34
421 34
422 34
423 34
424 34
425 35
426 34
427 34
428 25
429 35
430 26
431 34
432 34
433 34
434 34
435 34
436 10
437 34
438 25
439 34
440 34
441 34
442 34
443 37
444 34
445 35
446 34
447 34
448 34
449 35
450 37
451 35
452 34
453 34
454 34
455 35
456 34
457 35
458 34
459 34
460 34
461 37
462 35
463 34
464 7
465 35
466 34
467 10
468 34
469 34
470 34
471 34
472 34
473 35
474 34
475 35
476 34
477 34
478 18
479 34
480 34
481 34
482 35
483 7
484 34
485 34
486 35
487 35
488 0
489 34
490 34
491 34
492 10
493 29
494 35
495 34
496 35
497 35
498 34
499 35
500 34
501 34
502 34
503 34
504 1
505 34
506 34
507 34
508 35
509 34
510 34
511 34
512 34
513 34
514 35
515 34
516 35
517 34
518 34
519 34
520 34
521 34
522 34
523 35
524 36
525 34
526 34
527 34
528 34
529 35
530 34
531 34
532 34
533 34
534 35
535 22
536 35
537 35
538 34
539 34
540 35
541 34
542 37
543 34
544 36
545 34
546 35
547 14
548 35
549 25
550 34
551 34
552 34
553 35
554 34
555 34
556 28
557 23
558 34
559 34
560 34
561 35
562 35
563 34
564 35
565 9
566 34
567 34
568 34
569 36
570 35
571 34
572 34
573 34
574 35
575 34
576 15
577 34
578 34
579 35
580 34
581 34
582 34
583 32
584 35
585 34
586 34
587 34
588 34
589 29
590 23
591 29
592 34
593 34
594 34
595 35
596 32
597 34
598 34
599 35
600 35
601 34
602 34
603 34
604 34
605 34
606 34
607 34
608 29
609 35
610 34
611 35
612 34
613 34
614 26
615 34
616 34
617 34
618 25
619 34
620 37
621 35
622 34
623 34
624 34
625 34
626 37
627 34
628 34
629 35
630 34
631 34
632 35
633 37
634 28
635 35
636 35
637 34
638 23
639 34
640 35
641 23
642 14
643 34
644 34
645 35
646 34
647 27
648 36
649 33
650 34
651 26
652 34
653 35
654 36
655 32
656 34
657 35
658 34
659 34
660 34
661 9
662 35
663 34
664 34
665 26
666 34
667 35
668 31
669 34
670 34
671 34
672 34
673 35
674 34
675 34
676 28
677 34
678 34
679 34
680 34
681 14
682 34
683 34
684 35
685 35
686 34
687 34
688 34
689 34
690 34
691 34
692 34
693 36
694 35
695 29
696 34
697 34
698 36
699 33
700 34
701 35
702 37
703 35
704 35
705 34
706 31
707 34
708 26
709 37
710 34
711 29
712 33
713 34
714 34
715 12
716 35
717 26
718 34
719 35
720 34
721 35
722 34
723 29
724 34
725 35
726 35
727 34
728 35
729 34
730 34
731 12
732 26
733 29
734 34
735 34
736 34
737 35
738 20
739 31
740 34
741 34
742 35
743 35
744 34
745 34
746 34
747 35
748 34
749 35
750 26
751 34
752 34
753 12
754 34
755 35
756 12
757 34
758 34
759 34
760 35
761 35
762 34
763 34
764 35
765 36
766 32
767 34
768 35
769 36
770 28
771 34
772 12
773 35
774 36
775 37
776 36
777 34
778 34
779 34
780 14
781 34
782 37
783 34
784 31
785 35
786 9
787 34
788 35
789 34
790 35
791 34
792 35
793 26
794 34
795 37
796 28
797 26
798 34
799 34
800 31
801 35
802 36
803 36
804 12
805 20
806 16
807 35
808 34
809 35
810 37
811 36
812 27
813 31
814 34
815 37
816 35
817 34
818 34
819 26
820 34
821 34
822 37
823 35
824 27
825 34
826 20
827 34
828 35
829 35
830 36
831 36
832 35
833 34
834 34
835 36
836 35
837 34
838 35
839 34
840 37
841 34
842 37
843 19
844 19
845 34
846 24
847 37
848 31
849 24
850 14
851 16
852 37
853 27
854 12
855 37
856 14
857 36
858 31
859 34
860 21
861 37
862 16
863 36
864 24
865 36
866 35
867 24
868 34
869 6
870 24
871 6
872 34
873 21
874 30
875 34
876 36
877 34
878 26
879 37
880 26
881 21
882 34
883 37
884 35
885 30
886 30
887 19
888 27
889 34
890 35
891 30
892 37
893 26
894 36
895 6
896 30
897 36
898 26
899 36
900 19
901 30
902 36
903 37
904 31
905 37
906 31
907 32
908 31
909 26
910 19
911 36
912 21
913 36
914 34
915 34
916 36
917 32
918 16
919 35
920 24
921 32
922 27
923 24
924 36
925 34
926 27
927 6
928 36
929 19
930 21
931 31
932 37
933 19
934 37
935 36
936 24
937 34
938 36
939 36
940 37
941 6
942 36
943 36
944 36
945 34
946 31
947 37
948 36
949 31
950 31
951 24
952 11
953 21
954 31
955 31
956 21
957 31
958 36
959 36
960 35
961 31
962 36
963 11
964 35
965 35
966 11
967 31
968 35
969 36
970 11
971 35
972 35
973 3
974 36
975 11
976 35
977 31
978 35
979 31
980 11
981 3
982 35
983 35
984 31
985 3
986 31
987 3
988 2
989 2
990 11
991 4
992 3
993 2
994 31
995 4
996 2
997 31
998 2
999 2
1000 4
