Time:157.97797179222107
ORC_Time:0.46896886825561523
NMI:0.3941425301357625
ARI:0.025649172263489423
#com:38
1 35
2 10
3 35
4 34
5 35
6 0
7 35
8 35
9 35
10 35
11 35
12 35
13 35
14 35
15 35
16 35
17 35
18 35
19 35
20 35
21 34
22 35
23 35
24 35
25 35
26 35
27 5
28 35
29 35
30 35
31 6
32 35
33 34
34 11
35 35
36 35
37 35
38 35
39 35
40 35
41 34
42 35
43 35
44 35
45 35
46 35
47 35
48 35
49 35
50 35
51 35
52 35
53 35
54 4
55 35
56 35
57 35
58 35
59 35
60 35
61 35
62 34
63 35
64 35
65 5
66 35
67 35
68 35
69 6
70 35
71 34
72 34
73 37
74 35
75 35
76 13
77 35
78 35
79 35
80 32
81 35
82 35
83 35
84 35
85 35
86 35
87 35
88 35
89 35
90 7
91 35
92 35
93 35
94 35
95 35
96 35
97 35
98 35
99 35
100 35
101 35
102 35
103 22
104 35
105 35
106 35
107 35
108 35
109 35
110 34
111 35
112 35
113 35
114 35
115 35
116 35
117 35
118 35
119 35
120 35
121 35
122 35
123 27
124 35
125 35
126 35
127 35
128 35
129 35
130 35
131 35
132 11
133 35
134 35
135 35
136 35
137 12
138 35
139 35
140 35
141 35
142 35
143 35
144 35
145 35
146 35
147 35
148 35
149 13
150 35
151 35
152 17
153 35
154 35
155 35
156 35
157 35
158 35
159 35
160 35
161 35
162 35
163 35
164 35
165 35
166 35
167 35
168 35
169 35
170 34
171 35
172 35
173 35
174 35
175 35
176 35
177 35
178 35
179 35
180 35
181 35
182 34
183 14
184 35
185 11
186 35
187 35
188 35
189 35
190 35
191 23
192 35
193 35
194 35
195 14
196 35
197 35
198 35
199 35
200 35
201 34
202 35
203 35
204 35
205 35
206 0
207 35
208 35
209 35
210 35
211 35
212 35
213 35
214 35
215 25
216 35
217 35
218 35
219 35
220 35
221 35
222 35
223 16
224 35
225 35
226 16
227 35
228 35
229 35
230 17
231 35
232 35
233 35
234 26
235 35
236 35
237 35
238 35
239 35
240 35
241 35
242 35
243 35
244 35
245 35
246 35
247 11
248 35
249 35
250 11
251 35
252 35
253 35
254 35
255 35
256 35
257 35
258 35
259 35
260 35
261 35
262 35
263 14
264 35
265 35
266 35
267 35
268 35
269 35
270 35
271 35
272 35
273 0
274 35
275 35
276 32
277 35
278 35
279 25
280 14
281 35
282 35
283 35
284 17
285 35
286 35
287 35
288 35
289 6
290 35
291 26
292 35
293 35
294 35
295 35
296 6
297 35
298 35
299 35
300 35
301 35
302 35
303 35
304 35
305 35
306 35
307 35
308 35
309 35
310 35
311 35
312 35
313 35
314 35
315 35
316 35
317 12
318 35
319 11
320 35
321 34
322 35
323 35
324 35
325 35
326 35
327 35
328 34
329 35
330 35
331 35
332 35
333 35
334 35
335 35
336 35
337 35
338 35
339 35
340 35
341 26
342 35
343 35
344 35
345 17
346 37
347 35
348 35
349 35
350 35
351 35
352 35
353 35
354 35
355 35
356 35
357 35
358 35
359 35
360 35
361 6
362 35
363 35
364 35
365 35
366 35
367 35
368 35
369 35
370 35
371 35
372 35
373 0
374 35
375 35
376 35
377 35
378 35
379 35
380 35
381 35
382 5
383 35
384 35
385 22
386 35
387 35
388 22
389 35
390 35
391 35
392 35
393 19
394 35
395 35
396 35
397 35
398 35
399 35
400 35
401 35
402 34
403 17
404 35
405 35
406 14
407 35
408 35
409 35
410 35
411 35
412 5
413 35
414 35
415 35
416 17
417 6
418 0
419 35
420 35
421 35
422 35
423 35
424 35
425 35
426 35
427 35
428 24
429 35
430 25
431 35
432 35
433 35
434 35
435 35
436 7
437 35
438 24
439 35
440 35
441 35
442 35
443 37
444 35
445 35
446 35
447 35
448 35
449 35
450 35
451 35
452 35
453 35
454 35
455 35
456 35
457 35
458 35
459 35
460 35
461 37
462 35
463 35
464 5
465 35
466 35
467 7
468 35
469 35
470 35
471 35
472 35
473 35
474 35
475 35
476 35
477 35
478 17
479 35
480 35
481 35
482 35
483 5
484 35
485 35
486 35
487 34
488 35
489 35
490 35
491 35
492 7
493 30
494 35
495 35
496 35
497 35
498 35
499 35
500 35
501 35
502 35
503 35
504 0
505 35
506 35
507 35
508 35
509 35
510 35
511 35
512 35
513 35
514 35
515 35
516 35
517 35
518 35
519 35
520 35
521 35
522 35
523 35
524 35
525 35
526 35
527 35
528 35
529 34
530 35
531 35
532 35
533 35
534 35
535 35
536 35
537 35
538 35
539 35
540 35
541 35
542 35
543 35
544 35
545 35
546 35
547 12
548 34
549 24
550 35
551 35
552 35
553 35
554 35
555 35
556 29
557 22
558 35
559 35
560 35
561 35
562 35
563 35
564 35
565 35
566 35
567 35
568 35
569 35
570 35
571 35
572 35
573 35
574 35
575 35
576 14
577 35
578 35
579 35
580 35
581 35
582 35
583 35
584 35
585 35
586 35
587 35
588 35
589 30
590 22
591 30
592 35
593 35
594 35
595 35
596 35
597 35
598 35
599 35
600 35
601 35
602 35
603 35
604 35
605 35
606 35
607 35
608 35
609 35
610 35
611 35
612 35
613 35
614 25
615 35
616 35
617 35
618 24
619 35
620 37
621 35
622 35
623 35
624 35
625 35
626 35
627 35
628 35
629 35
630 35
631 35
632 35
633 35
634 29
635 35
636 35
637 35
638 22
639 35
640 35
641 22
642 12
643 35
644 35
645 35
646 35
647 27
648 35
649 33
650 35
651 26
652 35
653 35
654 35
655 35
656 35
657 35
658 35
659 35
660 35
661 35
662 35
663 35
664 35
665 26
666 35
667 35
668 32
669 35
670 35
671 35
672 10
673 35
674 35
675 35
676 29
677 35
678 35
679 35
680 35
681 12
682 35
683 35
684 35
685 35
686 35
687 35
688 35
689 35
690 35
691 35
692 35
693 35
694 35
695 30
696 35
697 35
698 36
699 33
700 35
701 35
702 37
703 35
704 35
705 35
706 32
707 35
708 25
709 35
710 35
711 30
712 33
713 35
714 35
715 10
716 35
717 26
718 35
719 35
720 35
721 35
722 35
723 30
724 35
725 35
726 35
727 35
728 35
729 35
730 35
731 10
732 26
733 30
734 35
735 35
736 35
737 32
738 19
739 32
740 35
741 35
742 35
743 35
744 35
745 35
746 35
747 35
748 35
749 35
750 26
751 35
752 35
753 10
754 35
755 35
756 10
757 35
758 35
759 35
760 34
761 34
762 35
763 35
764 34
765 21
766 35
767 35
768 35
769 35
770 29
771 35
772 10
773 35
774 35
775 37
776 35
777 35
778 35
779 35
780 12
781 35
782 37
783 35
784 32
785 35
786 35
787 35
788 35
789 35
790 35
791 35
792 35
793 25
794 35
795 35
796 29
797 26
798 35
799 35
800 32
801 35
802 21
803 36
804 10
805 19
806 15
807 35
808 35
809 35
810 35
811 36
812 27
813 32
814 35
815 37
816 35
817 35
818 35
819 26
820 35
821 35
822 37
823 32
824 27
825 35
826 19
827 8
828 35
829 35
830 21
831 35
832 35
833 8
834 35
835 28
836 23
837 35
838 35
839 35
840 35
841 35
842 37
843 18
844 18
845 35
846 23
847 37
848 32
849 23
850 12
851 15
852 35
853 27
854 10
855 37
856 12
857 35
858 32
859 35
860 20
861 37
862 15
863 21
864 23
865 21
866 35
867 23
868 35
869 4
870 23
871 4
872 8
873 20
874 31
875 35
876 28
877 35
878 26
879 37
880 25
881 20
882 35
883 37
884 35
885 31
886 31
887 18
888 27
889 35
890 35
891 31
892 37
893 25
894 35
895 4
896 31
897 35
898 25
899 35
900 18
901 31
902 28
903 37
904 32
905 35
906 32
907 35
908 32
909 25
910 18
911 35
912 20
913 35
914 8
915 35
916 28
917 35
918 15
919 35
920 23
921 35
922 27
923 23
924 28
925 35
926 27
927 4
928 28
929 18
930 20
931 35
932 37
933 18
934 37
935 28
936 23
937 35
938 35
939 35
940 37
941 4
942 35
943 35
944 35
945 35
946 35
947 37
948 35
949 35
950 35
951 23
952 9
953 20
954 35
955 35
956 20
957 13
958 35
959 35
960 34
961 35
962 35
963 9
964 34
965 34
966 9
967 13
968 34
969 35
970 9
971 34
972 34
973 2
974 35
975 9
976 34
977 13
978 34
979 13
980 9
981 2
982 34
983 34
984 13
985 2
986 13
987 2
988 1
989 1
990 9
991 3
992 2
993 1
994 13
995 3
996 1
997 13
998 1
999 1
1000 3
