Time:154.54203581809998
ORC_Time:0.38639402389526367
NMI:0.41327560565724436
ARI:0.03648763727121854
#com:38
1 35
2 7
3 30
4 34
5 35
6 0
7 35
8 30
9 35
10 35
11 35
12 27
13 35
14 35
15 35
16 32
17 35
18 35
19 35
20 35
21 34
22 35
23 35
24 35
25 35
26 35
27 13
28 35
29 35
30 35
31 4
32 35
33 34
34 8
35 35
36 35
37 32
38 35
39 35
40 35
41 34
42 35
43 35
44 35
45 35
46 35
47 35
48 35
49 35
50 35
51 35
52 35
53 35
54 32
55 35
56 30
57 35
58 35
59 35
60 35
61 30
62 34
63 35
64 32
65 13
66 35
67 35
68 35
69 4
70 35
71 34
72 34
73 37
74 35
75 35
76 10
77 35
78 35
79 35
80 29
81 35
82 35
83 35
84 35
85 35
86 35
87 35
88 35
89 35
90 5
91 35
92 35
93 35
94 35
95 35
96 35
97 35
98 35
99 35
100 35
101 35
102 35
103 19
104 35
105 35
106 30
107 35
108 35
109 35
110 35
111 35
112 35
113 30
114 35
115 35
116 35
117 30
118 35
119 35
120 32
121 35
122 35
123 24
124 35
125 35
126 35
127 35
128 35
129 35
130 35
131 35
132 8
133 30
134 35
135 30
136 35
137 9
138 35
139 35
140 35
141 35
142 35
143 35
144 35
145 35
146 35
147 35
148 35
149 10
150 35
151 35
152 14
153 35
154 35
155 35
156 35
157 35
158 35
159 35
160 30
161 35
162 35
163 35
164 35
165 35
166 35
167 35
168 35
169 35
170 34
171 35
172 35
173 35
174 35
175 35
176 35
177 35
178 35
179 35
180 30
181 35
182 34
183 11
184 35
185 8
186 35
187 35
188 35
189 35
190 35
191 20
192 35
193 35
194 30
195 11
196 35
197 35
198 35
199 35
200 35
201 34
202 35
203 35
204 35
205 35
206 0
207 35
208 35
209 35
210 35
211 35
212 35
213 32
214 30
215 22
216 32
217 35
218 35
219 35
220 35
221 35
222 35
223 13
224 35
225 35
226 13
227 35
228 35
229 35
230 14
231 35
232 35
233 35
234 35
235 35
236 35
237 35
238 35
239 35
240 35
241 30
242 35
243 35
244 35
245 27
246 35
247 8
248 32
249 35
250 8
251 35
252 35
253 30
254 35
255 35
256 35
257 35
258 35
259 35
260 35
261 35
262 35
263 11
264 35
265 35
266 35
267 35
268 35
269 35
270 35
271 35
272 35
273 0
274 30
275 35
276 29
277 35
278 35
279 22
280 11
281 35
282 35
283 35
284 14
285 35
286 35
287 35
288 35
289 4
290 35
291 23
292 35
293 32
294 35
295 35
296 4
297 35
298 18
299 35
300 30
301 35
302 35
303 35
304 35
305 35
306 30
307 30
308 35
309 35
310 35
311 35
312 35
313 35
314 35
315 35
316 35
317 9
318 35
319 8
320 35
321 34
322 35
323 35
324 35
325 35
326 35
327 35
328 34
329 35
330 35
331 30
332 35
333 35
334 30
335 35
336 35
337 35
338 35
339 32
340 35
341 23
342 30
343 35
344 35
345 14
346 37
347 35
348 35
349 35
350 35
351 35
352 35
353 35
354 30
355 30
356 35
357 35
358 35
359 35
360 35
361 4
362 35
363 35
364 30
365 35
366 35
367 35
368 30
369 35
370 27
371 35
372 35
373 0
374 35
375 30
376 30
377 35
378 35
379 32
380 30
381 35
382 13
383 35
384 35
385 19
386 35
387 35
388 19
389 35
390 30
391 35
392 35
393 18
394 35
395 35
396 35
397 35
398 32
399 35
400 30
401 35
402 34
403 14
404 35
405 35
406 11
407 35
408 35
409 30
410 35
411 35
412 13
413 35
414 35
415 35
416 14
417 4
418 0
419 35
420 35
421 35
422 35
423 35
424 35
425 35
426 35
427 35
428 21
429 35
430 22
431 35
432 35
433 35
434 30
435 35
436 5
437 35
438 21
439 35
440 35
441 35
442 35
443 37
444 35
445 35
446 32
447 35
448 35
449 35
450 35
451 30
452 35
453 35
454 35
455 35
456 35
457 35
458 35
459 35
460 35
461 37
462 35
463 35
464 13
465 35
466 35
467 5
468 35
469 35
470 35
471 35
472 35
473 35
474 35
475 35
476 35
477 35
478 14
479 35
480 35
481 35
482 35
483 13
484 35
485 35
486 35
487 34
488 30
489 35
490 30
491 35
492 5
493 27
494 35
495 35
496 30
497 30
498 35
499 35
500 35
501 35
502 35
503 35
504 0
505 35
506 35
507 35
508 35
509 35
510 35
511 35
512 35
513 30
514 35
515 35
516 35
517 35
518 32
519 35
520 35
521 35
522 35
523 35
524 35
525 30
526 35
527 35
528 35
529 34
530 35
531 35
532 30
533 32
534 29
535 32
536 30
537 35
538 32
539 30
540 35
541 35
542 31
543 35
544 35
545 35
546 35
547 9
548 34
549 21
550 35
551 35
552 35
553 30
554 30
555 35
556 26
557 19
558 35
559 35
560 35
561 35
562 35
563 35
564 30
565 30
566 35
567 30
568 35
569 35
570 35
571 35
572 35
573 35
574 35
575 32
576 11
577 35
578 35
579 29
580 35
581 35
582 35
583 32
584 35
585 32
586 30
587 35
588 35
589 27
590 19
591 27
592 35
593 35
594 35
595 35
596 32
597 35
598 35
599 35
600 35
601 35
602 35
603 35
604 35
605 35
606 35
607 35
608 27
609 35
610 30
611 35
612 32
613 35
614 22
615 30
616 35
617 32
618 21
619 35
620 37
621 35
622 35
623 35
624 35
625 32
626 31
627 35
628 35
629 35
630 32
631 35
632 35
633 31
634 26
635 30
636 35
637 35
638 19
639 35
640 30
641 19
642 9
643 35
644 35
645 30
646 35
647 24
648 30
649 33
650 35
651 23
652 35
653 35
654 30
655 32
656 35
657 35
658 35
659 32
660 35
661 30
662 30
663 30
664 35
665 23
666 32
667 35
668 29
669 35
670 35
671 35
672 7
673 35
674 35
675 35
676 26
677 35
678 35
679 35
680 35
681 9
682 35
683 35
684 35
685 35
686 30
687 35
688 35
689 35
690 32
691 30
692 35
693 35
694 35
695 27
696 35
697 32
698 36
699 33
700 35
701 35
702 37
703 35
704 30
705 30
706 29
707 35
708 22
709 35
710 32
711 27
712 33
713 32
714 35
715 7
716 30
717 23
718 35
719 35
720 32
721 35
722 35
723 27
724 35
725 30
726 35
727 35
728 35
729 35
730 35
731 7
732 23
733 27
734 35
735 32
736 35
737 29
738 18
739 29
740 35
741 35
742 35
743 30
744 35
745 35
746 35
747 30
748 35
749 30
750 23
751 32
752 35
753 7
754 35
755 35
756 7
757 35
758 35
759 32
760 34
761 34
762 35
763 32
764 34
765 17
766 32
767 32
768 30
769 35
770 26
771 32
772 7
773 35
774 35
775 37
776 30
777 35
778 32
779 35
780 9
781 35
782 37
783 35
784 29
785 35
786 30
787 32
788 30
789 35
790 35
791 32
792 30
793 22
794 18
795 31
796 26
797 23
798 35
799 32
800 29
801 35
802 17
803 36
804 7
805 18
806 12
807 35
808 35
809 35
810 31
811 36
812 24
813 29
814 35
815 37
816 35
817 35
818 35
819 23
820 35
821 32
822 37
823 29
824 24
825 35
826 18
827 32
828 35
829 35
830 17
831 35
832 35
833 32
834 35
835 25
836 20
837 35
838 30
839 32
840 31
841 35
842 37
843 15
844 15
845 32
846 20
847 37
848 29
849 20
850 9
851 12
852 35
853 24
854 7
855 37
856 9
857 35
858 29
859 35
860 16
861 37
862 12
863 17
864 20
865 17
866 30
867 20
868 35
869 32
870 20
871 32
872 32
873 16
874 28
875 32
876 25
877 35
878 23
879 37
880 22
881 16
882 32
883 37
884 35
885 28
886 28
887 15
888 24
889 35
890 35
891 28
892 37
893 22
894 35
895 32
896 28
897 35
898 22
899 35
900 15
901 28
902 25
903 37
904 29
905 35
906 29
907 32
908 29
909 22
910 15
911 35
912 16
913 35
914 32
915 35
916 25
917 32
918 12
919 35
920 20
921 32
922 24
923 20
924 25
925 35
926 24
927 32
928 25
929 15
930 16
931 35
932 37
933 15
934 37
935 25
936 20
937 35
938 35
939 35
940 37
941 32
942 30
943 30
944 30
945 35
946 35
947 37
948 30
949 35
950 35
951 20
952 6
953 16
954 35
955 35
956 16
957 10
958 30
959 30
960 34
961 35
962 30
963 6
964 34
965 34
966 6
967 10
968 34
969 30
970 6
971 34
972 34
973 2
974 30
975 6
976 34
977 10
978 34
979 10
980 6
981 2
982 34
983 34
984 10
985 2
986 10
987 2
988 1
989 1
990 6
991 3
992 2
993 1
994 10
995 3
996 1
997 10
998 1
999 1
1000 3
