Time:303.73059463500977
NMI:0.7040935623405636
ARI:0.3152991660043768
#com:31
1 12
2 2
3 29
4 0
5 29
6 29
7 29
8 12
9 29
10 29
11 29
12 6
13 29
14 29
15 24
16 26
17 29
18 25
19 29
20 29
21 14
22 25
23 25
24 0
25 0
26 27
27 25
28 22
29 29
30 29
31 25
32 1
33 2
34 8
35 29
36 29
37 27
38 2
39 29
40 12
41 0
42 4
43 0
44 29
45 1
46 14
47 29
48 25
49 24
50 8
51 27
52 25
53 25
54 2
55 23
56 25
57 29
58 29
59 24
60 6
61 27
62 27
63 26
64 29
65 20
66 30
67 1
68 29
69 14
70 24
71 25
72 4
73 27
74 29
75 18
76 29
77 29
78 29
79 29
80 27
81 29
82 29
83 29
84 29
85 29
86 25
87 8
88 26
89 26
90 2
91 29
92 29
93 29
94 26
95 29
96 25
97 29
98 29
99 29
100 20
101 4
102 29
103 6
104 29
105 29
106 2
107 25
108 25
109 29
110 29
111 24
112 25
113 1
114 4
115 25
116 29
117 29
118 4
119 23
120 29
121 26
122 4
123 29
124 29
125 25
126 23
127 29
128 29
129 26
130 0
131 14
132 29
133 11
134 29
135 8
136 29
137 29
138 29
139 29
140 25
141 4
142 2
143 23
144 24
145 29
146 12
147 24
148 24
149 25
150 29
151 26
152 8
153 25
154 25
155 25
156 8
157 23
158 29
159 24
160 24
161 29
162 29
163 29
164 1
165 29
166 29
167 29
168 29
169 8
170 12
171 29
172 29
173 29
174 25
175 29
176 29
177 4
178 29
179 14
180 25
181 14
182 27
183 25
184 29
185 29
186 27
187 29
188 29
189 29
190 27
191 29
192 8
193 26
194 26
195 14
196 12
197 24
198 25
199 0
200 29
201 29
202 25
203 29
204 24
205 29
206 6
207 25
208 24
209 29
210 25
211 25
212 4
213 25
214 2
215 25
216 29
217 29
218 29
219 24
220 25
221 24
222 11
223 29
224 27
225 0
226 29
227 1
228 29
229 29
230 2
231 25
232 29
233 26
234 29
235 25
236 29
237 29
238 25
239 29
240 8
241 25
242 28
243 29
244 17
245 25
246 26
247 29
248 25
249 25
250 29
251 14
252 29
253 1
254 29
255 1
256 24
257 25
258 25
259 29
260 25
261 14
262 25
263 29
264 24
265 27
266 26
267 23
268 24
269 27
270 29
271 25
272 29
273 24
274 24
275 25
276 12
277 29
278 29
279 12
280 29
281 1
282 29
283 29
284 8
285 29
286 29
287 25
288 29
289 25
290 12
291 24
292 27
293 26
294 14
295 29
296 25
297 26
298 1
299 29
300 26
301 20
302 27
303 24
304 29
305 29
306 17
307 28
308 29
309 29
310 25
311 20
312 29
313 29
314 25
315 4
316 26
317 29
318 26
319 24
320 26
321 2
322 26
323 24
324 25
325 29
326 25
327 25
328 29
329 29
330 29
331 25
332 12
333 24
334 29
335 25
336 29
337 25
338 29
339 24
340 29
341 4
342 29
343 27
344 24
345 0
346 29
347 21
348 24
349 2
350 29
351 1
352 26
353 25
354 25
355 29
356 29
357 29
358 25
359 24
360 6
361 26
362 27
363 29
364 1
365 24
366 25
367 14
368 23
369 29
370 29
371 2
372 29
373 29
374 25
375 25
376 27
377 0
378 29
379 29
380 29
381 12
382 27
383 29
384 29
385 29
386 29
387 12
388 29
389 25
390 25
391 29
392 29
393 27
394 26
395 29
396 12
397 29
398 25
399 12
400 24
401 0
402 17
403 14
404 0
405 29
406 1
407 10
408 26
409 29
410 29
411 29
412 29
413 29
414 11
415 29
416 14
417 29
418 29
419 25
420 29
421 29
422 27
423 29
424 25
425 26
426 29
427 29
428 8
429 29
430 29
431 8
432 27
433 29
434 29
435 8
436 25
437 24
438 29
439 25
440 29
441 29
442 11
443 11
444 27
445 27
446 29
447 21
448 29
449 29
450 29
451 26
452 26
453 11
454 25
455 8
456 0
457 29
458 14
459 24
460 29
461 29
462 23
463 27
464 14
465 29
466 29
467 25
468 29
469 29
470 11
471 11
472 26
473 29
474 24
475 25
476 29
477 29
478 23
479 23
480 29
481 29
482 29
483 29
484 25
485 29
486 24
487 27
488 29
489 26
490 29
491 10
492 25
493 29
494 25
495 14
496 29
497 29
498 29
499 25
500 29
501 18
502 24
503 24
504 23
505 23
506 25
507 24
508 10
509 18
510 11
511 27
512 26
513 25
514 26
515 25
516 29
517 27
518 22
519 30
520 29
521 29
522 29
523 10
524 29
525 29
526 12
527 29
528 28
529 25
530 29
531 25
532 6
533 26
534 29
535 27
536 24
537 26
538 29
539 27
540 27
541 14
542 29
543 25
544 29
545 29
546 26
547 24
548 24
549 29
550 24
551 29
552 29
553 29
554 14
555 29
556 29
557 29
558 26
559 25
560 0
561 26
562 10
563 6
564 29
565 26
566 29
567 29
568 29
569 26
570 25
571 29
572 23
573 21
574 24
575 29
576 17
577 14
578 27
579 0
580 29
581 29
582 19
583 11
584 0
585 29
586 26
587 26
588 18
589 25
590 29
591 23
592 0
593 29
594 11
595 27
596 29
597 29
598 6
599 25
600 25
601 25
602 6
603 21
604 25
605 24
606 24
607 29
608 27
609 25
610 29
611 27
612 18
613 27
614 21
615 0
616 18
617 29
618 25
619 29
620 14
621 29
622 29
623 24
624 25
625 25
626 25
627 26
628 27
629 29
630 29
631 25
632 10
633 17
634 24
635 6
636 24
637 6
638 26
639 27
640 29
641 29
642 23
643 25
644 17
645 24
646 25
647 29
648 29
649 6
650 29
651 26
652 26
653 27
654 27
655 29
656 24
657 26
658 6
659 25
660 30
661 29
662 20
663 23
664 14
665 22
666 26
667 27
668 29
669 24
670 27
671 24
672 27
673 27
674 21
675 29
676 18
677 25
678 25
679 26
680 6
681 24
682 27
683 29
684 25
685 24
686 20
687 25
688 24
689 29
690 23
691 27
692 30
693 29
694 22
695 29
696 25
697 18
698 29
699 22
700 29
701 30
702 29
703 24
704 14
705 26
706 24
707 22
708 29
709 24
710 22
711 22
712 10
713 27
714 26
715 26
716 29
717 22
718 26
719 25
720 29
721 18
722 22
723 29
724 27
725 21
726 27
727 26
728 24
729 30
730 10
731 20
732 29
733 29
734 22
735 27
736 29
737 29
738 29
739 25
740 29
741 29
742 29
743 10
744 18
745 29
746 29
747 21
748 28
749 24
750 29
751 27
752 29
753 18
754 10
755 30
756 24
757 27
758 25
759 29
760 24
761 29
762 23
763 29
764 18
765 24
766 29
767 29
768 18
769 28
770 22
771 16
772 30
773 25
774 18
775 29
776 20
777 25
778 18
779 16
780 27
781 24
782 10
783 22
784 21
785 18
786 22
787 18
788 29
789 27
790 26
791 23
792 30
793 10
794 27
795 25
796 27
797 20
798 23
799 25
800 29
801 27
802 30
803 16
804 21
805 30
806 23
807 19
808 26
809 10
810 16
811 28
812 30
813 29
814 16
815 23
816 29
817 29
818 24
819 15
820 25
821 29
822 28
823 24
824 28
825 23
826 29
827 30
828 15
829 13
830 29
831 24
832 16
833 27
834 23
835 27
836 23
837 16
838 28
839 13
840 21
841 15
842 16
843 16
844 13
845 13
846 15
847 27
848 16
849 19
850 27
851 29
852 27
853 23
854 29
855 29
856 27
857 29
858 16
859 13
860 27
861 16
862 15
863 15
864 29
865 28
866 23
867 23
868 24
869 27
870 23
871 15
872 30
873 13
874 15
875 19
876 29
877 19
878 16
879 13
880 30
881 28
882 28
883 19
884 19
885 15
886 13
887 30
888 19
889 13
890 27
891 21
892 19
893 16
894 9
895 16
896 27
897 23
898 16
899 13
900 16
901 27
902 28
903 19
904 29
905 16
906 29
907 29
908 23
909 16
910 19
911 23
912 30
913 28
914 23
915 19
916 23
917 19
918 19
919 7
920 30
921 27
922 15
923 27
924 27
925 30
926 23
927 30
928 28
929 15
930 15
931 19
932 19
933 30
934 5
935 3
936 5
937 9
938 9
939 5
940 27
941 13
942 15
943 27
944 5
945 9
946 5
947 9
948 7
949 13
950 3
951 5
952 5
953 7
954 9
955 3
956 3
957 3
958 7
959 19
960 5
961 3
962 5
963 5
964 7
965 7
966 3
967 7
968 19
969 19
970 3
971 13
972 5
973 13
974 7
975 3
976 5
977 7
978 9
979 7
980 13
981 3
982 13
983 3
984 7
985 5
986 3
987 5
988 7
989 3
990 7
991 13
992 5
993 5
994 9
995 3
996 13
997 9
998 5
999 9
1000 3
