Time:303.91830587387085
NMI:0.614241897955596
ARI:0.14689664261461888
#com:31
1 12
2 2
3 29
4 0
5 29
6 29
7 29
8 12
9 29
10 29
11 29
12 6
13 29
14 26
15 29
16 29
17 26
18 29
19 29
20 29
21 14
22 29
23 29
24 0
25 0
26 26
27 29
28 24
29 28
30 29
31 29
32 1
33 2
34 8
35 29
36 29
37 26
38 2
39 29
40 12
41 0
42 4
43 29
44 29
45 1
46 14
47 29
48 29
49 29
50 8
51 15
52 29
53 29
54 2
55 25
56 29
57 26
58 29
59 29
60 6
61 15
62 26
63 21
64 29
65 22
66 30
67 1
68 29
69 14
70 29
71 29
72 4
73 26
74 26
75 19
76 29
77 29
78 29
79 29
80 15
81 29
82 29
83 29
84 29
85 29
86 29
87 8
88 21
89 21
90 2
91 29
92 29
93 29
94 29
95 26
96 29
97 29
98 29
99 26
100 22
101 4
102 29
103 6
104 29
105 29
106 2
107 29
108 29
109 29
110 29
111 29
112 29
113 1
114 4
115 29
116 26
117 29
118 4
119 25
120 29
121 21
122 4
123 29
124 26
125 29
126 25
127 29
128 29
129 29
130 29
131 14
132 29
133 11
134 29
135 8
136 29
137 29
138 29
139 29
140 29
141 4
142 2
143 25
144 29
145 29
146 12
147 29
148 29
149 29
150 29
151 29
152 8
153 29
154 29
155 29
156 8
157 25
158 29
159 29
160 29
161 26
162 29
163 29
164 1
165 29
166 29
167 29
168 29
169 8
170 12
171 29
172 29
173 26
174 29
175 29
176 29
177 4
178 29
179 14
180 29
181 14
182 26
183 29
184 29
185 29
186 26
187 26
188 29
189 26
190 26
191 29
192 8
193 29
194 21
195 14
196 12
197 29
198 29
199 0
200 29
201 29
202 29
203 29
204 29
205 29
206 6
207 29
208 29
209 29
210 29
211 29
212 4
213 29
214 2
215 29
216 26
217 29
218 29
219 29
220 29
221 29
222 11
223 29
224 26
225 0
226 29
227 1
228 29
229 29
230 2
231 29
232 26
233 21
234 29
235 29
236 29
237 29
238 29
239 29
240 8
241 29
242 27
243 29
244 18
245 29
246 21
247 29
248 29
249 29
250 28
251 14
252 29
253 1
254 29
255 1
256 29
257 29
258 29
259 29
260 29
261 14
262 29
263 29
264 29
265 26
266 21
267 25
268 29
269 26
270 29
271 29
272 29
273 29
274 29
275 29
276 12
277 29
278 29
279 12
280 29
281 1
282 29
283 29
284 8
285 29
286 29
287 29
288 29
289 29
290 12
291 29
292 26
293 29
294 14
295 29
296 29
297 21
298 1
299 29
300 21
301 22
302 26
303 29
304 29
305 29
306 18
307 27
308 29
309 29
310 29
311 22
312 29
313 29
314 29
315 4
316 29
317 29
318 29
319 29
320 29
321 2
322 29
323 29
324 29
325 29
326 29
327 29
328 26
329 29
330 28
331 29
332 12
333 29
334 26
335 29
336 29
337 29
338 29
339 29
340 26
341 4
342 29
343 26
344 29
345 0
346 29
347 28
348 29
349 2
350 26
351 1
352 29
353 29
354 29
355 26
356 29
357 29
358 29
359 29
360 6
361 29
362 26
363 29
364 1
365 29
366 29
367 14
368 25
369 26
370 29
371 2
372 29
373 26
374 29
375 29
376 26
377 0
378 29
379 29
380 29
381 12
382 26
383 29
384 29
385 26
386 29
387 12
388 29
389 29
390 29
391 29
392 29
393 26
394 29
395 29
396 12
397 26
398 29
399 12
400 29
401 0
402 18
403 14
404 0
405 29
406 1
407 10
408 21
409 26
410 29
411 29
412 29
413 26
414 11
415 29
416 14
417 29
418 29
419 29
420 29
421 29
422 26
423 28
424 29
425 29
426 29
427 26
428 8
429 29
430 29
431 8
432 26
433 29
434 26
435 8
436 29
437 29
438 29
439 29
440 29
441 29
442 11
443 11
444 26
445 26
446 29
447 28
448 29
449 29
450 26
451 21
452 21
453 11
454 29
455 8
456 0
457 29
458 14
459 29
460 26
461 29
462 25
463 26
464 14
465 29
466 28
467 29
468 29
469 29
470 11
471 11
472 29
473 26
474 29
475 29
476 29
477 29
478 25
479 25
480 26
481 29
482 29
483 26
484 29
485 26
486 29
487 26
488 29
489 21
490 29
491 10
492 29
493 26
494 29
495 14
496 29
497 29
498 29
499 29
500 29
501 19
502 29
503 29
504 25
505 25
506 29
507 29
508 10
509 19
510 11
511 26
512 21
513 29
514 29
515 29
516 29
517 26
518 24
519 30
520 29
521 29
522 29
523 10
524 28
525 29
526 12
527 29
528 27
529 29
530 29
531 29
532 6
533 29
534 29
535 26
536 23
537 21
538 28
539 26
540 26
541 14
542 26
543 29
544 26
545 29
546 21
547 29
548 29
549 29
550 29
551 29
552 26
553 28
554 14
555 29
556 29
557 29
558 21
559 29
560 0
561 21
562 10
563 6
564 29
565 29
566 29
567 29
568 29
569 21
570 29
571 26
572 25
573 28
574 23
575 26
576 18
577 14
578 26
579 0
580 29
581 28
582 20
583 11
584 0
585 28
586 21
587 21
588 19
589 29
590 29
591 25
592 0
593 26
594 11
595 26
596 26
597 29
598 6
599 29
600 29
601 29
602 6
603 28
604 29
605 29
606 23
607 29
608 26
609 29
610 29
611 26
612 19
613 26
614 28
615 0
616 19
617 29
618 29
619 29
620 14
621 29
622 29
623 29
624 29
625 29
626 29
627 21
628 26
629 26
630 26
631 29
632 10
633 18
634 29
635 6
636 29
637 6
638 21
639 15
640 29
641 29
642 25
643 29
644 18
645 29
646 29
647 29
648 29
649 6
650 26
651 21
652 21
653 26
654 26
655 28
656 23
657 29
658 6
659 29
660 30
661 29
662 22
663 25
664 14
665 24
666 21
667 26
668 29
669 29
670 26
671 29
672 15
673 26
674 28
675 29
676 19
677 29
678 29
679 21
680 6
681 29
682 26
683 29
684 29
685 29
686 22
687 29
688 23
689 29
690 25
691 26
692 30
693 29
694 24
695 26
696 29
697 19
698 29
699 24
700 26
701 30
702 28
703 29
704 14
705 21
706 23
707 24
708 26
709 29
710 24
711 24
712 10
713 26
714 21
715 21
716 29
717 24
718 29
719 29
720 29
721 19
722 24
723 28
724 26
725 28
726 26
727 21
728 23
729 30
730 10
731 22
732 29
733 29
734 24
735 26
736 28
737 26
738 29
739 29
740 26
741 28
742 29
743 10
744 19
745 29
746 26
747 28
748 27
749 29
750 26
751 26
752 28
753 19
754 10
755 30
756 29
757 26
758 29
759 29
760 29
761 28
762 25
763 29
764 19
765 29
766 28
767 29
768 19
769 27
770 24
771 17
772 30
773 29
774 19
775 29
776 22
777 29
778 19
779 17
780 15
781 29
782 10
783 24
784 28
785 19
786 24
787 19
788 28
789 26
790 21
791 25
792 30
793 10
794 26
795 29
796 15
797 22
798 25
799 29
800 29
801 15
802 30
803 17
804 28
805 30
806 25
807 20
808 21
809 10
810 17
811 27
812 30
813 29
814 17
815 25
816 29
817 26
818 23
819 16
820 29
821 26
822 27
823 23
824 27
825 25
826 29
827 30
828 16
829 13
830 26
831 29
832 17
833 15
834 25
835 15
836 25
837 17
838 27
839 13
840 28
841 16
842 17
843 17
844 13
845 13
846 16
847 15
848 17
849 20
850 15
851 29
852 15
853 25
854 29
855 26
856 15
857 26
858 17
859 13
860 15
861 17
862 16
863 16
864 29
865 27
866 25
867 25
868 29
869 26
870 25
871 16
872 30
873 13
874 16
875 20
876 29
877 20
878 17
879 13
880 30
881 27
882 27
883 20
884 20
885 16
886 13
887 30
888 20
889 13
890 15
891 28
892 20
893 17
894 9
895 17
896 26
897 25
898 17
899 13
900 17
901 26
902 27
903 20
904 29
905 17
906 29
907 29
908 25
909 17
910 20
911 25
912 30
913 27
914 25
915 20
916 25
917 20
918 20
919 7
920 30
921 15
922 16
923 15
924 15
925 30
926 25
927 30
928 27
929 16
930 16
931 20
932 20
933 30
934 5
935 3
936 5
937 9
938 9
939 5
940 26
941 13
942 16
943 26
944 5
945 9
946 5
947 9
948 7
949 13
950 3
951 5
952 5
953 7
954 9
955 3
956 3
957 3
958 7
959 20
960 5
961 3
962 5
963 5
964 7
965 7
966 3
967 7
968 20
969 20
970 3
971 13
972 5
973 13
974 7
975 3
976 5
977 7
978 9
979 7
980 13
981 3
982 13
983 3
984 7
985 5
986 3
987 5
988 7
989 3
990 7
991 13
992 5
993 5
994 9
995 3
996 13
997 9
998 5
999 9
1000 3
