Time:303.79151010513306
NMI:0.5885381035596946
ARI:0.10982771740764798
#com:31
1 14
2 3
3 29
4 1
5 29
6 29
7 29
8 14
9 29
10 29
11 29
12 7
13 29
14 29
15 29
16 29
17 29
18 29
19 29
20 29
21 16
22 30
23 29
24 1
25 1
26 29
27 29
28 27
29 29
30 29
31 29
32 2
33 3
34 10
35 29
36 29
37 29
38 3
39 29
40 14
41 1
42 5
43 29
44 29
45 2
46 16
47 29
48 29
49 29
50 10
51 17
52 29
53 29
54 3
55 26
56 29
57 29
58 29
59 29
60 7
61 17
62 29
63 22
64 29
65 23
66 30
67 2
68 29
69 16
70 29
71 29
72 5
73 29
74 29
75 21
76 29
77 29
78 29
79 29
80 17
81 29
82 29
83 29
84 27
85 29
86 29
87 10
88 22
89 22
90 3
91 29
92 29
93 29
94 29
95 29
96 29
97 29
98 29
99 29
100 23
101 5
102 29
103 7
104 29
105 29
106 3
107 29
108 29
109 29
110 29
111 29
112 29
113 2
114 5
115 29
116 29
117 29
118 5
119 26
120 29
121 22
122 5
123 29
124 29
125 29
126 26
127 29
128 29
129 29
130 29
131 16
132 29
133 13
134 29
135 10
136 29
137 29
138 29
139 29
140 29
141 5
142 3
143 26
144 29
145 29
146 14
147 29
148 29
149 29
150 29
151 29
152 10
153 29
154 29
155 29
156 10
157 26
158 29
159 29
160 29
161 29
162 29
163 29
164 2
165 29
166 29
167 29
168 29
169 10
170 14
171 29
172 29
173 29
174 29
175 29
176 29
177 5
178 29
179 16
180 29
181 16
182 29
183 29
184 29
185 29
186 29
187 29
188 29
189 29
190 29
191 29
192 10
193 29
194 22
195 16
196 14
197 29
198 29
199 1
200 29
201 29
202 29
203 29
204 29
205 29
206 7
207 29
208 29
209 29
210 29
211 29
212 5
213 29
214 3
215 29
216 29
217 29
218 29
219 29
220 29
221 29
222 13
223 29
224 29
225 1
226 29
227 2
228 29
229 29
230 3
231 29
232 29
233 22
234 29
235 29
236 29
237 29
238 29
239 29
240 10
241 29
242 28
243 29
244 20
245 29
246 22
247 29
248 29
249 29
250 29
251 16
252 29
253 2
254 29
255 2
256 29
257 29
258 29
259 29
260 29
261 16
262 29
263 29
264 29
265 29
266 22
267 26
268 29
269 29
270 29
271 29
272 29
273 29
274 29
275 27
276 14
277 29
278 29
279 14
280 29
281 2
282 29
283 29
284 10
285 29
286 29
287 29
288 29
289 29
290 14
291 29
292 29
293 29
294 16
295 29
296 29
297 22
298 2
299 29
300 22
301 23
302 29
303 29
304 29
305 29
306 20
307 28
308 29
309 29
310 29
311 23
312 29
313 29
314 27
315 5
316 29
317 29
318 29
319 29
320 29
321 3
322 29
323 29
324 29
325 29
326 29
327 29
328 29
329 29
330 29
331 29
332 14
333 29
334 29
335 29
336 29
337 29
338 29
339 29
340 29
341 5
342 29
343 29
344 29
345 1
346 29
347 25
348 29
349 3
350 29
351 2
352 29
353 29
354 29
355 29
356 29
357 29
358 29
359 29
360 7
361 29
362 29
363 29
364 2
365 29
366 29
367 16
368 26
369 29
370 29
371 3
372 29
373 29
374 29
375 29
376 29
377 1
378 29
379 29
380 29
381 14
382 29
383 29
384 29
385 29
386 29
387 14
388 29
389 29
390 29
391 29
392 29
393 29
394 29
395 29
396 14
397 29
398 29
399 14
400 29
401 1
402 20
403 16
404 1
405 29
406 2
407 12
408 22
409 29
410 29
411 29
412 29
413 29
414 13
415 29
416 16
417 29
418 29
419 29
420 29
421 29
422 29
423 29
424 29
425 29
426 29
427 29
428 10
429 29
430 29
431 10
432 29
433 29
434 29
435 10
436 27
437 29
438 29
439 29
440 29
441 29
442 13
443 13
444 29
445 29
446 29
447 25
448 29
449 29
450 29
451 22
452 22
453 13
454 29
455 10
456 1
457 29
458 16
459 29
460 29
461 29
462 26
463 29
464 16
465 29
466 29
467 29
468 29
469 29
470 13
471 13
472 29
473 29
474 29
475 29
476 29
477 29
478 26
479 26
480 29
481 29
482 29
483 29
484 29
485 29
486 29
487 29
488 29
489 22
490 29
491 12
492 29
493 29
494 27
495 16
496 29
497 29
498 29
499 27
500 29
501 21
502 29
503 29
504 26
505 26
506 27
507 29
508 12
509 21
510 13
511 29
512 22
513 29
514 29
515 27
516 29
517 29
518 27
519 30
520 29
521 29
522 29
523 12
524 29
525 29
526 14
527 29
528 28
529 29
530 29
531 29
532 7
533 29
534 29
535 29
536 24
537 22
538 29
539 29
540 29
541 16
542 29
543 29
544 29
545 29
546 22
547 29
548 29
549 29
550 29
551 29
552 29
553 29
554 16
555 29
556 29
557 29
558 22
559 29
560 1
561 22
562 12
563 7
564 29
565 29
566 29
567 29
568 29
569 22
570 27
571 29
572 26
573 25
574 24
575 29
576 20
577 16
578 29
579 1
580 29
581 29
582 27
583 13
584 1
585 29
586 22
587 22
588 21
589 29
590 29
591 26
592 1
593 29
594 13
595 29
596 29
597 29
598 7
599 29
600 29
601 29
602 7
603 25
604 29
605 29
606 24
607 29
608 29
609 29
610 29
611 29
612 21
613 29
614 25
615 1
616 21
617 29
618 27
619 29
620 16
621 29
622 29
623 29
624 27
625 29
626 29
627 22
628 29
629 29
630 29
631 29
632 12
633 20
634 29
635 7
636 29
637 7
638 22
639 17
640 29
641 29
642 26
643 29
644 20
645 29
646 29
647 29
648 29
649 7
650 29
651 22
652 22
653 29
654 29
655 29
656 24
657 29
658 7
659 29
660 30
661 29
662 23
663 26
664 16
665 27
666 22
667 29
668 29
669 29
670 29
671 29
672 17
673 29
674 25
675 29
676 21
677 27
678 27
679 22
680 7
681 29
682 29
683 29
684 29
685 29
686 23
687 29
688 24
689 29
690 26
691 29
692 30
693 29
694 27
695 29
696 29
697 21
698 29
699 27
700 29
701 30
702 29
703 29
704 16
705 22
706 24
707 27
708 29
709 29
710 27
711 27
712 12
713 29
714 22
715 22
716 29
717 27
718 29
719 29
720 29
721 21
722 27
723 29
724 29
725 25
726 29
727 22
728 24
729 30
730 12
731 23
732 29
733 29
734 27
735 29
736 29
737 29
738 29
739 29
740 29
741 29
742 29
743 12
744 21
745 29
746 29
747 25
748 28
749 29
750 29
751 29
752 29
753 21
754 12
755 30
756 29
757 29
758 29
759 29
760 29
761 29
762 26
763 29
764 21
765 29
766 29
767 29
768 21
769 28
770 27
771 19
772 30
773 29
774 21
775 29
776 23
777 29
778 21
779 19
780 17
781 29
782 12
783 27
784 25
785 21
786 27
787 21
788 29
789 29
790 22
791 26
792 30
793 12
794 29
795 29
796 17
797 23
798 26
799 27
800 29
801 17
802 30
803 19
804 25
805 30
806 26
807 27
808 22
809 12
810 19
811 28
812 30
813 29
814 19
815 26
816 29
817 29
818 24
819 18
820 27
821 29
822 28
823 24
824 28
825 26
826 29
827 30
828 18
829 15
830 29
831 29
832 19
833 17
834 26
835 17
836 26
837 19
838 28
839 15
840 25
841 18
842 19
843 19
844 15
845 15
846 18
847 17
848 19
849 27
850 17
851 29
852 17
853 26
854 29
855 29
856 17
857 29
858 19
859 15
860 17
861 19
862 18
863 18
864 29
865 28
866 26
867 26
868 29
869 29
870 26
871 18
872 30
873 15
874 18
875 27
876 29
877 8
878 19
879 15
880 30
881 28
882 28
883 8
884 27
885 18
886 15
887 30
888 27
889 0
890 17
891 25
892 8
893 19
894 11
895 19
896 29
897 26
898 19
899 0
900 19
901 29
902 28
903 8
904 29
905 19
906 29
907 29
908 26
909 19
910 8
911 26
912 30
913 28
914 26
915 8
916 26
917 8
918 8
919 9
920 30
921 17
922 18
923 17
924 17
925 30
926 26
927 30
928 28
929 18
930 18
931 8
932 8
933 30
934 6
935 4
936 6
937 11
938 11
939 6
940 29
941 0
942 18
943 29
944 6
945 11
946 6
947 11
948 9
949 0
950 4
951 6
952 6
953 9
954 11
955 4
956 4
957 4
958 9
959 8
960 6
961 4
962 6
963 6
964 9
965 9
966 4
967 9
968 8
969 8
970 4
971 0
972 6
973 0
974 9
975 4
976 6
977 9
978 11
979 9
980 0
981 4
982 0
983 4
984 9
985 6
986 4
987 6
988 9
989 4
990 9
991 0
992 6
993 6
994 11
995 4
996 0
997 11
998 6
999 11
1000 4
