Time:174.50356197357178
ORC_Time:0.7126140594482422
NMI:0.7176544522407338
ARI:0.3937731688315325
#com:31
1 12
2 2
3 27
4 0
5 27
6 27
7 29
8 12
9 29
10 27
11 29
12 6
13 29
14 27
15 24
16 29
17 27
18 21
19 27
20 29
21 14
22 25
23 24
24 0
25 0
26 26
27 24
28 22
29 29
30 27
31 25
32 1
33 2
34 8
35 27
36 27
37 26
38 2
39 27
40 12
41 0
42 4
43 0
44 29
45 1
46 14
47 29
48 25
49 24
50 8
51 27
52 25
53 21
54 2
55 23
56 25
57 27
58 27
59 24
60 6
61 26
62 26
63 20
64 27
65 21
66 30
67 1
68 29
69 14
70 24
71 24
72 4
73 26
74 27
75 18
76 27
77 27
78 29
79 27
80 26
81 27
82 27
83 29
84 27
85 29
86 29
87 8
88 20
89 20
90 2
91 27
92 27
93 29
94 29
95 27
96 25
97 27
98 27
99 27
100 21
101 4
102 27
103 6
104 29
105 26
106 2
107 25
108 24
109 27
110 29
111 24
112 24
113 1
114 4
115 29
116 27
117 27
118 4
119 23
120 27
121 20
122 4
123 27
124 27
125 21
126 23
127 27
128 27
129 29
130 0
131 14
132 29
133 11
134 27
135 8
136 29
137 27
138 27
139 29
140 25
141 4
142 2
143 23
144 24
145 29
146 12
147 24
148 24
149 25
150 29
151 29
152 8
153 21
154 25
155 25
156 8
157 23
158 29
159 24
160 24
161 27
162 27
163 29
164 1
165 27
166 29
167 29
168 27
169 8
170 12
171 27
172 27
173 27
174 25
175 27
176 29
177 4
178 29
179 14
180 25
181 14
182 26
183 21
184 24
185 27
186 26
187 27
188 24
189 27
190 26
191 27
192 8
193 29
194 20
195 14
196 12
197 24
198 25
199 0
200 29
201 27
202 21
203 27
204 24
205 27
206 6
207 25
208 24
209 29
210 24
211 21
212 4
213 25
214 2
215 25
216 27
217 27
218 27
219 24
220 24
221 24
222 11
223 29
224 26
225 0
226 27
227 1
228 27
229 27
230 2
231 21
232 27
233 20
234 29
235 24
236 27
237 27
238 25
239 27
240 8
241 21
242 28
243 27
244 17
245 25
246 20
247 27
248 24
249 25
250 29
251 14
252 27
253 1
254 27
255 1
256 24
257 25
258 24
259 27
260 25
261 14
262 25
263 27
264 24
265 27
266 20
267 23
268 24
269 26
270 27
271 25
272 27
273 24
274 24
275 25
276 12
277 27
278 27
279 12
280 27
281 1
282 27
283 27
284 8
285 27
286 27
287 25
288 27
289 21
290 12
291 24
292 26
293 29
294 14
295 27
296 24
297 20
298 1
299 27
300 20
301 21
302 26
303 24
304 29
305 27
306 17
307 28
308 27
309 27
310 25
311 21
312 27
313 27
314 25
315 4
316 29
317 29
318 29
319 24
320 29
321 2
322 29
323 24
324 25
325 27
326 21
327 25
328 27
329 29
330 29
331 25
332 12
333 24
334 27
335 24
336 29
337 24
338 27
339 24
340 27
341 4
342 27
343 26
344 24
345 0
346 29
347 29
348 24
349 2
350 27
351 1
352 29
353 25
354 25
355 27
356 27
357 27
358 25
359 24
360 6
361 29
362 26
363 29
364 1
365 24
366 24
367 14
368 23
369 27
370 27
371 2
372 27
373 27
374 21
375 25
376 26
377 0
378 29
379 27
380 27
381 12
382 26
383 27
384 27
385 27
386 27
387 12
388 27
389 21
390 25
391 27
392 27
393 26
394 29
395 29
396 12
397 27
398 25
399 12
400 24
401 0
402 17
403 14
404 0
405 27
406 1
407 10
408 20
409 27
410 27
411 27
412 26
413 27
414 11
415 27
416 14
417 27
418 27
419 21
420 27
421 29
422 27
423 29
424 25
425 29
426 27
427 27
428 8
429 29
430 29
431 8
432 26
433 27
434 27
435 8
436 25
437 24
438 29
439 25
440 27
441 27
442 11
443 11
444 26
445 26
446 29
447 29
448 27
449 29
450 27
451 20
452 20
453 11
454 24
455 8
456 0
457 29
458 14
459 24
460 27
461 27
462 23
463 26
464 14
465 27
466 29
467 25
468 27
469 29
470 11
471 11
472 29
473 27
474 24
475 25
476 27
477 29
478 23
479 23
480 27
481 29
482 27
483 27
484 25
485 27
486 24
487 26
488 29
489 20
490 29
491 10
492 24
493 27
494 25
495 14
496 27
497 29
498 29
499 25
500 29
501 18
502 24
503 24
504 23
505 23
506 25
507 24
508 10
509 18
510 11
511 26
512 20
513 25
514 29
515 25
516 27
517 26
518 22
519 30
520 27
521 27
522 27
523 10
524 29
525 27
526 12
527 26
528 28
529 21
530 27
531 25
532 6
533 29
534 27
535 26
536 24
537 20
538 29
539 26
540 26
541 14
542 27
543 25
544 27
545 27
546 20
547 24
548 24
549 26
550 24
551 27
552 27
553 29
554 14
555 29
556 27
557 27
558 20
559 25
560 0
561 20
562 10
563 6
564 29
565 29
566 29
567 29
568 27
569 20
570 25
571 27
572 23
573 29
574 24
575 27
576 17
577 14
578 26
579 0
580 29
581 29
582 19
583 11
584 0
585 29
586 20
587 20
588 18
589 21
590 26
591 23
592 0
593 27
594 11
595 26
596 27
597 29
598 6
599 21
600 25
601 25
602 6
603 29
604 21
605 24
606 24
607 27
608 26
609 21
610 29
611 26
612 18
613 26
614 29
615 0
616 18
617 27
618 25
619 29
620 14
621 27
622 27
623 24
624 25
625 25
626 25
627 20
628 26
629 27
630 27
631 21
632 10
633 17
634 24
635 6
636 24
637 6
638 20
639 26
640 27
641 27
642 23
643 24
644 17
645 24
646 21
647 29
648 29
649 6
650 27
651 20
652 20
653 26
654 26
655 29
656 24
657 29
658 6
659 25
660 30
661 27
662 21
663 23
664 14
665 22
666 20
667 26
668 27
669 24
670 26
671 24
672 26
673 26
674 29
675 29
676 18
677 25
678 25
679 20
680 6
681 24
682 26
683 27
684 21
685 24
686 21
687 25
688 24
689 29
690 23
691 26
692 30
693 27
694 22
695 27
696 25
697 18
698 27
699 22
700 27
701 30
702 29
703 24
704 14
705 20
706 24
707 22
708 27
709 24
710 22
711 22
712 10
713 26
714 20
715 20
716 29
717 22
718 29
719 21
720 27
721 18
722 22
723 29
724 26
725 29
726 26
727 20
728 24
729 30
730 10
731 21
732 29
733 29
734 22
735 26
736 29
737 27
738 29
739 21
740 27
741 29
742 27
743 10
744 18
745 29
746 27
747 29
748 28
749 24
750 27
751 26
752 29
753 18
754 10
755 30
756 24
757 26
758 21
759 27
760 24
761 29
762 23
763 29
764 18
765 24
766 29
767 29
768 18
769 28
770 22
771 16
772 30
773 25
774 18
775 29
776 21
777 21
778 18
779 16
780 26
781 24
782 10
783 22
784 29
785 18
786 22
787 18
788 29
789 26
790 20
791 23
792 30
793 10
794 26
795 25
796 26
797 21
798 23
799 25
800 27
801 26
802 30
803 16
804 29
805 30
806 23
807 19
808 20
809 10
810 16
811 28
812 30
813 27
814 16
815 23
816 29
817 27
818 24
819 15
820 25
821 27
822 28
823 24
824 28
825 23
826 27
827 30
828 15
829 13
830 27
831 24
832 16
833 26
834 23
835 26
836 23
837 16
838 28
839 13
840 29
841 15
842 16
843 16
844 13
845 13
846 15
847 26
848 16
849 19
850 26
851 27
852 26
853 23
854 29
855 27
856 26
857 27
858 16
859 13
860 26
861 16
862 15
863 15
864 27
865 28
866 23
867 23
868 24
869 26
870 23
871 15
872 30
873 13
874 15
875 19
876 29
877 19
878 16
879 13
880 30
881 28
882 28
883 19
884 19
885 15
886 13
887 30
888 19
889 13
890 26
891 29
892 19
893 16
894 9
895 16
896 26
897 23
898 16
899 13
900 16
901 26
902 28
903 19
904 29
905 16
906 29
907 29
908 23
909 16
910 19
911 23
912 30
913 28
914 23
915 19
916 23
917 19
918 19
919 7
920 30
921 26
922 15
923 26
924 26
925 30
926 23
927 30
928 28
929 15
930 15
931 19
932 19
933 30
934 5
935 3
936 5
937 9
938 9
939 5
940 26
941 13
942 15
943 26
944 5
945 9
946 5
947 9
948 7
949 13
950 3
951 5
952 5
953 7
954 9
955 3
956 3
957 3
958 7
959 19
960 5
961 3
962 5
963 5
964 7
965 7
966 3
967 7
968 19
969 19
970 3
971 13
972 5
973 13
974 7
975 3
976 5
977 7
978 9
979 7
980 13
981 3
982 13
983 3
984 7
985 5
986 3
987 5
988 7
989 3
990 7
991 13
992 5
993 5
994 9
995 3
996 13
997 9
998 5
999 9
1000 3
