Time:301.93221616744995
NMI:0.9379427917412183
ARI:0.8996485307890816
#com:31
1 24
2 7
3 21
4 4
5 29
6 0
7 27
8 24
9 29
10 27
11 18
12 19
13 24
14 1
15 24
16 26
17 24
18 23
19 27
20 29
21 25
22 2
23 21
24 4
25 4
26 28
27 27
28 25
29 29
30 29
31 24
32 6
33 7
34 28
35 27
36 3
37 28
38 7
39 27
40 24
41 4
42 8
43 4
44 5
45 6
46 25
47 18
48 19
49 24
50 28
51 28
52 19
53 23
54 7
55 27
56 19
57 27
58 28
59 25
60 19
61 28
62 28
63 26
64 23
65 23
66 25
67 6
68 24
69 25
70 24
71 21
72 8
73 28
74 9
75 22
76 29
77 27
78 25
79 21
80 26
81 27
82 27
83 28
84 25
85 18
86 23
87 28
88 10
89 26
90 7
91 11
92 27
93 24
94 26
95 12
96 25
97 29
98 27
99 30
100 23
101 8
102 18
103 19
104 29
105 13
106 7
107 19
108 21
109 27
110 30
111 24
112 21
113 6
114 8
115 23
116 15
117 27
118 8
119 27
120 27
121 26
122 8
123 28
124 16
125 24
126 27
127 29
128 27
129 26
130 4
131 25
132 22
133 18
134 29
135 28
136 28
137 29
138 29
139 29
140 22
141 8
142 7
143 27
144 17
145 18
146 24
147 24
148 24
149 25
150 24
151 26
152 28
153 28
154 22
155 25
156 28
157 27
158 29
159 24
160 24
161 30
162 30
163 29
164 6
165 27
166 18
167 29
168 27
169 28
170 24
171 27
172 28
173 30
174 19
175 28
176 29
177 8
178 24
179 25
180 22
181 25
182 28
183 23
184 24
185 27
186 28
187 30
188 24
189 30
190 28
191 27
192 28
193 26
194 26
195 25
196 24
197 24
198 25
199 4
200 29
201 27
202 23
203 27
204 24
205 27
206 19
207 19
208 29
209 29
210 21
211 23
212 8
213 22
214 7
215 22
216 28
217 28
218 28
219 24
220 21
221 24
222 18
223 24
224 28
225 4
226 20
227 6
228 27
229 27
230 7
231 23
232 14
233 26
234 24
235 21
236 27
237 27
238 25
239 28
240 28
241 23
242 29
243 28
244 22
245 22
246 26
247 27
248 21
249 22
250 29
251 25
252 28
253 6
254 24
255 6
256 24
257 25
258 21
259 28
260 25
261 25
262 25
263 27
264 24
265 28
266 26
267 27
268 24
269 28
270 27
271 19
272 27
273 24
274 24
275 25
276 24
277 29
278 27
279 24
280 27
281 6
282 27
283 27
284 28
285 23
286 27
287 22
288 23
289 23
290 24
291 24
292 28
293 26
294 25
295 27
296 21
297 26
298 6
299 29
300 26
301 23
302 28
303 24
304 29
305 27
306 22
307 29
308 27
309 27
310 22
311 23
312 28
313 27
314 25
315 8
316 26
317 27
318 26
319 24
320 26
321 7
322 26
323 24
324 19
325 29
326 23
327 22
328 30
329 30
330 29
331 25
332 24
333 24
334 30
335 21
336 29
337 21
338 27
339 24
340 30
341 8
342 21
343 28
344 24
345 4
346 26
347 19
348 24
349 7
350 30
351 6
352 26
353 30
354 22
355 30
356 27
357 23
358 25
359 24
360 19
361 26
362 23
363 29
364 6
365 24
366 21
367 25
368 27
369 30
370 27
371 7
372 27
373 30
374 23
375 25
376 28
377 4
378 29
379 25
380 27
381 24
382 28
383 27
384 27
385 30
386 27
387 24
388 30
389 23
390 19
391 28
392 27
393 28
394 26
395 29
396 24
397 30
398 25
399 24
400 24
401 4
402 22
403 25
404 4
405 27
406 6
407 21
408 26
409 30
410 27
411 30
412 28
413 30
414 18
415 27
416 25
417 28
418 27
419 23
420 27
421 29
422 28
423 29
424 25
425 26
426 30
427 30
428 28
429 29
430 29
431 28
432 28
433 27
434 30
435 28
436 25
437 24
438 24
439 25
440 27
441 25
442 18
443 18
444 28
445 28
446 29
447 29
448 27
449 29
450 30
451 26
452 26
453 18
454 21
455 28
456 4
457 24
458 25
459 24
460 30
461 27
462 27
463 28
464 25
465 28
466 29
467 25
468 29
469 29
470 18
471 18
472 26
473 30
474 24
475 25
476 27
477 29
478 27
479 27
480 30
481 29
482 30
483 30
484 22
485 30
486 24
487 28
488 29
489 26
490 24
491 21
492 21
493 30
494 25
495 25
496 28
497 29
498 29
499 25
500 29
501 22
502 24
503 24
504 27
505 27
506 25
507 24
508 21
509 22
510 18
511 28
512 26
513 22
514 26
515 25
516 28
517 28
518 25
519 30
520 28
521 27
522 28
523 21
524 29
525 28
526 24
527 28
528 29
529 23
530 27
531 25
532 19
533 26
534 28
535 28
536 24
537 26
538 29
539 28
540 28
541 25
542 30
543 25
544 30
545 29
546 26
547 24
548 24
549 28
550 24
551 28
552 30
553 29
554 25
555 30
556 28
557 28
558 26
559 25
560 4
561 26
562 21
563 19
564 29
565 26
566 29
567 29
568 29
569 26
570 25
571 30
572 27
573 29
574 24
575 30
576 22
577 25
578 28
579 4
580 29
581 29
582 25
583 18
584 4
585 29
586 26
587 26
588 22
589 23
590 28
591 27
592 4
593 28
594 18
595 28
596 30
597 29
598 19
599 23
600 25
601 25
602 19
603 29
604 23
605 24
606 24
607 28
608 28
609 23
610 29
611 28
612 22
613 28
614 29
615 4
616 22
617 27
618 25
619 29
620 25
621 27
622 27
623 24
624 25
625 25
626 22
627 26
628 28
629 30
630 30
631 23
632 21
633 22
634 24
635 19
636 24
637 19
638 26
639 28
640 27
641 28
642 27
643 21
644 22
645 24
646 23
647 24
648 24
649 19
650 30
651 26
652 26
653 28
654 28
655 29
656 24
657 26
658 19
659 25
660 30
661 27
662 23
663 27
664 25
665 25
666 26
667 28
668 24
669 24
670 28
671 24
672 28
673 28
674 29
675 29
676 22
677 25
678 25
679 26
680 19
681 24
682 28
683 30
684 23
685 24
686 23
687 25
688 24
689 24
690 27
691 28
692 30
693 27
694 25
695 30
696 25
697 22
698 27
699 25
700 30
701 30
702 29
703 24
704 25
705 26
706 24
707 25
708 30
709 24
710 25
711 25
712 21
713 28
714 26
715 26
716 29
717 25
718 26
719 23
720 27
721 22
722 25
723 29
724 28
725 29
726 28
727 26
728 24
729 30
730 21
731 23
732 29
733 24
734 25
735 28
736 29
737 30
738 29
739 23
740 30
741 29
742 27
743 21
744 22
745 29
746 30
747 29
748 29
749 24
750 30
751 28
752 29
753 22
754 21
755 30
756 24
757 28
758 23
759 28
760 24
761 29
762 27
763 29
764 22
765 24
766 29
767 24
768 22
769 29
770 25
771 23
772 30
773 25
774 22
775 29
776 23
777 23
778 22
779 23
780 28
781 24
782 21
783 25
784 29
785 22
786 25
787 22
788 29
789 28
790 26
791 27
792 30
793 21
794 28
795 25
796 28
797 23
798 27
799 25
800 27
801 28
802 30
803 23
804 29
805 30
806 27
807 25
808 26
809 21
810 23
811 29
812 30
813 27
814 23
815 27
816 29
817 30
818 24
819 26
820 25
821 30
822 29
823 24
824 29
825 27
826 27
827 30
828 26
829 24
830 30
831 24
832 23
833 28
834 27
835 28
836 27
837 23
838 29
839 24
840 29
841 26
842 23
843 23
844 24
845 24
846 26
847 28
848 23
849 25
850 28
851 28
852 28
853 27
854 29
855 30
856 28
857 30
858 23
859 24
860 28
861 23
862 26
863 26
864 28
865 29
866 27
867 27
868 24
869 28
870 27
871 26
872 30
873 24
874 26
875 25
876 29
877 25
878 23
879 24
880 30
881 29
882 29
883 25
884 25
885 26
886 24
887 30
888 25
889 24
890 28
891 29
892 25
893 23
894 27
895 23
896 28
897 27
898 23
899 24
900 23
901 28
902 29
903 25
904 29
905 23
906 29
907 29
908 27
909 23
910 25
911 27
912 30
913 29
914 27
915 25
916 27
917 25
918 25
919 30
920 30
921 28
922 26
923 28
924 28
925 30
926 27
927 30
928 29
929 26
930 26
931 25
932 25
933 30
934 29
935 28
936 29
937 27
938 27
939 29
940 28
941 24
942 26
943 28
944 29
945 27
946 29
947 27
948 30
949 24
950 28
951 29
952 29
953 30
954 27
955 28
956 28
957 28
958 30
959 25
960 29
961 28
962 29
963 29
964 30
965 30
966 28
967 30
968 25
969 25
970 28
971 24
972 29
973 24
974 30
975 28
976 29
977 30
978 27
979 30
980 24
981 28
982 24
983 28
984 30
985 29
986 28
987 29
988 30
989 28
990 30
991 24
992 29
993 29
994 27
995 28
996 24
997 27
998 29
999 27
1000 28
