Time:304.42603278160095
NMI:0.6389019640704338
ARI:0.19040258584329234
#com:31
1 13
2 2
3 29
4 0
5 29
6 29
7 29
8 13
9 29
10 29
11 29
12 6
13 29
14 29
15 29
16 29
17 29
18 26
19 29
20 29
21 15
22 26
23 26
24 0
25 0
26 29
27 26
28 24
29 28
30 29
31 26
32 1
33 2
34 9
35 29
36 29
37 29
38 2
39 29
40 13
41 0
42 4
43 29
44 29
45 1
46 15
47 29
48 26
49 29
50 9
51 16
52 26
53 26
54 2
55 25
56 26
57 29
58 29
59 29
60 6
61 16
62 29
63 21
64 29
65 22
66 30
67 1
68 29
69 15
70 29
71 26
72 4
73 29
74 29
75 20
76 29
77 29
78 29
79 29
80 16
81 29
82 29
83 29
84 24
85 29
86 26
87 9
88 21
89 21
90 2
91 29
92 29
93 29
94 29
95 29
96 26
97 29
98 29
99 29
100 22
101 4
102 29
103 6
104 29
105 29
106 2
107 26
108 26
109 29
110 29
111 29
112 26
113 1
114 4
115 26
116 29
117 29
118 4
119 25
120 29
121 21
122 4
123 29
124 29
125 26
126 25
127 29
128 29
129 29
130 29
131 15
132 29
133 12
134 29
135 9
136 29
137 29
138 29
139 29
140 26
141 4
142 2
143 25
144 29
145 29
146 13
147 29
148 29
149 26
150 29
151 29
152 9
153 26
154 26
155 26
156 9
157 25
158 29
159 29
160 29
161 29
162 29
163 29
164 1
165 29
166 29
167 29
168 29
169 9
170 13
171 29
172 29
173 29
174 26
175 29
176 29
177 4
178 29
179 15
180 26
181 15
182 29
183 26
184 29
185 29
186 29
187 29
188 29
189 29
190 29
191 29
192 9
193 29
194 21
195 15
196 13
197 29
198 26
199 0
200 29
201 29
202 26
203 29
204 29
205 29
206 6
207 26
208 29
209 29
210 26
211 26
212 4
213 26
214 2
215 26
216 29
217 29
218 29
219 29
220 26
221 29
222 12
223 29
224 29
225 0
226 29
227 1
228 29
229 29
230 2
231 26
232 29
233 21
234 29
235 26
236 29
237 29
238 26
239 29
240 9
241 26
242 27
243 29
244 19
245 26
246 21
247 29
248 26
249 26
250 28
251 15
252 29
253 1
254 29
255 1
256 29
257 26
258 26
259 29
260 26
261 15
262 26
263 29
264 29
265 29
266 21
267 25
268 29
269 29
270 29
271 26
272 29
273 29
274 29
275 26
276 13
277 29
278 29
279 13
280 29
281 1
282 29
283 29
284 9
285 29
286 29
287 26
288 29
289 26
290 13
291 29
292 29
293 29
294 15
295 29
296 26
297 21
298 1
299 29
300 21
301 22
302 29
303 29
304 29
305 29
306 19
307 27
308 29
309 29
310 26
311 22
312 29
313 29
314 26
315 4
316 29
317 29
318 29
319 29
320 29
321 2
322 29
323 29
324 26
325 29
326 26
327 26
328 29
329 29
330 28
331 26
332 13
333 29
334 29
335 26
336 29
337 26
338 29
339 29
340 29
341 4
342 29
343 29
344 29
345 0
346 29
347 28
348 29
349 2
350 29
351 1
352 29
353 26
354 26
355 29
356 29
357 29
358 26
359 29
360 6
361 29
362 29
363 29
364 1
365 29
366 26
367 15
368 25
369 29
370 29
371 2
372 29
373 29
374 26
375 26
376 29
377 0
378 29
379 29
380 29
381 13
382 29
383 29
384 29
385 29
386 29
387 13
388 29
389 26
390 26
391 29
392 29
393 29
394 29
395 29
396 13
397 29
398 26
399 13
400 29
401 0
402 19
403 15
404 0
405 29
406 1
407 11
408 21
409 29
410 29
411 29
412 29
413 29
414 12
415 29
416 15
417 29
418 29
419 26
420 29
421 29
422 29
423 28
424 26
425 29
426 29
427 29
428 9
429 29
430 29
431 9
432 29
433 29
434 29
435 9
436 26
437 29
438 29
439 26
440 29
441 29
442 12
443 12
444 29
445 29
446 29
447 28
448 29
449 29
450 29
451 21
452 21
453 12
454 26
455 9
456 0
457 29
458 15
459 29
460 29
461 29
462 25
463 29
464 15
465 29
466 28
467 26
468 29
469 29
470 12
471 12
472 29
473 29
474 29
475 26
476 29
477 29
478 25
479 25
480 29
481 29
482 29
483 29
484 26
485 29
486 29
487 29
488 29
489 21
490 29
491 11
492 26
493 29
494 26
495 15
496 29
497 29
498 29
499 26
500 29
501 20
502 29
503 29
504 25
505 25
506 26
507 29
508 11
509 20
510 12
511 29
512 21
513 26
514 29
515 26
516 29
517 29
518 24
519 30
520 29
521 29
522 29
523 11
524 28
525 29
526 13
527 29
528 27
529 26
530 29
531 26
532 6
533 29
534 29
535 29
536 23
537 21
538 28
539 29
540 29
541 15
542 29
543 26
544 29
545 29
546 21
547 29
548 29
549 29
550 29
551 29
552 29
553 28
554 15
555 29
556 29
557 29
558 21
559 26
560 0
561 21
562 11
563 6
564 29
565 29
566 29
567 29
568 29
569 21
570 26
571 29
572 25
573 28
574 23
575 29
576 19
577 15
578 29
579 0
580 29
581 28
582 24
583 12
584 0
585 28
586 21
587 21
588 20
589 26
590 29
591 25
592 0
593 29
594 12
595 29
596 29
597 29
598 6
599 26
600 26
601 26
602 6
603 28
604 26
605 29
606 23
607 29
608 29
609 26
610 29
611 29
612 20
613 29
614 28
615 0
616 20
617 29
618 26
619 29
620 15
621 29
622 29
623 29
624 26
625 26
626 26
627 21
628 29
629 29
630 29
631 26
632 11
633 19
634 29
635 6
636 29
637 6
638 21
639 16
640 29
641 29
642 25
643 26
644 19
645 29
646 26
647 29
648 29
649 6
650 29
651 21
652 21
653 29
654 29
655 28
656 23
657 29
658 6
659 26
660 30
661 29
662 22
663 25
664 15
665 24
666 21
667 29
668 29
669 29
670 29
671 29
672 16
673 29
674 28
675 29
676 20
677 26
678 26
679 21
680 6
681 29
682 29
683 29
684 26
685 29
686 22
687 26
688 23
689 29
690 25
691 29
692 30
693 29
694 24
695 29
696 26
697 20
698 29
699 24
700 29
701 30
702 28
703 29
704 15
705 21
706 23
707 24
708 29
709 29
710 24
711 24
712 11
713 29
714 21
715 21
716 29
717 24
718 29
719 26
720 29
721 20
722 24
723 28
724 29
725 28
726 29
727 21
728 23
729 30
730 11
731 22
732 29
733 29
734 24
735 29
736 28
737 29
738 29
739 26
740 29
741 28
742 29
743 11
744 20
745 29
746 29
747 28
748 27
749 29
750 29
751 29
752 28
753 20
754 11
755 30
756 29
757 29
758 26
759 29
760 29
761 28
762 25
763 29
764 20
765 29
766 28
767 29
768 20
769 27
770 24
771 18
772 30
773 26
774 20
775 29
776 22
777 26
778 20
779 18
780 16
781 29
782 11
783 24
784 28
785 20
786 24
787 20
788 28
789 29
790 21
791 25
792 30
793 11
794 29
795 26
796 16
797 22
798 25
799 26
800 29
801 16
802 30
803 18
804 28
805 30
806 25
807 24
808 21
809 11
810 18
811 27
812 30
813 29
814 18
815 25
816 29
817 29
818 23
819 17
820 26
821 29
822 27
823 23
824 27
825 25
826 29
827 30
828 17
829 14
830 29
831 29
832 18
833 16
834 25
835 16
836 25
837 18
838 27
839 14
840 28
841 17
842 18
843 18
844 14
845 14
846 17
847 16
848 18
849 24
850 16
851 29
852 16
853 25
854 29
855 29
856 16
857 29
858 18
859 14
860 16
861 18
862 17
863 17
864 29
865 27
866 25
867 25
868 29
869 29
870 25
871 17
872 30
873 14
874 17
875 24
876 29
877 7
878 18
879 14
880 30
881 27
882 27
883 7
884 24
885 17
886 14
887 30
888 24
889 14
890 16
891 28
892 7
893 18
894 10
895 18
896 29
897 25
898 18
899 14
900 18
901 29
902 27
903 7
904 29
905 18
906 29
907 29
908 25
909 18
910 7
911 25
912 30
913 27
914 25
915 7
916 25
917 7
918 7
919 8
920 30
921 16
922 17
923 16
924 16
925 30
926 25
927 30
928 27
929 17
930 17
931 7
932 7
933 30
934 5
935 3
936 5
937 10
938 10
939 5
940 29
941 14
942 17
943 29
944 5
945 10
946 5
947 10
948 8
949 14
950 3
951 5
952 5
953 8
954 10
955 3
956 3
957 3
958 8
959 7
960 5
961 3
962 5
963 5
964 8
965 8
966 3
967 8
968 7
969 7
970 3
971 14
972 5
973 14
974 8
975 3
976 5
977 8
978 10
979 8
980 14
981 3
982 14
983 3
984 8
985 5
986 3
987 5
988 8
989 3
990 8
991 14
992 5
993 5
994 10
995 3
996 14
997 10
998 5
999 10
1000 3
