Time:303.41024804115295
NMI:0.6631686154990981
ARI:0.2293966356842613
#com:31
1 12
2 2
3 29
4 0
5 29
6 29
7 29
8 12
9 29
10 29
11 29
12 6
13 29
14 29
15 29
16 29
17 29
18 25
19 29
20 29
21 14
22 25
23 25
24 0
25 0
26 26
27 25
28 23
29 28
30 29
31 25
32 1
33 2
34 8
35 29
36 29
37 26
38 2
39 29
40 12
41 0
42 4
43 0
44 29
45 1
46 14
47 29
48 25
49 29
50 8
51 26
52 25
53 25
54 2
55 24
56 25
57 29
58 29
59 29
60 6
61 26
62 26
63 20
64 29
65 21
66 30
67 1
68 29
69 14
70 29
71 25
72 4
73 26
74 29
75 18
76 29
77 29
78 29
79 29
80 26
81 29
82 29
83 29
84 29
85 29
86 25
87 8
88 20
89 20
90 2
91 29
92 29
93 29
94 29
95 29
96 25
97 29
98 29
99 29
100 21
101 4
102 29
103 6
104 29
105 29
106 2
107 25
108 25
109 29
110 29
111 29
112 25
113 1
114 4
115 25
116 29
117 29
118 4
119 24
120 29
121 20
122 4
123 29
124 29
125 25
126 24
127 29
128 29
129 29
130 0
131 14
132 29
133 11
134 29
135 8
136 29
137 29
138 29
139 29
140 25
141 4
142 2
143 24
144 29
145 29
146 12
147 29
148 29
149 25
150 29
151 29
152 8
153 25
154 25
155 25
156 8
157 24
158 29
159 29
160 29
161 29
162 29
163 29
164 1
165 29
166 29
167 29
168 29
169 8
170 12
171 29
172 29
173 29
174 25
175 29
176 29
177 4
178 29
179 14
180 25
181 14
182 26
183 25
184 29
185 29
186 26
187 29
188 29
189 29
190 26
191 29
192 8
193 29
194 20
195 14
196 12
197 29
198 25
199 0
200 29
201 29
202 25
203 29
204 29
205 29
206 6
207 25
208 29
209 29
210 25
211 25
212 4
213 25
214 2
215 25
216 29
217 29
218 29
219 29
220 25
221 29
222 11
223 29
224 26
225 0
226 29
227 1
228 29
229 29
230 2
231 25
232 29
233 20
234 29
235 25
236 29
237 29
238 25
239 29
240 8
241 25
242 27
243 29
244 17
245 25
246 20
247 29
248 25
249 25
250 28
251 14
252 29
253 1
254 29
255 1
256 29
257 25
258 25
259 29
260 25
261 14
262 25
263 29
264 29
265 26
266 20
267 24
268 29
269 26
270 29
271 25
272 29
273 29
274 29
275 25
276 12
277 29
278 29
279 12
280 29
281 1
282 29
283 29
284 8
285 29
286 29
287 25
288 29
289 25
290 12
291 29
292 26
293 29
294 14
295 29
296 25
297 20
298 1
299 29
300 20
301 21
302 26
303 29
304 29
305 29
306 17
307 27
308 29
309 29
310 25
311 21
312 29
313 29
314 25
315 4
316 29
317 29
318 29
319 29
320 29
321 2
322 29
323 29
324 25
325 29
326 25
327 25
328 29
329 29
330 28
331 25
332 12
333 29
334 29
335 25
336 29
337 25
338 29
339 29
340 29
341 4
342 29
343 26
344 29
345 0
346 29
347 28
348 29
349 2
350 29
351 1
352 29
353 25
354 25
355 29
356 29
357 29
358 25
359 29
360 6
361 29
362 26
363 29
364 1
365 29
366 25
367 14
368 24
369 29
370 29
371 2
372 29
373 29
374 25
375 25
376 26
377 0
378 29
379 29
380 29
381 12
382 26
383 29
384 29
385 29
386 29
387 12
388 29
389 25
390 25
391 29
392 29
393 26
394 29
395 29
396 12
397 29
398 25
399 12
400 29
401 0
402 17
403 14
404 0
405 29
406 1
407 10
408 20
409 29
410 29
411 29
412 29
413 29
414 11
415 29
416 14
417 29
418 29
419 25
420 29
421 29
422 26
423 28
424 25
425 29
426 29
427 29
428 8
429 29
430 29
431 8
432 26
433 29
434 29
435 8
436 25
437 29
438 29
439 25
440 29
441 29
442 11
443 11
444 26
445 26
446 29
447 28
448 29
449 29
450 29
451 20
452 20
453 11
454 25
455 8
456 0
457 29
458 14
459 29
460 29
461 29
462 24
463 26
464 14
465 29
466 28
467 25
468 29
469 29
470 11
471 11
472 29
473 29
474 29
475 25
476 29
477 29
478 24
479 24
480 29
481 29
482 29
483 29
484 25
485 29
486 29
487 26
488 29
489 20
490 29
491 10
492 25
493 29
494 25
495 14
496 29
497 29
498 29
499 25
500 29
501 18
502 29
503 29
504 24
505 24
506 25
507 29
508 10
509 18
510 11
511 26
512 20
513 25
514 29
515 25
516 29
517 26
518 23
519 30
520 29
521 29
522 29
523 10
524 28
525 29
526 12
527 29
528 27
529 25
530 29
531 25
532 6
533 29
534 29
535 26
536 22
537 20
538 28
539 26
540 26
541 14
542 29
543 25
544 29
545 29
546 20
547 29
548 29
549 29
550 29
551 29
552 29
553 28
554 14
555 29
556 29
557 29
558 20
559 25
560 0
561 20
562 10
563 6
564 29
565 29
566 29
567 29
568 29
569 20
570 25
571 29
572 24
573 28
574 22
575 29
576 17
577 14
578 26
579 0
580 29
581 28
582 19
583 11
584 0
585 28
586 20
587 20
588 18
589 25
590 29
591 24
592 0
593 29
594 11
595 26
596 29
597 29
598 6
599 25
600 25
601 25
602 6
603 28
604 25
605 29
606 22
607 29
608 26
609 25
610 29
611 26
612 18
613 26
614 28
615 0
616 18
617 29
618 25
619 29
620 14
621 29
622 29
623 29
624 25
625 25
626 25
627 20
628 26
629 29
630 29
631 25
632 10
633 17
634 29
635 6
636 29
637 6
638 20
639 26
640 29
641 29
642 24
643 25
644 17
645 29
646 25
647 29
648 29
649 6
650 29
651 20
652 20
653 26
654 26
655 28
656 22
657 29
658 6
659 25
660 30
661 29
662 21
663 24
664 14
665 23
666 20
667 26
668 29
669 29
670 26
671 29
672 26
673 26
674 28
675 29
676 18
677 25
678 25
679 20
680 6
681 29
682 26
683 29
684 25
685 29
686 21
687 25
688 22
689 29
690 24
691 26
692 30
693 29
694 23
695 29
696 25
697 18
698 29
699 23
700 29
701 30
702 28
703 29
704 14
705 20
706 22
707 23
708 29
709 29
710 23
711 23
712 10
713 26
714 20
715 20
716 29
717 23
718 29
719 25
720 29
721 18
722 23
723 28
724 26
725 28
726 26
727 20
728 22
729 30
730 10
731 21
732 29
733 29
734 23
735 26
736 28
737 29
738 29
739 25
740 29
741 28
742 29
743 10
744 18
745 29
746 29
747 28
748 27
749 29
750 29
751 26
752 28
753 18
754 10
755 30
756 29
757 26
758 25
759 29
760 29
761 28
762 24
763 29
764 18
765 29
766 28
767 29
768 18
769 27
770 23
771 16
772 30
773 25
774 18
775 29
776 21
777 25
778 18
779 16
780 26
781 29
782 10
783 23
784 28
785 18
786 23
787 18
788 28
789 26
790 20
791 24
792 30
793 10
794 26
795 25
796 26
797 21
798 24
799 25
800 29
801 26
802 30
803 16
804 28
805 30
806 24
807 19
808 20
809 10
810 16
811 27
812 30
813 29
814 16
815 24
816 29
817 29
818 22
819 15
820 25
821 29
822 27
823 22
824 27
825 24
826 29
827 30
828 15
829 13
830 29
831 29
832 16
833 26
834 24
835 26
836 24
837 16
838 27
839 13
840 28
841 15
842 16
843 16
844 13
845 13
846 15
847 26
848 16
849 19
850 26
851 29
852 26
853 24
854 29
855 29
856 26
857 29
858 16
859 13
860 26
861 16
862 15
863 15
864 29
865 27
866 24
867 24
868 29
869 26
870 24
871 15
872 30
873 13
874 15
875 19
876 29
877 19
878 16
879 13
880 30
881 27
882 27
883 19
884 19
885 15
886 13
887 30
888 19
889 13
890 26
891 28
892 19
893 16
894 9
895 16
896 26
897 24
898 16
899 13
900 16
901 26
902 27
903 19
904 29
905 16
906 29
907 29
908 24
909 16
910 19
911 24
912 30
913 27
914 24
915 19
916 24
917 19
918 19
919 7
920 30
921 26
922 15
923 26
924 26
925 30
926 24
927 30
928 27
929 15
930 15
931 19
932 19
933 30
934 5
935 3
936 5
937 9
938 9
939 5
940 26
941 13
942 15
943 26
944 5
945 9
946 5
947 9
948 7
949 13
950 3
951 5
952 5
953 7
954 9
955 3
956 3
957 3
958 7
959 19
960 5
961 3
962 5
963 5
964 7
965 7
966 3
967 7
968 19
969 19
970 3
971 13
972 5
973 13
974 7
975 3
976 5
977 7
978 9
979 7
980 13
981 3
982 13
983 3
984 7
985 5
986 3
987 5
988 7
989 3
990 7
991 13
992 5
993 5
994 9
995 3
996 13
997 9
998 5
999 9
1000 3
