Time:279.64509415626526
NMI:0.2812352259487484
ARI:0.009799497307704878
#com:50
1 49
2 49
3 49
4 49
5 49
6 49
7 49
8 49
9 49
10 49
11 49
12 49
13 46
14 1
15 49
16 49
17 49
18 49
19 49
20 49
21 49
22 46
23 49
24 49
25 49
26 49
27 44
28 2
29 49
30 4
31 49
32 49
33 6
34 44
35 2
36 49
37 49
38 49
39 49
40 44
41 49
42 10
43 49
44 49
45 49
46 12
47 49
48 49
49 49
50 49
51 49
52 49
53 49
54 49
55 49
56 49
57 49
58 49
59 49
60 46
61 49
62 49
63 49
64 14
65 49
66 49
67 49
68 49
69 49
70 49
71 49
72 49
73 49
74 49
75 49
76 49
77 49
78 49
79 49
80 49
81 49
82 18
83 46
84 49
85 49
86 49
87 49
88 49
89 49
90 49
91 49
92 49
93 49
94 49
95 49
96 49
97 49
98 49
99 49
100 46
101 49
102 49
103 49
104 49
105 49
106 49
107 49
108 49
109 49
110 49
111 22
112 49
113 49
114 49
115 49
116 49
117 49
118 49
119 49
120 49
121 49
122 49
123 49
124 49
125 49
126 49
127 49
128 49
129 46
130 49
131 10
132 49
133 49
134 49
135 49
136 49
137 49
138 49
139 49
140 49
141 18
142 49
143 49
144 49
145 49
146 49
147 49
148 46
149 49
150 49
151 49
152 49
153 49
154 49
155 49
156 28
157 49
158 49
159 49
160 49
161 49
162 49
163 49
164 49
165 49
166 49
167 49
168 49
169 46
170 49
171 49
172 49
173 49
174 49
175 49
176 49
177 49
178 49
179 49
180 49
181 49
182 49
183 49
184 49
185 49
186 49
187 49
188 49
189 49
190 49
191 49
192 49
193 49
194 49
195 49
196 49
197 49
198 49
199 49
200 49
201 46
202 46
203 49
204 49
205 6
206 49
207 49
208 49
209 49
210 49
211 49
212 46
213 49
214 49
215 49
216 49
217 49
218 49
219 49
220 49
221 49
222 49
223 49
224 49
225 49
226 49
227 49
228 49
229 49
230 49
231 49
232 49
233 46
234 49
235 49
236 49
237 49
238 49
239 49
240 49
241 49
242 49
243 49
244 49
245 49
246 49
247 49
248 49
249 49
250 49
251 49
252 49
253 49
254 49
255 49
256 49
257 49
258 49
259 49
260 46
261 49
262 49
263 49
264 49
265 49
266 49
267 49
268 49
269 49
270 49
271 46
272 49
273 49
274 49
275 49
276 49
277 49
278 49
279 49
280 49
281 49
282 49
283 49
284 49
285 49
286 49
287 49
288 46
289 49
290 49
291 49
292 49
293 49
294 49
295 49
296 44
297 28
298 49
299 49
300 37
301 49
302 49
303 49
304 49
305 49
306 49
307 49
308 49
309 49
310 49
311 49
312 49
313 49
314 49
315 49
316 49
317 46
318 49
319 49
320 49
321 46
322 38
323 49
324 49
325 46
326 49
327 49
328 49
329 49
330 49
331 49
332 49
333 46
334 44
335 49
336 49
337 49
338 49
339 46
340 49
341 46
342 49
343 49
344 49
345 22
346 49
347 49
348 49
349 46
350 49
351 49
352 49
353 49
354 49
355 49
356 49
357 49
358 49
359 49
360 49
361 49
362 49
363 49
364 49
365 49
366 49
367 49
368 49
369 49
370 49
371 49
372 49
373 49
374 49
375 49
376 49
377 49
378 49
379 49
380 49
381 46
382 49
383 46
384 49
385 49
386 49
387 49
388 46
389 49
390 49
391 49
392 49
393 49
394 49
395 49
396 43
397 49
398 49
399 12
400 49
401 49
402 49
403 49
404 49
405 49
406 49
407 49
408 49
409 49
410 49
411 49
412 49
413 49
414 49
415 49
416 49
417 49
418 49
419 49
420 49
421 49
422 49
423 49
424 46
425 49
426 49
427 49
428 49
429 49
430 46
431 46
432 49
433 49
434 49
435 49
436 49
437 12
438 49
439 49
440 49
441 49
442 49
443 14
444 49
445 49
446 49
447 49
448 44
449 49
450 49
451 45
452 49
453 49
454 49
455 49
456 49
457 49
458 49
459 0
460 37
461 49
462 49
463 49
464 49
465 49
466 49
467 49
468 49
469 49
470 49
471 49
472 49
473 35
474 49
475 49
476 49
477 49
478 49
479 49
480 49
481 49
482 49
483 49
484 45
485 0
486 49
487 49
488 49
489 49
490 49
491 35
492 49
493 49
494 49
495 49
496 49
497 46
498 49
499 49
500 49
501 49
502 49
503 49
504 49
505 49
506 49
507 14
508 49
509 49
510 49
511 49
512 49
513 49
514 49
515 49
516 49
517 49
518 49
519 49
520 49
521 49
522 20
523 49
524 49
525 49
526 49
527 46
528 49
529 6
530 49
531 49
532 49
533 46
534 49
535 49
536 49
537 49
538 49
539 49
540 49
541 49
542 6
543 49
544 49
545 49
546 49
547 49
548 49
549 46
550 49
551 49
552 49
553 49
554 49
555 49
556 49
557 49
558 49
559 46
560 49
561 49
562 49
563 49
564 49
565 49
566 49
567 49
568 49
569 49
570 49
571 49
572 49
573 49
574 49
575 49
576 49
577 49
578 49
579 49
580 49
581 20
582 49
583 49
584 49
585 49
586 49
587 29
588 49
589 49
590 49
591 49
592 49
593 49
594 49
595 49
596 49
597 49
598 46
599 47
600 46
601 49
602 49
603 39
604 49
605 46
606 49
607 49
608 49
609 49
610 49
611 49
612 46
613 1
614 49
615 49
616 49
617 20
618 49
619 49
620 46
621 49
622 49
623 49
624 49
625 49
626 49
627 49
628 49
629 49
630 38
631 49
632 49
633 49
634 49
635 49
636 49
637 49
638 49
639 49
640 49
641 46
642 46
643 49
644 49
645 49
646 46
647 49
648 49
649 49
650 49
651 49
652 49
653 49
654 49
655 49
656 49
657 49
658 49
659 49
660 49
661 49
662 46
663 49
664 49
665 49
666 31
667 49
668 49
669 47
670 49
671 46
672 36
673 49
674 49
675 49
676 49
677 49
678 49
679 46
680 49
681 49
682 49
683 13
684 49
685 49
686 39
687 49
688 49
689 49
690 49
691 39
692 49
693 49
694 49
695 33
696 49
697 49
698 46
699 13
700 49
701 13
702 13
703 49
704 36
705 49
706 33
707 25
708 46
709 46
710 47
711 49
712 49
713 49
714 49
715 49
716 48
717 7
718 46
719 49
720 49
721 49
722 49
723 49
724 25
725 49
726 49
727 49
728 7
729 36
730 49
731 49
732 49
733 49
734 46
735 49
736 42
737 39
738 49
739 49
740 44
741 46
742 46
743 49
744 49
745 49
746 44
747 49
748 31
749 49
750 49
751 49
752 49
753 49
754 46
755 49
756 49
757 49
758 49
759 49
760 44
761 46
762 46
763 49
764 46
765 46
766 49
767 49
768 49
769 43
770 33
771 32
772 49
773 49
774 36
775 49
776 49
777 49
778 49
779 46
780 49
781 49
782 49
783 46
784 46
785 16
786 49
787 49
788 16
789 49
790 49
791 49
792 49
793 49
794 40
795 46
796 49
797 29
798 46
799 46
800 43
801 46
802 46
803 32
804 49
805 46
806 44
807 48
808 46
809 46
810 49
811 49
812 49
813 49
814 25
815 49
816 49
817 49
818 37
819 49
820 49
821 49
822 49
823 31
824 49
825 46
826 49
827 40
828 43
829 49
830 25
831 49
832 5
833 49
834 46
835 46
836 49
837 36
838 49
839 49
840 29
841 49
842 25
843 46
844 16
845 46
846 49
847 46
848 49
849 46
850 32
851 25
852 46
853 49
854 31
855 49
856 5
857 42
858 49
859 49
860 16
861 49
862 49
863 49
864 34
865 42
866 42
867 46
868 46
869 46
870 46
871 37
872 49
873 26
874 46
875 49
876 46
877 40
878 49
879 46
880 46
881 46
882 46
883 46
884 46
885 46
886 24
887 46
888 49
889 49
890 9
891 49
892 46
893 46
894 46
895 49
896 49
897 26
898 49
899 44
900 24
901 46
902 44
903 23
904 46
905 46
906 9
907 46
908 42
909 46
910 49
911 37
912 44
913 46
914 30
915 23
916 11
917 30
918 44
919 44
920 9
921 46
922 27
923 44
924 27
925 26
926 41
927 46
928 26
929 46
930 41
931 23
932 46
933 34
934 37
935 30
936 41
937 30
938 30
939 24
940 41
941 19
942 30
943 21
944 11
945 44
946 46
947 46
948 24
949 24
950 46
951 15
952 23
953 46
954 41
955 44
956 34
957 46
958 26
959 24
960 19
961 30
962 17
963 24
964 37
965 15
966 44
967 49
968 17
969 44
970 44
971 11
972 34
973 44
974 11
975 21
976 34
977 21
978 34
979 8
980 8
981 17
982 15
983 19
984 17
985 8
986 3
987 8
988 17
989 15
990 17
991 8
992 11
993 11
994 8
995 3
996 8
997 8
998 8
999 34
1000 15
