Time:267.9130220413208
NMI:0.8642237893723741
ARI:0.7849527795020194
#com:50
1 36
2 5
3 45
4 48
5 36
6 38
7 39
8 48
9 44
10 39
11 43
12 49
13 36
14 45
15 40
16 39
17 5
18 42
19 42
20 49
21 43
22 30
23 49
24 39
25 27
26 24
27 39
28 39
29 47
30 42
31 47
32 44
33 49
34 48
35 39
36 43
37 22
38 28
39 31
40 43
41 42
42 1
43 35
44 48
45 36
46 1
47 41
48 43
49 40
50 42
51 40
52 46
53 2
54 43
55 46
56 48
57 46
58 3
59 35
60 4
61 40
62 48
63 42
64 40
65 31
66 46
67 39
68 48
69 46
70 47
71 40
72 46
73 49
74 27
75 46
76 48
77 49
78 5
79 46
80 43
81 48
82 48
83 24
84 27
85 47
86 45
87 40
88 49
89 6
90 22
91 47
92 47
93 42
94 47
95 43
96 42
97 22
98 49
99 47
100 42
101 7
102 49
103 49
104 49
105 46
106 15
107 43
108 40
109 8
110 44
111 9
112 46
113 10
114 42
115 36
116 42
117 40
118 46
119 40
120 36
121 49
122 48
123 40
124 41
125 46
126 31
127 46
128 49
129 43
130 46
131 1
132 40
133 24
134 49
135 35
136 46
137 31
138 43
139 28
140 47
141 48
142 42
143 44
144 42
145 48
146 2
147 36
148 15
149 41
150 43
151 48
152 49
153 44
154 35
155 42
156 39
157 12
158 49
159 43
160 48
161 46
162 40
163 39
164 47
165 40
166 43
167 14
168 39
169 48
170 43
171 15
172 16
173 48
174 39
175 43
176 46
177 38
178 9
179 49
180 49
181 42
182 35
183 43
184 40
185 30
186 39
187 49
188 36
189 46
190 39
191 47
192 31
193 43
194 38
195 47
196 43
197 48
198 41
199 48
200 39
201 46
202 15
203 49
204 49
205 49
206 42
207 48
208 42
209 39
210 44
211 48
212 43
213 17
214 42
215 40
216 49
217 44
218 19
219 47
220 39
221 49
222 39
223 48
224 47
225 31
226 38
227 20
228 42
229 48
230 47
231 43
232 36
233 42
234 46
235 39
236 49
237 49
238 49
239 49
240 21
241 44
242 49
243 42
244 22
245 40
246 42
247 39
248 39
249 31
250 42
251 28
252 39
253 40
254 42
255 46
256 23
257 5
258 40
259 31
260 49
261 28
262 39
263 24
264 31
265 47
266 30
267 42
268 43
269 10
270 46
271 46
272 26
273 49
274 37
275 42
276 43
277 43
278 22
279 43
280 41
281 40
282 35
283 44
284 36
285 47
286 47
287 28
288 44
289 46
290 42
291 40
292 24
293 42
294 49
295 30
296 44
297 39
298 46
299 49
300 30
301 42
302 24
303 39
304 29
305 47
306 42
307 49
308 48
309 30
310 47
311 46
312 44
313 46
314 39
315 40
316 30
317 39
318 48
319 48
320 49
321 46
322 35
323 46
324 35
325 39
326 49
327 43
328 22
329 44
330 42
331 35
332 31
333 46
334 39
335 49
336 44
337 39
338 40
339 43
340 31
341 4
342 37
343 43
344 42
345 48
346 39
347 40
348 48
349 38
350 49
351 37
352 49
353 48
354 5
355 39
356 15
357 49
358 48
359 39
360 43
361 47
362 46
363 37
364 39
365 31
366 49
367 48
368 39
369 47
370 40
371 42
372 48
373 45
374 42
375 39
376 42
377 24
378 44
379 49
380 25
381 39
382 49
383 48
384 49
385 48
386 40
387 47
388 39
389 31
390 44
391 21
392 46
393 43
394 46
395 46
396 34
397 13
398 44
399 1
400 49
401 42
402 49
403 35
404 39
405 39
406 49
407 37
408 48
409 44
410 40
411 28
412 49
413 49
414 43
415 49
416 49
417 40
418 45
419 49
420 28
421 35
422 44
423 38
424 44
425 39
426 37
427 30
428 43
429 43
430 32
431 39
432 46
433 46
434 36
435 49
436 39
437 1
438 48
439 44
440 43
441 49
442 42
443 40
444 28
445 44
446 37
447 46
448 43
449 49
450 39
451 38
452 48
453 49
454 49
455 40
456 47
457 39
458 49
459 5
460 39
461 39
462 35
463 49
464 48
465 5
466 31
467 36
468 40
469 31
470 43
471 49
472 49
473 22
474 43
475 48
476 48
477 46
478 49
479 37
480 47
481 43
482 43
483 39
484 38
485 5
486 40
487 29
488 31
489 43
490 44
491 22
492 49
493 41
494 40
495 46
496 39
497 48
498 48
499 49
500 35
501 45
502 39
503 0
504 40
505 39
506 49
507 40
508 40
509 48
510 43
511 41
512 28
513 44
514 47
515 45
516 44
517 49
518 44
519 49
520 43
521 43
522 15
523 43
524 49
525 42
526 44
527 43
528 36
529 49
530 36
531 33
532 41
533 44
534 47
535 45
536 47
537 28
538 45
539 42
540 48
541 22
542 49
543 42
544 48
545 39
546 31
547 31
548 48
549 44
550 46
551 49
552 22
553 18
554 39
555 46
556 39
557 37
558 39
559 40
560 39
561 47
562 39
563 40
564 46
565 31
566 48
567 46
568 41
569 42
570 40
571 36
572 43
573 44
574 46
575 47
576 48
577 39
578 45
579 28
580 39
581 15
582 42
583 39
584 44
585 44
586 48
587 42
588 44
589 49
590 43
591 24
592 43
593 27
594 39
595 27
596 43
597 39
598 40
599 45
600 40
601 39
602 49
603 37
604 42
605 30
606 44
607 49
608 41
609 43
610 49
611 48
612 39
613 45
614 42
615 46
616 48
617 15
618 39
619 22
620 46
621 42
622 39
623 39
624 11
625 48
626 43
627 36
628 47
629 31
630 35
631 31
632 48
633 48
634 43
635 37
636 31
637 31
638 49
639 48
640 27
641 24
642 49
643 30
644 47
645 46
646 24
647 46
648 42
649 48
650 39
651 47
652 35
653 49
654 36
655 47
656 36
657 43
658 36
659 49
660 39
661 48
662 30
663 49
664 43
665 44
666 41
667 49
668 42
669 45
670 48
671 42
672 30
673 39
674 36
675 49
676 48
677 47
678 45
679 36
680 42
681 46
682 49
683 38
684 44
685 39
686 37
687 49
688 39
689 27
690 39
691 37
692 43
693 47
694 43
695 43
696 42
697 39
698 24
699 38
700 44
701 38
702 38
703 47
704 30
705 45
706 43
707 43
708 43
709 46
710 45
711 36
712 39
713 39
714 48
715 39
716 47
717 28
718 43
719 48
720 27
721 43
722 49
723 49
724 43
725 40
726 48
727 48
728 28
729 30
730 48
731 45
732 47
733 36
734 40
735 42
736 45
737 37
738 39
739 49
740 49
741 39
742 42
743 39
744 42
745 44
746 43
747 49
748 41
749 27
750 46
751 40
752 48
753 48
754 46
755 43
756 42
757 27
758 42
759 46
760 39
761 43
762 44
763 47
764 43
765 46
766 39
767 49
768 43
769 27
770 43
771 44
772 48
773 47
774 30
775 43
776 40
777 42
778 39
779 43
780 40
781 39
782 42
783 42
784 46
785 35
786 47
787 47
788 35
789 42
790 41
791 40
792 39
793 43
794 40
795 46
796 49
797 42
798 39
799 48
800 27
801 48
802 44
803 44
804 39
805 39
806 39
807 47
808 39
809 46
810 48
811 31
812 48
813 44
814 43
815 42
816 43
817 49
818 39
819 46
820 47
821 42
822 44
823 41
824 47
825 46
826 36
827 40
828 27
829 39
830 43
831 44
832 42
833 48
834 44
835 49
836 31
837 30
838 48
839 49
840 42
841 42
842 43
843 46
844 35
845 42
846 42
847 46
848 42
849 39
850 44
851 43
852 42
853 49
854 41
855 44
856 42
857 45
858 42
859 47
860 35
861 27
862 47
863 42
864 46
865 45
866 45
867 48
868 46
869 46
870 47
871 39
872 48
873 42
874 46
875 49
876 48
877 40
878 49
879 39
880 44
881 46
882 42
883 48
884 44
885 48
886 46
887 46
888 43
889 36
890 42
891 49
892 42
893 47
894 49
895 47
896 49
897 39
898 46
899 39
900 46
901 42
902 39
903 27
904 46
905 39
906 42
907 39
908 45
909 39
910 48
911 39
912 43
913 39
914 40
915 27
916 49
917 40
918 43
919 39
920 42
921 48
922 48
923 43
924 48
925 42
926 44
927 49
928 42
929 48
930 44
931 27
932 46
933 46
934 39
935 40
936 44
937 40
938 40
939 46
940 44
941 47
942 40
943 48
944 49
945 39
946 48
947 49
948 46
949 46
950 49
951 43
952 27
953 48
954 44
955 43
956 46
957 49
958 42
959 46
960 47
961 40
962 48
963 46
964 39
965 43
966 39
967 39
968 48
969 39
970 43
971 49
972 46
973 39
974 49
975 48
976 46
977 48
978 46
979 39
980 39
981 48
982 43
983 47
984 48
985 39
986 44
987 39
988 48
989 43
990 48
991 39
992 49
993 49
994 39
995 44
996 39
997 39
998 39
999 46
1000 43
