1	104 
2	29 
3	96 
4	91 
5	8 
6	78 
7	19 
8	77 
9	30 
10	2 
11	85 
12	21 
13	18 
14	2 
15	98 
16	87 
17	77 
18	83 
19	57 
20	80 
21	49 
22	27 
23	78 
24	64 
25	102 
26	93 
27	77 
28	57 
29	35 
30	79 
31	18 
32	6 
33	96 
34	93 
35	16 
36	79 
37	73 
38	48 
39	2 
40	46 
41	93 
42	76 
43	102 
44	19 
45	62 
46	84 
47	63 
48	99 
49	31 
50	11 
51	7 
52	77 
53	9 
54	48 
55	8 
56	78 
57	11 
58	39 
59	69 
60	42 
61	13 
62	29 
63	21 
64	33 
65	36 
66	6 
67	69 
68	69 
69	74 
70	84 
71	29 
72	67 
73	1 
74	68 
75	105 
76	80 
77	78 
78	18 
79	91 
80	35 
81	70 
82	34 
83	6 
84	49 
85	46 
86	30 
87	15 
88	35 
89	9 
90	40 
91	12 
92	46 
93	51 
94	17 
95	87 
96	63 
97	6 
98	79 
99	17 
100	101 
101	33 
102	49 
103	49 
104	48 
105	77 
106	20 
107	44 
108	59 
109	56 
110	93 
111	50 
112	32 
113	10 
114	78 
115	78 
116	93 
117	77 
118	3 
119	12 
120	77 
121	62 
122	38 
123	28 
124	37 
125	68 
126	83 
127	57 
128	12 
129	1 
130	56 
131	44 
132	58 
133	58 
134	49 
135	38 
136	56 
137	62 
138	22 
139	44 
140	44 
141	101 
142	42 
143	9 
144	57 
145	17 
146	37 
147	79 
148	17 
149	34 
150	32 
151	66 
152	78 
153	77 
154	42 
155	76 
156	59 
157	1 
158	55 
159	33 
160	104 
161	66 
162	21 
163	63 
164	57 
165	56 
166	90 
167	49 
168	12 
169	104 
170	64 
171	105 
172	70 
173	44 
174	84 
175	21 
176	15 
177	73 
178	6 
179	62 
180	78 
181	69 
182	69 
183	62 
184	39 
185	18 
186	23 
187	1 
188	63 
189	78 
190	33 
191	39 
192	3 
193	12 
194	48 
195	6 
196	78 
197	68 
198	6 
199	15 
200	34 
201	51 
202	36 
203	69 
204	101 
205	104 
206	78 
207	36 
208	2 
209	10 
210	1 
211	33 
212	104 
213	51 
214	82 
215	11 
216	104 
217	36 
218	8 
219	1 
220	22 
221	93 
222	92 
223	46 
224	46 
225	79 
226	53 
227	61 
228	79 
229	23 
230	61 
231	44 
232	85 
233	36 
234	45 
235	105 
236	76 
237	96 
238	44 
239	22 
240	29 
241	87 
242	5 
243	1 
244	93 
245	22 
246	29 
247	49 
248	17 
249	9 
250	55 
251	2 
252	43 
253	77 
254	44 
255	12 
256	102 
257	103 
258	23 
259	85 
260	53 
261	12 
262	41 
263	83 
264	64 
265	45 
266	49 
267	1 
268	42 
269	44 
270	12 
271	31 
272	44 
273	35 
274	2 
275	47 
276	78 
277	44 
278	91 
279	69 
280	33 
281	21 
282	1 
283	17 
284	8 
285	77 
286	68 
287	43 
288	45 
289	37 
290	78 
291	79 
292	46 
293	33 
294	32 
295	68 
296	45 
297	82 
298	45 
299	87 
300	64 
301	57 
302	77 
303	68 
304	52 
305	62 
306	101 
307	48 
308	69 
309	34 
310	79 
311	45 
312	70 
313	80 
314	78 
315	65 
316	91 
317	69 
318	85 
319	73 
320	34 
321	87 
322	63 
323	12 
324	39 
325	78 
326	56 
327	13 
328	9 
329	66 
330	21 
331	69 
332	75 
333	63 
334	20 
335	85 
336	4 
337	62 
338	61 
339	32 
340	85 
341	41 
342	32 
343	60 
344	49 
345	81 
346	23 
347	76 
348	102 
349	35 
350	50 
351	58 
352	57 
353	54 
354	11 
355	64 
356	87 
357	12 
358	66 
359	83 
360	36 
361	57 
362	79 
363	87 
364	91 
365	49 
366	84 
367	87 
368	54 
369	56 
370	66 
371	21 
372	69 
373	29 
374	105 
375	69 
376	14 
377	79 
378	42 
379	49 
380	91 
381	12 
382	1 
383	16 
384	12 
385	75 
386	101 
387	64 
388	37 
389	71 
390	88 
391	29 
392	29 
393	31 
394	95 
395	63 
396	91 
397	47 
398	32 
399	59 
400	45 
401	76 
402	12 
403	69 
404	9 
405	17 
406	30 
407	17 
408	45 
409	66 
410	14 
411	80 
412	12 
413	78 
414	101 
415	43 
416	101 
417	98 
418	59 
419	29 
420	78 
421	56 
422	20 
423	83 
424	46 
425	31 
426	63 
427	83 
428	102 
429	54 
430	67 
431	103 
432	3 
433	101 
434	67 
435	39 
436	97 
437	33 
438	9 
439	31 
440	71 
441	68 
442	105 
443	23 
444	1 
445	19 
446	91 
447	10 
448	35 
449	79 
450	102 
451	69 
452	67 
453	12 
454	32 
455	13 
456	79 
457	83 
458	83 
459	77 
460	96 
461	56 
462	15 
463	52 
464	81 
465	78 
466	93 
467	12 
468	92 
469	66 
470	98 
471	82 
472	76 
473	24 
474	12 
475	23 
476	67 
477	47 
478	56 
479	21 
480	12 
481	56 
482	6 
483	49 
484	91 
485	9 
486	79 
487	33 
488	8 
489	90 
490	34 
491	101 
492	6 
493	77 
494	63 
495	91 
496	33 
497	18 
498	21 
499	56 
500	69 
501	93 
502	57 
503	6 
504	28 
505	14 
506	32 
507	20 
508	56 
509	21 
510	73 
511	56 
512	56 
513	85 
514	46 
515	85 
516	46 
517	49 
518	104 
519	101 
520	90 
521	77 
522	44 
523	83 
524	104 
525	83 
526	73 
527	84 
528	8 
529	11 
530	9 
531	93 
532	62 
533	34 
534	62 
535	93 
536	75 
537	62 
538	93 
539	49 
540	34 
541	8 
542	78 
543	89 
544	104 
545	57 
546	56 
547	38 
548	86 
549	63 
550	3 
551	80 
552	58 
553	20 
554	80 
555	79 
556	44 
557	96 
558	45 
559	96 
560	83 
561	4 
562	87 
563	93 
564	62 
565	105 
566	22 
567	67 
568	67 
569	9 
570	58 
571	3 
572	101 
573	98 
574	87 
575	76 
576	77 
577	1 
578	87 
579	79 
580	23 
581	70 
582	35 
583	16 
584	83 
585	101 
586	77 
587	45 
588	79 
589	12 
590	64 
591	56 
592	69 
593	66 
594	56 
595	96 
596	22 
597	69 
598	93 
599	23 
600	45 
601	82 
602	82 
603	57 
604	18 
605	87 
606	24 
607	39 
608	80 
609	93 
610	56 
611	96 
612	104 
613	44 
614	24 
615	56 
616	93 
617	9 
618	78 
619	87 
620	13 
621	11 
622	66 
623	28 
624	23 
625	45 
626	18 
627	49 
628	79 
629	99 
630	44 
631	23 
632	77 
633	79 
634	94 
635	9 
636	92 
637	52 
638	31 
639	105 
640	77 
641	80 
642	79 
643	101 
644	23 
645	59 
646	60 
647	6 
648	64 
649	69 
650	20 
651	75 
652	44 
653	73 
654	73 
655	76 
656	23 
657	80 
658	1 
659	93 
660	61 
661	93 
662	56 
663	63 
664	56 
665	49 
666	18 
667	73 
668	49 
669	97 
670	42 
671	30 
672	101 
673	44 
674	78 
675	79 
676	22 
677	58 
678	56 
679	33 
680	63 
681	16 
682	20 
683	46 
684	41 
685	104 
686	44 
687	40 
688	98 
689	91 
690	38 
691	47 
692	73 
693	73 
694	18 
695	82 
696	56 
697	21 
698	51 
699	96 
700	1 
701	49 
702	20 
703	79 
704	38 
705	84 
706	24 
707	70 
708	86 
709	66 
710	14 
711	84 
712	34 
713	94 
714	49 
715	69 
716	30 
717	18 
718	29 
719	22 
720	22 
721	39 
722	83 
723	6 
724	102 
725	66 
726	94 
727	105 
728	75 
729	2 
730	73 
731	49 
732	6 
733	98 
734	23 
735	85 
736	29 
737	63 
738	11 
739	2 
740	90 
741	62 
742	10 
743	62 
744	66 
745	80 
746	59 
747	56 
748	12 
749	26 
750	44 
751	8 
752	64 
753	56 
754	84 
755	23 
756	11 
757	1 
758	11 
759	57 
760	96 
761	20 
762	39 
763	49 
764	26 
765	33 
766	78 
767	7 
768	64 
769	57 
770	8 
771	68 
772	9 
773	44 
774	68 
775	12 
776	102 
777	77 
778	31 
779	78 
780	79 
781	77 
782	49 
783	11 
784	91 
785	9 
786	26 
787	87 
788	83 
789	29 
790	94 
791	76 
792	95 
793	3 
794	49 
795	27 
796	58 
797	56 
798	1 
799	104 
800	45 
801	68 
802	92 
803	28 
804	2 
805	36 
806	6 
807	105 
808	15 
809	67 
810	85 
811	46 
812	102 
813	82 
814	87 
815	46 
816	35 
817	87 
818	105 
819	46 
820	36 
821	62 
822	76 
823	87 
824	44 
825	31 
826	62 
827	57 
828	63 
829	70 
830	84 
831	19 
832	22 
833	79 
834	73 
835	22 
836	4 
837	21 
838	12 
839	14 
840	83 
841	18 
842	49 
843	2 
844	85 
845	61 
846	83 
847	47 
848	51 
849	79 
850	3 
851	79 
852	71 
853	10 
854	21 
855	35 
856	68 
857	102 
858	34 
859	102 
860	105 
861	9 
862	44 
863	57 
864	38 
865	87 
866	90 
867	40 
868	9 
869	23 
870	80 
871	77 
872	7 
873	76 
874	33 
875	78 
876	86 
877	103 
878	31 
879	46 
880	74 
881	57 
882	101 
883	77 
884	79 
885	21 
886	20 
887	62 
888	44 
889	97 
890	91 
891	100 
892	98 
893	69 
894	88 
895	62 
896	1 
897	51 
898	12 
899	36 
900	33 
901	76 
902	42 
903	16 
904	67 
905	102 
906	62 
907	62 
908	69 
909	83 
910	97 
911	59 
912	42 
913	18 
914	104 
915	96 
916	83 
917	42 
918	63 
919	23 
920	55 
921	23 
922	97 
923	102 
924	33 
925	44 
926	2 
927	15 
928	78 
929	80 
930	12 
931	46 
932	44 
933	77 
934	80 
935	14 
936	49 
937	44 
938	37 
939	68 
940	83 
941	85 
942	65 
943	44 
944	97 
945	59 
946	80 
947	49 
948	93 
949	44 
950	10 
951	70 
952	25 
953	87 
954	62 
955	38 
956	9 
957	44 
958	12 
959	12 
960	57 
961	68 
962	78 
963	91 
964	23 
965	87 
966	12 
967	2 
968	73 
969	63 
970	91 
971	50 
972	83 
973	100 
974	34 
975	69 
976	44 
977	65 
978	83 
979	44 
980	45 
981	23 
982	34 
983	102 
984	21 
985	69 
986	86 
987	25 
988	72 
989	91 
990	5 
991	12 
992	69 
993	104 
994	62 
995	1 
996	93 
997	62 
998	92 
999	37 
1000	39 
1001	9 
1002	96 
1003	58 
1004	56 
1005	64 
1006	87 
1007	100 
1008	99 
1009	64 
1010	18 
1011	69 
1012	47 
1013	48 
1014	84 
1015	86 
1016	76 
1017	8 
1018	70 
1019	44 
1020	23 
1021	28 
1022	39 
1023	82 
1024	43 
1025	102 
1026	5 
1027	63 
1028	69 
1029	63 
1030	57 
1031	63 
1032	13 
1033	69 
1034	23 
1035	51 
1036	78 
1037	15 
1038	63 
1039	60 
1040	45 
1041	6 
1042	69 
1043	69 
1044	87 
1045	78 
1046	34 
1047	102 
1048	101 
1049	57 
1050	20 
1051	2 
1052	62 
1053	62 
1054	60 
1055	43 
1056	1 
1057	17 
1058	87 
1059	64 
1060	53 
1061	23 
1062	9 
1063	78 
1064	44 
1065	102 
1066	22 
1067	83 
1068	35 
1069	93 
1070	1 
1071	32 
1072	44 
1073	56 
1074	38 
1075	102 
1076	9 
1077	78 
1078	12 
1079	56 
1080	76 
1081	105 
1082	35 
1083	6 
1084	78 
1085	104 
1086	48 
1087	97 
1088	92 
1089	102 
1090	9 
1091	87 
1092	62 
1093	97 
1094	67 
1095	35 
1096	71 
1097	17 
1098	65 
1099	86 
1100	1 
1101	68 
1102	44 
1103	76 
1104	61 
1105	49 
1106	77 
1107	96 
1108	40 
1109	90 
1110	62 
1111	70 
1112	32 
1113	80 
1114	20 
1115	44 
1116	21 
1117	3 
1118	102 
1119	45 
1120	6 
1121	57 
1122	23 
1123	8 
1124	105 
1125	83 
1126	63 
1127	22 
1128	36 
1129	57 
1130	56 
1131	6 
1132	35 
1133	11 
1134	78 
1135	57 
1136	64 
1137	76 
1138	93 
1139	1 
1140	23 
1141	93 
1142	81 
1143	31 
1144	84 
1145	22 
1146	101 
1147	40 
1148	11 
1149	28 
1150	57 
1151	69 
1152	24 
1153	100 
1154	33 
1155	3 
1156	64 
1157	23 
1158	67 
1159	79 
1160	98 
1161	91 
1162	9 
1163	62 
1164	46 
1165	93 
1166	93 
1167	63 
1168	45 
1169	61 
1170	6 
1171	50 
1172	9 
1173	36 
1174	16 
1175	54 
1176	22 
1177	101 
1178	103 
1179	46 
1180	62 
1181	93 
1182	6 
1183	104 
1184	79 
1185	101 
1186	23 
1187	69 
1188	104 
1189	46 
1190	95 
1191	21 
1192	29 
1193	56 
1194	12 
1195	105 
1196	83 
1197	67 
1198	49 
1199	5 
1200	68 
1201	1 
1202	77 
1203	59 
1204	50 
1205	12 
1206	25 
1207	12 
1208	34 
1209	94 
1210	98 
1211	9 
1212	35 
1213	9 
1214	49 
1215	33 
1216	9 
1217	44 
1218	44 
1219	34 
1220	101 
1221	69 
1222	3 
1223	84 
1224	32 
1225	46 
1226	23 
1227	11 
1228	1 
1229	12 
1230	105 
1231	62 
1232	62 
1233	12 
1234	57 
1235	75 
1236	94 
1237	17 
1238	104 
1239	94 
1240	70 
1241	71 
1242	69 
1243	7 
1244	11 
1245	73 
1246	9 
1247	69 
1248	62 
1249	97 
1250	15 
1251	38 
1252	105 
1253	12 
1254	103 
1255	104 
1256	77 
1257	74 
1258	85 
1259	17 
1260	85 
1261	68 
1262	6 
1263	6 
1264	12 
1265	21 
1266	70 
1267	86 
1268	69 
1269	102 
1270	57 
1271	98 
1272	46 
1273	64 
1274	104 
1275	89 
1276	9 
1277	23 
1278	34 
1279	70 
1280	58 
1281	2 
1282	36 
1283	64 
1284	65 
1285	56 
1286	27 
1287	59 
1288	68 
1289	12 
1290	31 
1291	78 
1292	18 
1293	80 
1294	1 
1295	97 
1296	21 
1297	12 
1298	81 
1299	77 
1300	15 
1301	91 
1302	64 
1303	32 
1304	1 
1305	21 
1306	21 
1307	26 
1308	80 
1309	9 
1310	56 
1311	69 
1312	101 
1313	18 
1314	42 
1315	45 
1316	60 
1317	52 
1318	8 
1319	98 
1320	48 
1321	11 
1322	97 
1323	89 
1324	66 
1325	33 
1326	17 
1327	96 
1328	21 
1329	94 
1330	89 
1331	56 
1332	44 
1333	9 
1334	73 
1335	90 
1336	79 
1337	6 
1338	28 
1339	77 
1340	82 
1341	9 
1342	57 
1343	9 
1344	70 
1345	57 
1346	79 
1347	54 
1348	67 
1349	93 
1350	9 
1351	98 
1352	56 
1353	86 
1354	58 
1355	104 
1356	44 
1357	46 
1358	57 
1359	57 
1360	105 
1361	69 
1362	11 
1363	95 
1364	44 
1365	58 
1366	39 
1367	42 
1368	64 
1369	32 
1370	64 
1371	56 
1372	94 
1373	44 
1374	83 
1375	104 
1376	74 
1377	1 
1378	18 
1379	63 
1380	56 
1381	103 
1382	104 
1383	69 
1384	72 
1385	11 
1386	102 
1387	69 
1388	80 
1389	21 
1390	102 
1391	14 
1392	78 
1393	91 
1394	93 
1395	101 
1396	20 
1397	28 
1398	37 
1399	49 
1400	67 
1401	62 
1402	65 
1403	28 
1404	87 
1405	15 
1406	79 
1407	18 
1408	19 
1409	1 
1410	77 
1411	45 
1412	90 
1413	12 
1414	46 
1415	27 
1416	64 
1417	22 
1418	23 
1419	23 
1420	33 
1421	2 
1422	59 
1423	86 
1424	76 
1425	62 
1426	84 
1427	8 
1428	63 
1429	53 
1430	56 
1431	35 
1432	91 
1433	76 
1434	102 
1435	12 
1436	52 
1437	83 
1438	46 
1439	71 
1440	92 
1441	78 
1442	102 
1443	12 
1444	68 
1445	29 
1446	96 
1447	32 
1448	79 
1449	77 
1450	84 
1451	93 
1452	59 
1453	97 
1454	8 
1455	48 
1456	48 
1457	69 
1458	97 
1459	28 
1460	45 
1461	65 
1462	1 
1463	51 
1464	79 
1465	43 
1466	7 
1467	42 
1468	2 
1469	6 
1470	39 
1471	65 
1472	56 
1473	102 
1474	13 
1475	12 
1476	96 
1477	104 
1478	16 
1479	23 
1480	67 
1481	27 
1482	36 
1483	12 
1484	102 
1485	33 
1486	87 
1487	102 
1488	80 
1489	12 
1490	26 
1491	45 
1492	12 
1493	42 
1494	12 
1495	7 
1496	63 
1497	73 
1498	82 
1499	102 
1500	78 
1501	1 
1502	102 
1503	87 
1504	43 
1505	38 
1506	66 
1507	49 
1508	83 
1509	79 
1510	94 
1511	86 
1512	64 
1513	57 
1514	7 
1515	50 
1516	26 
1517	96 
1518	67 
1519	83 
1520	44 
1521	49 
1522	57 
1523	80 
1524	32 
1525	23 
1526	4 
1527	80 
1528	6 
1529	11 
1530	15 
1531	31 
1532	56 
1533	56 
1534	65 
1535	89 
1536	16 
1537	49 
1538	83 
1539	99 
1540	102 
1541	55 
1542	28 
1543	88 
1544	12 
1545	96 
1546	84 
1547	68 
1548	91 
1549	105 
1550	104 
1551	14 
1552	91 
1553	53 
1554	82 
1555	104 
1556	39 
1557	12 
1558	59 
1559	65 
1560	104 
1561	79 
1562	78 
1563	87 
1564	94 
1565	33 
1566	69 
1567	103 
1568	84 
1569	80 
1570	44 
1571	9 
1572	78 
1573	12 
1574	43 
1575	12 
1576	44 
1577	66 
1578	93 
1579	55 
1580	19 
1581	25 
1582	63 
1583	29 
1584	48 
1585	83 
1586	29 
1587	51 
1588	86 
1589	68 
1590	12 
1591	23 
1592	49 
1593	41 
1594	69 
1595	49 
1596	100 
1597	87 
1598	23 
1599	30 
1600	87 
1601	11 
1602	61 
1603	34 
1604	69 
1605	7 
1606	59 
1607	77 
1608	33 
1609	6 
1610	19 
1611	73 
1612	28 
1613	105 
1614	91 
1615	25 
1616	32 
1617	73 
1618	79 
1619	68 
1620	70 
1621	93 
1622	1 
1623	49 
1624	45 
1625	54 
1626	77 
1627	21 
1628	89 
1629	84 
1630	105 
1631	63 
1632	43 
1633	15 
1634	15 
1635	84 
1636	49 
1637	103 
1638	28 
1639	23 
1640	62 
1641	93 
1642	83 
1643	32 
1644	104 
1645	101 
1646	46 
1647	6 
1648	6 
1649	83 
1650	73 
1651	25 
1652	104 
1653	105 
1654	53 
1655	10 
1656	23 
1657	57 
1658	52 
1659	99 
1660	3 
1661	46 
1662	93 
1663	87 
1664	60 
1665	105 
1666	93 
1667	2 
1668	11 
1669	46 
1670	73 
1671	94 
1672	73 
1673	49 
1674	96 
1675	86 
1676	102 
1677	57 
1678	104 
1679	69 
1680	62 
1681	12 
1682	53 
1683	79 
1684	69 
1685	88 
1686	23 
1687	78 
1688	10 
1689	28 
1690	78 
1691	11 
1692	40 
1693	18 
1694	105 
1695	101 
1696	56 
1697	105 
1698	80 
1699	96 
1700	86 
1701	13 
1702	67 
1703	18 
1704	11 
1705	93 
1706	77 
1707	77 
1708	57 
1709	77 
1710	77 
1711	6 
1712	11 
1713	11 
1714	68 
1715	37 
1716	1 
1717	83 
1718	85 
1719	20 
1720	96 
1721	70 
1722	6 
1723	69 
1724	23 
1725	49 
1726	79 
1727	44 
1728	76 
1729	80 
1730	70 
1731	63 
1732	6 
1733	100 
1734	96 
1735	76 
1736	29 
1737	81 
1738	49 
1739	85 
1740	80 
1741	92 
1742	82 
1743	62 
1744	44 
1745	10 
1746	91 
1747	67 
1748	19 
1749	44 
1750	98 
1751	35 
1752	39 
1753	70 
1754	25 
1755	96 
1756	2 
1757	43 
1758	78 
1759	36 
1760	44 
1761	78 
1762	9 
1763	38 
1764	34 
1765	98 
1766	58 
1767	101 
1768	62 
1769	59 
1770	73 
1771	33 
1772	1 
1773	67 
1774	4 
1775	8 
1776	2 
1777	49 
1778	43 
1779	12 
1780	70 
1781	37 
1782	12 
1783	12 
1784	66 
1785	67 
1786	99 
1787	87 
1788	37 
1789	12 
1790	57 
1791	79 
1792	101 
1793	28 
1794	45 
1795	4 
1796	104 
1797	32 
1798	83 
1799	62 
1800	1 
1801	33 
1802	7 
1803	49 
1804	9 
1805	96 
1806	23 
1807	32 
1808	69 
1809	45 
1810	29 
1811	81 
1812	104 
1813	63 
1814	1 
1815	9 
1816	93 
1817	58 
1818	77 
1819	9 
1820	44 
1821	79 
1822	41 
1823	49 
1824	73 
1825	105 
1826	40 
1827	64 
1828	37 
1829	15 
1830	78 
1831	77 
1832	49 
1833	80 
1834	60 
1835	94 
1836	78 
1837	26 
1838	78 
1839	80 
1840	2 
1841	9 
1842	21 
1843	67 
1844	104 
1845	46 
1846	31 
1847	28 
1848	54 
1849	92 
1850	64 
1851	83 
1852	62 
1853	56 
1854	96 
1855	63 
1856	8 
1857	79 
1858	29 
1859	41 
1860	57 
1861	54 
1862	87 
1863	15 
1864	78 
1865	59 
1866	105 
1867	73 
1868	73 
1869	92 
1870	33 
1871	42 
1872	63 
1873	34 
1874	104 
1875	56 
1876	12 
1877	27 
1878	44 
1879	62 
1880	93 
1881	69 
1882	57 
1883	63 
1884	44 
1885	101 
1886	51 
1887	46 
1888	29 
1889	21 
1890	45 
1891	105 
1892	47 
1893	30 
1894	1 
1895	49 
1896	101 
1897	15 
1898	35 
1899	59 
1900	44 
1901	101 
1902	6 
1903	79 
1904	83 
1905	42 
1906	9 
1907	69 
1908	105 
1909	59 
1910	40 
1911	11 
1912	78 
1913	15 
1914	69 
1915	12 
1916	15 
1917	31 
1918	48 
1919	55 
1920	68 
1921	79 
1922	19 
1923	21 
1924	46 
1925	22 
1926	18 
1927	50 
1928	68 
1929	11 
1930	78 
1931	59 
1932	68 
1933	1 
1934	67 
1935	14 
1936	65 
1937	3 
1938	51 
1939	78 
1940	11 
1941	91 
1942	34 
1943	77 
1944	9 
1945	21 
1946	72 
1947	49 
1948	88 
1949	6 
1950	79 
1951	59 
1952	64 
1953	58 
1954	27 
1955	49 
1956	69 
1957	62 
1958	19 
1959	65 
1960	66 
1961	45 
1962	23 
1963	17 
1964	67 
1965	21 
1966	38 
1967	2 
1968	62 
1969	6 
1970	98 
1971	2 
1972	36 
1973	56 
1974	101 
1975	84 
1976	33 
1977	67 
1978	91 
1979	37 
1980	57 
1981	23 
1982	73 
1983	3 
1984	69 
1985	18 
1986	64 
1987	8 
1988	5 
1989	105 
1990	65 
1991	76 
1992	66 
1993	69 
1994	51 
1995	77 
1996	57 
1997	67 
1998	40 
1999	58 
2000	32 
2001	62 
2002	90 
2003	35 
2004	1 
2005	70 
2006	70 
2007	49 
2008	32 
2009	100 
2010	2 
2011	76 
2012	74 
2013	49 
2014	2 
2015	49 
2016	69 
2017	59 
2018	18 
2019	62 
2020	11 
2021	93 
2022	64 
2023	67 
2024	74 
2025	73 
2026	36 
2027	58 
2028	86 
2029	31 
2030	29 
2031	38 
2032	11 
2033	74 
2034	80 
2035	4 
2036	44 
2037	33 
2038	104 
2039	29 
2040	31 
2041	81 
2042	79 
2043	12 
2044	24 
2045	104 
2046	44 
2047	23 
2048	46 
2049	27 
2050	101 
2051	76 
2052	84 
2053	67 
2054	77 
2055	20 
2056	32 
2057	64 
2058	57 
2059	56 
2060	93 
2061	54 
2062	19 
2063	65 
2064	69 
2065	33 
2066	77 
2067	43 
2068	97 
2069	15 
2070	45 
2071	43 
2072	51 
2073	78 
2074	67 
2075	77 
2076	45 
2077	80 
2078	74 
2079	18 
2080	38 
2081	100 
2082	79 
2083	77 
2084	99 
2085	35 
2086	25 
2087	23 
2088	78 
2089	49 
2090	63 
2091	44 
2092	44 
2093	31 
2094	63 
2095	1 
2096	82 
2097	31 
2098	96 
2099	21 
2100	2 
2101	56 
2102	83 
2103	14 
2104	80 
2105	95 
2106	88 
2107	3 
2108	78 
2109	42 
2110	69 
2111	11 
2112	17 
2113	49 
2114	93 
2115	4 
2116	45 
2117	23 
2118	18 
2119	11 
2120	79 
2121	44 
2122	62 
2123	105 
2124	9 
2125	89 
2126	87 
2127	12 
2128	94 
2129	82 
2130	69 
2131	63 
2132	41 
2133	97 
2134	54 
2135	66 
2136	83 
2137	15 
2138	69 
2139	21 
2140	10 
2141	105 
2142	64 
2143	69 
2144	79 
2145	1 
2146	57 
2147	91 
2148	2 
2149	101 
2150	74 
2151	59 
2152	2 
2153	103 
2154	69 
2155	41 
2156	60 
2157	102 
2158	57 
2159	12 
2160	102 
2161	45 
2162	56 
2163	83 
2164	39 
2165	12 
2166	95 
2167	2 
2168	80 
2169	31 
2170	59 
2171	68 
2172	8 
2173	56 
2174	64 
2175	76 
2176	76 
2177	63 
2178	62 
2179	23 
2180	87 
2181	39 
2182	40 
2183	1 
2184	87 
2185	21 
2186	57 
2187	97 
2188	98 
2189	17 
2190	62 
2191	93 
2192	33 
2193	70 
2194	72 
2195	37 
2196	9 
2197	94 
2198	94 
2199	86 
2200	49 
2201	56 
2202	77 
2203	87 
2204	29 
2205	32 
2206	23 
2207	22 
2208	99 
2209	9 
2210	32 
2211	12 
2212	90 
2213	11 
2214	21 
2215	56 
2216	6 
2217	62 
2218	93 
2219	68 
2220	102 
2221	69 
2222	12 
2223	84 
2224	105 
2225	83 
2226	29 
2227	23 
2228	7 
2229	49 
2230	23 
2231	46 
2232	35 
2233	32 
2234	69 
2235	55 
2236	56 
2237	68 
2238	58 
2239	51 
2240	104 
2241	78 
2242	65 
2243	87 
2244	12 
2245	93 
2246	64 
2247	44 
2248	77 
2249	72 
2250	7 
2251	18 
2252	62 
2253	1 
2254	60 
2255	70 
2256	24 
2257	96 
2258	67 
2259	28 
2260	93 
2261	88 
2262	12 
2263	88 
2264	33 
2265	91 
2266	85 
2267	105 
2268	93 
2269	32 
2270	49 
2271	102 
2272	39 
2273	1 
2274	11 
2275	28 
2276	9 
2277	10 
2278	20 
2279	9 
2280	67 
2281	79 
2282	96 
2283	97 
2284	21 
2285	76 
2286	68 
2287	56 
2288	47 
2289	74 
2290	79 
2291	11 
2292	22 
2293	66 
2294	37 
2295	102 
2296	25 
2297	83 
2298	19 
2299	69 
2300	78 
2301	2 
2302	95 
2303	27 
2304	46 
2305	48 
2306	34 
2307	93 
2308	25 
2309	39 
2310	63 
2311	87 
2312	73 
2313	85 
2314	22 
2315	56 
2316	74 
2317	64 
2318	64 
2319	63 
2320	32 
2321	8 
2322	12 
2323	76 
2324	25 
2325	49 
2326	44 
2327	3 
2328	67 
2329	42 
2330	21 
2331	1 
2332	65 
2333	51 
2334	82 
2335	44 
2336	70 
2337	10 
2338	18 
2339	28 
2340	49 
2341	83 
2342	73 
2343	19 
2344	45 
2345	1 
2346	39 
2347	37 
2348	27 
2349	49 
2350	64 
2351	43 
2352	6 
2353	36 
2354	23 
2355	78 
2356	17 
2357	29 
2358	64 
2359	6 
2360	62 
2361	22 
2362	60 
2363	58 
2364	83 
2365	95 
2366	93 
2367	78 
2368	63 
2369	78 
2370	44 
2371	42 
2372	77 
2373	69 
2374	78 
2375	48 
2376	93 
2377	44 
2378	10 
2379	12 
2380	62 
2381	93 
2382	96 
2383	6 
2384	11 
2385	38 
2386	99 
2387	102 
2388	1 
2389	6 
2390	28 
2391	77 
2392	12 
2393	25 
2394	90 
2395	17 
2396	102 
2397	44 
2398	59 
2399	69 
2400	57 
2401	87 
2402	54 
2403	90 
2404	21 
2405	57 
2406	56 
2407	69 
2408	83 
2409	29 
2410	95 
2411	1 
2412	85 
2413	12 
2414	36 
2415	62 
2416	1 
2417	78 
2418	49 
2419	9 
2420	49 
2421	91 
2422	76 
2423	62 
2424	25 
2425	80 
2426	105 
2427	38 
2428	62 
2429	60 
2430	79 
2431	72 
2432	95 
2433	12 
2434	33 
2435	87 
2436	79 
2437	44 
2438	87 
2439	66 
2440	58 
2441	68 
2442	21 
2443	69 
2444	48 
2445	77 
2446	102 
2447	77 
2448	39 
2449	76 
2450	77 
2451	79 
2452	31 
2453	79 
2454	56 
2455	102 
2456	76 
2457	76 
2458	44 
2459	101 
2460	56 
2461	73 
2462	65 
2463	12 
2464	22 
2465	11 
2466	96 
2467	69 
2468	96 
2469	59 
2470	65 
2471	102 
2472	77 
2473	91 
2474	8 
2475	22 
2476	62 
2477	49 
2478	67 
2479	5 
2480	93 
2481	38 
2482	9 
2483	91 
2484	66 
2485	2 
2486	49 
2487	62 
2488	79 
2489	35 
2490	39 
2491	40 
2492	5 
2493	72 
2494	18 
2495	12 
2496	69 
2497	49 
2498	44 
2499	23 
2500	58 
2501	80 
2502	2 
2503	80 
2504	87 
2505	29 
2506	62 
2507	27 
2508	102 
2509	79 
2510	91 
2511	32 
2512	76 
2513	12 
2514	44 
2515	43 
2516	79 
2517	93 
2518	80 
2519	65 
2520	25 
2521	93 
2522	49 
2523	65 
2524	22 
2525	20 
2526	4 
2527	24 
2528	46 
2529	33 
2530	93 
2531	56 
2532	44 
2533	86 
2534	44 
2535	77 
2536	76 
2537	49 
2538	31 
2539	99 
2540	44 
2541	104 
2542	33 
2543	3 
2544	5 
2545	5 
2546	12 
2547	83 
2548	63 
2549	84 
2550	91 
2551	32 
2552	2 
2553	62 
2554	59 
2555	88 
2556	93 
2557	91 
2558	67 
2559	90 
2560	56 
2561	33 
2562	70 
2563	29 
2564	28 
2565	44 
2566	94 
2567	77 
2568	10 
2569	31 
2570	44 
2571	80 
2572	91 
2573	66 
2574	33 
2575	77 
2576	70 
2577	101 
2578	6 
2579	64 
2580	91 
2581	94 
2582	83 
2583	83 
2584	3 
2585	79 
2586	28 
2587	97 
2588	83 
2589	1 
2590	69 
2591	37 
2592	18 
2593	69 
2594	63 
2595	48 
2596	46 
2597	29 
2598	19 
2599	67 
2600	78 
2601	96 
2602	82 
2603	63 
2604	22 
2605	88 
2606	39 
2607	99 
2608	10 
2609	1 
2610	18 
2611	20 
2612	72 
2613	12 
2614	66 
2615	12 
2616	67 
2617	35 
2618	42 
2619	35 
2620	22 
2621	101 
2622	29 
2623	83 
2624	62 
2625	91 
2626	28 
2627	102 
2628	57 
2629	87 
2630	94 
2631	48 
2632	23 
2633	62 
2634	83 
2635	2 
2636	48 
2637	1 
2638	42 
2639	28 
2640	78 
2641	27 
2642	102 
2643	98 
2644	2 
2645	52 
2646	59 
2647	23 
2648	67 
2649	78 
2650	64 
2651	85 
2652	93 
2653	4 
2654	70 
2655	2 
2656	69 
2657	95 
2658	4 
2659	15 
2660	86 
2661	35 
2662	35 
2663	105 
2664	42 
2665	79 
2666	76 
2667	92 
2668	104 
2669	104 
2670	94 
2671	20 
2672	1 
2673	83 
2674	101 
2675	87 
2676	96 
2677	27 
2678	67 
2679	101 
2680	98 
2681	86 
2682	51 
2683	70 
2684	57 
2685	61 
2686	9 
2687	69 
2688	68 
2689	10 
2690	104 
2691	24 
2692	52 
2693	43 
2694	6 
2695	56 
2696	63 
2697	31 
2698	79 
2699	86 
2700	62 
2701	62 
2702	69 
2703	57 
2704	90 
2705	73 
2706	36 
2707	78 
2708	51 
2709	9 
2710	19 
2711	49 
2712	12 
2713	17 
2714	92 
2715	9 
2716	70 
2717	43 
2718	12 
2719	104 
2720	7 
2721	65 
2722	69 
2723	91 
2724	2 
2725	93 
2726	46 
2727	67 
2728	101 
2729	58 
2730	12 
2731	58 
2732	67 
2733	18 
2734	46 
2735	54 
2736	83 
2737	78 
2738	49 
2739	93 
2740	104 
2741	45 
2742	12 
2743	55 
2744	12 
2745	3 
2746	9 
2747	105 
2748	32 
2749	23 
2750	6 
2751	58 
2752	66 
2753	97 
2754	91 
2755	11 
2756	1 
2757	45 
2758	21 
2759	23 
2760	73 
2761	57 
2762	44 
2763	6 
2764	101 
2765	97 
2766	46 
2767	51 
2768	64 
2769	1 
2770	79 
2771	33 
2772	92 
2773	8 
2774	99 
2775	86 
2776	12 
2777	12 
2778	97 
2779	93 
2780	70 
2781	57 
2782	1 
2783	38 
2784	101 
2785	57 
2786	39 
2787	99 
2788	23 
2789	77 
2790	57 
2791	44 
2792	2 
2793	93 
2794	37 
2795	69 
2796	56 
2797	66 
2798	51 
2799	59 
2800	5 
2801	32 
2802	31 
2803	48 
2804	68 
2805	1 
2806	80 
2807	44 
2808	73 
2809	1 
2810	99 
2811	49 
2812	57 
2813	104 
2814	59 
2815	91 
2816	44 
2817	24 
2818	32 
2819	65 
2820	31 
2821	101 
2822	16 
2823	21 
2824	78 
2825	6 
2826	57 
2827	68 
2828	79 
2829	20 
2830	44 
2831	25 
2832	6 
2833	57 
2834	8 
2835	98 
2836	68 
2837	56 
2838	78 
2839	23 
2840	67 
2841	44 
2842	74 
2843	31 
2844	64 
2845	18 
2846	49 
2847	78 
2848	49 
2849	102 
2850	7 
2851	63 
2852	25 
2853	12 
2854	36 
2855	23 
2856	102 
2857	29 
2858	77 
2859	55 
2860	21 
2861	93 
2862	105 
2863	76 
2864	49 
2865	79 
2866	69 
2867	91 
2868	84 
2869	49 
2870	98 
2871	92 
2872	43 
2873	29 
2874	21 
2875	98 
2876	46 
2877	105 
2878	69 
2879	22 
2880	11 
2881	104 
2882	96 
2883	41 
2884	104 
2885	49 
2886	2 
2887	66 
2888	78 
2889	85 
2890	83 
2891	58 
2892	2 
2893	25 
2894	94 
2895	98 
2896	102 
2897	87 
2898	58 
2899	2 
2900	77 
2901	21 
2902	18 
2903	78 
2904	104 
2905	79 
2906	77 
2907	96 
2908	17 
2909	68 
2910	38 
2911	65 
2912	33 
2913	83 
2914	49 
2915	67 
2916	72 
2917	83 
2918	63 
2919	1 
2920	22 
2921	35 
2922	65 
2923	46 
2924	17 
2925	73 
2926	67 
2927	51 
2928	19 
2929	57 
2930	66 
2931	21 
2932	83 
2933	73 
2934	21 
2935	93 
2936	49 
2937	1 
2938	66 
2939	37 
2940	80 
2941	58 
2942	44 
2943	76 
2944	87 
2945	3 
2946	46 
2947	6 
2948	80 
2949	18 
2950	83 
2951	17 
2952	44 
2953	34 
2954	91 
2955	15 
2956	11 
2957	55 
2958	18 
2959	73 
2960	77 
2961	9 
2962	105 
2963	63 
2964	65 
2965	6 
2966	42 
2967	83 
2968	102 
2969	79 
2970	6 
2971	91 
2972	12 
2973	22 
2974	73 
2975	1 
2976	87 
2977	29 
2978	54 
2979	92 
2980	43 
2981	79 
2982	94 
2983	6 
2984	11 
2985	23 
2986	56 
2987	7 
2988	69 
2989	105 
2990	8 
2991	41 
2992	59 
2993	76 
2994	62 
2995	59 
2996	93 
2997	103 
2998	31 
2999	95 
3000	45 
3001	102 
3002	92 
3003	11 
3004	83 
3005	79 
3006	91 
3007	11 
3008	6 
3009	74 
3010	10 
3011	93 
3012	104 
3013	49 
3014	69 
3015	59 
3016	10 
3017	96 
3018	101 
3019	11 
3020	33 
3021	45 
3022	80 
3023	64 
3024	33 
3025	44 
3026	20 
3027	39 
3028	34 
3029	29 
3030	80 
3031	29 
3032	94 
3033	58 
3034	49 
3035	76 
3036	90 
3037	104 
3038	44 
3039	57 
3040	34 
3041	2 
3042	73 
3043	34 
3044	93 
3045	1 
3046	105 
3047	57 
3048	62 
3049	1 
3050	4 
3051	46 
3052	45 
3053	96 
3054	76 
3055	84 
3056	9 
3057	103 
3058	52 
3059	12 
3060	82 
3061	33 
3062	86 
3063	78 
3064	36 
3065	28 
3066	56 
3067	102 
3068	65 
3069	17 
3070	52 
3071	38 
3072	25 
3073	63 
3074	51 
3075	7 
3076	94 
3077	31 
3078	44 
3079	23 
3080	78 
3081	42 
3082	56 
3083	10 
3084	91 
3085	79 
3086	28 
3087	32 
3088	2 
3089	70 
3090	64 
3091	39 
3092	49 
3093	12 
3094	91 
3095	58 
3096	14 
3097	80 
3098	45 
3099	21 
3100	104 
3101	49 
3102	6 
3103	22 
3104	78 
3105	49 
3106	87 
3107	6 
3108	92 
3109	101 
3110	12 
3111	27 
3112	56 
3113	103 
3114	14 
3115	27 
3116	44 
3117	86 
3118	23 
3119	74 
3120	12 
3121	77 
3122	39 
3123	73 
3124	39 
3125	102 
3126	14 
3127	23 
3128	87 
3129	87 
3130	80 
3131	11 
3132	61 
3133	29 
3134	83 
3135	94 
3136	12 
3137	64 
3138	101 
3139	46 
3140	3 
3141	28 
3142	36 
3143	18 
3144	62 
3145	1 
3146	35 
3147	49 
3148	78 
3149	29 
3150	69 
3151	74 
3152	59 
3153	94 
3154	18 
3155	25 
3156	45 
3157	94 
3158	62 
3159	44 
3160	105 
3161	79 
3162	74 
3163	59 
3164	66 
3165	45 
3166	35 
3167	27 
3168	95 
3169	57 
3170	66 
3171	61 
3172	101 
3173	101 
3174	63 
3175	79 
3176	79 
3177	70 
3178	82 
3179	28 
3180	73 
3181	92 
3182	78 
3183	78 
3184	62 
3185	45 
3186	101 
3187	18 
3188	18 
3189	1 
3190	57 
3191	11 
3192	44 
3193	10 
3194	99 
3195	12 
3196	58 
3197	80 
3198	97 
3199	62 
3200	70 
3201	63 
3202	39 
3203	6 
3204	49 
3205	38 
3206	87 
3207	32 
3208	42 
3209	40 
3210	28 
3211	18 
3212	35 
3213	96 
3214	28 
3215	32 
3216	57 
3217	66 
3218	31 
3219	44 
3220	101 
3221	51 
3222	87 
3223	102 
3224	58 
3225	93 
3226	60 
3227	34 
3228	15 
3229	21 
3230	23 
3231	49 
3232	39 
3233	90 
3234	6 
3235	38 
3236	44 
3237	68 
3238	11 
3239	12 
3240	64 
3241	9 
3242	102 
3243	82 
3244	92 
3245	69 
3246	102 
3247	67 
3248	70 
3249	22 
3250	91 
3251	78 
3252	22 
3253	72 
3254	43 
3255	102 
3256	87 
3257	92 
3258	12 
3259	6 
3260	67 
3261	17 
3262	63 
3263	35 
3264	67 
3265	48 
3266	44 
3267	68 
3268	78 
3269	45 
3270	18 
3271	21 
3272	38 
3273	15 
3274	11 
3275	44 
3276	102 
3277	68 
3278	72 
3279	44 
3280	65 
3281	35 
3282	37 
3283	58 
3284	93 
3285	11 
3286	12 
3287	12 
3288	18 
3289	94 
3290	49 
3291	69 
3292	86 
3293	67 
3294	79 
3295	63 
3296	23 
3297	23 
3298	96 
3299	44 
3300	48 
3301	105 
3302	82 
3303	94 
3304	28 
3305	79 
3306	105 
3307	33 
3308	67 
3309	65 
3310	21 
3311	64 
3312	28 
3313	11 
3314	44 
3315	49 
3316	39 
3317	86 
3318	77 
3319	7 
3320	76 
3321	12 
3322	102 
3323	79 
3324	70 
3325	22 
3326	62 
3327	22 
3328	20 
3329	49 
3330	6 
3331	44 
3332	62 
3333	58 
3334	15 
3335	105 
3336	11 
3337	93 
3338	9 
3339	68 
3340	31 
3341	104 
3342	78 
3343	61 
3344	9 
3345	39 
3346	49 
3347	70 
3348	45 
3349	46 
3350	73 
3351	46 
3352	6 
3353	66 
3354	17 
3355	84 
3356	64 
3357	58 
3358	56 
3359	83 
3360	104 
3361	44 
3362	87 
3363	56 
3364	49 
3365	21 
3366	6 
3367	56 
3368	1 
3369	38 
3370	78 
3371	46 
3372	6 
3373	49 
3374	15 
3375	92 
3376	38 
3377	57 
3378	24 
3379	21 
3380	66 
3381	33 
3382	64 
3383	103 
3384	4 
3385	45 
3386	68 
3387	45 
3388	56 
3389	77 
3390	6 
3391	9 
3392	96 
3393	33 
3394	104 
3395	63 
3396	83 
3397	46 
3398	3 
3399	9 
3400	23 
3401	31 
3402	23 
3403	56 
3404	49 
3405	28 
3406	64 
3407	62 
3408	43 
3409	80 
3410	60 
3411	2 
3412	12 
3413	36 
3414	49 
3415	21 
3416	83 
3417	82 
3418	86 
3419	1 
3420	1 
3421	83 
3422	39 
3423	87 
3424	64 
3425	39 
3426	68 
3427	63 
3428	80 
3429	69 
3430	9 
3431	27 
3432	23 
3433	35 
3434	8 
3435	103 
3436	46 
3437	38 
3438	32 
3439	93 
3440	64 
3441	46 
3442	18 
3443	83 
3444	69 
3445	28 
3446	31 
3447	11 
3448	63 
3449	25 
3450	14 
3451	62 
3452	80 
3453	105 
3454	66 
3455	98 
3456	86 
3457	44 
3458	76 
3459	11 
3460	25 
3461	45 
3462	12 
3463	80 
3464	49 
3465	87 
3466	56 
3467	58 
3468	61 
3469	57 
3470	35 
3471	87 
3472	77 
3473	11 
3474	79 
3475	48 
3476	76 
3477	97 
3478	63 
3479	15 
3480	39 
3481	105 
3482	56 
3483	83 
3484	69 
3485	79 
3486	42 
3487	46 
3488	38 
3489	104 
3490	82 
3491	42 
3492	77 
3493	97 
3494	9 
3495	54 
3496	93 
3497	6 
3498	102 
3499	32 
3500	68 
3501	51 
3502	45 
3503	68 
3504	25 
3505	61 
3506	64 
3507	35 
3508	46 
3509	49 
3510	56 
3511	83 
3512	3 
3513	105 
3514	44 
3515	11 
3516	23 
3517	46 
3518	40 
3519	61 
3520	74 
3521	46 
3522	101 
3523	63 
3524	57 
3525	9 
3526	23 
3527	33 
3528	34 
3529	49 
3530	67 
3531	84 
3532	28 
3533	79 
3534	78 
3535	36 
3536	76 
3537	56 
3538	9 
3539	102 
3540	62 
3541	66 
3542	7 
3543	56 
3544	20 
3545	69 
3546	1 
3547	93 
3548	70 
3549	23 
3550	78 
3551	15 
3552	11 
3553	12 
3554	64 
3555	18 
3556	2 
3557	11 
3558	77 
3559	49 
3560	62 
3561	51 
3562	101 
3563	20 
3564	62 
3565	12 
3566	39 
3567	102 
3568	6 
3569	20 
3570	65 
3571	49 
3572	44 
3573	28 
3574	39 
3575	58 
3576	93 
3577	101 
3578	42 
3579	21 
3580	1 
3581	49 
3582	57 
3583	65 
3584	93 
3585	46 
3586	15 
3587	15 
3588	104 
3589	28 
3590	31 
3591	58 
3592	33 
3593	58 
3594	95 
3595	101 
3596	9 
3597	66 
3598	84 
3599	39 
3600	20 
3601	66 
3602	12 
3603	20 
3604	77 
3605	105 
3606	9 
3607	43 
3608	91 
3609	63 
3610	80 
3611	64 
3612	80 
3613	79 
3614	27 
3615	66 
3616	6 
3617	9 
3618	44 
3619	62 
3620	11 
3621	21 
3622	104 
3623	15 
3624	6 
3625	36 
3626	37 
3627	76 
3628	11 
3629	59 
3630	59 
3631	104 
3632	58 
3633	79 
3634	59 
3635	31 
3636	87 
3637	28 
3638	36 
3639	105 
3640	102 
3641	49 
3642	91 
3643	11 
3644	82 
3645	79 
3646	18 
3647	67 
3648	58 
3649	76 
3650	7 
3651	1 
3652	69 
3653	42 
3654	2 
3655	63 
3656	64 
3657	62 
3658	73 
3659	65 
3660	93 
3661	59 
3662	39 
3663	11 
3664	79 
3665	94 
3666	79 
3667	12 
3668	25 
3669	82 
3670	58 
3671	51 
3672	64 
3673	70 
3674	78 
3675	66 
3676	65 
3677	28 
3678	15 
3679	83 
3680	73 
3681	101 
3682	105 
3683	92 
3684	95 
3685	101 
3686	44 
3687	31 
3688	78 
3689	2 
3690	23 
3691	86 
3692	105 
3693	32 
3694	11 
3695	51 
3696	69 
3697	99 
3698	23 
3699	57 
3700	9 
3701	76 
3702	101 
3703	74 
3704	84 
3705	83 
3706	63 
3707	98 
3708	28 
3709	45 
3710	70 
3711	84 
3712	11 
3713	70 
3714	93 
3715	62 
3716	45 
3717	73 
3718	56 
3719	69 
3720	105 
3721	56 
3722	79 
3723	105 
3724	105 
3725	101 
3726	78 
3727	56 
3728	20 
3729	48 
3730	57 
3731	80 
3732	9 
3733	68 
3734	44 
3735	79 
3736	8 
3737	43 
3738	63 
3739	29 
3740	23 
3741	69 
3742	99 
3743	11 
3744	33 
3745	96 
3746	87 
3747	87 
3748	1 
3749	43 
3750	96 
3751	98 
3752	34 
3753	7 
3754	48 
3755	79 
3756	1 
3757	17 
3758	80 
3759	23 
3760	78 
3761	38 
3762	12 
3763	85 
3764	77 
3765	31 
3766	84 
3767	46 
3768	90 
3769	102 
3770	49 
3771	39 
3772	58 
3773	44 
3774	104 
3775	105 
3776	64 
3777	6 
3778	56 
3779	8 
3780	76 
3781	87 
3782	80 
3783	49 
3784	62 
3785	23 
3786	68 
3787	39 
3788	57 
3789	25 
3790	62 
3791	44 
3792	43 
3793	69 
3794	77 
3795	29 
3796	15 
3797	35 
3798	67 
3799	7 
3800	18 
3801	8 
3802	10 
3803	83 
3804	63 
3805	93 
3806	59 
3807	48 
3808	44 
3809	54 
3810	87 
3811	12 
3812	57 
3813	93 
3814	64 
3815	1 
3816	57 
3817	51 
3818	58 
3819	73 
3820	2 
3821	23 
3822	28 
3823	102 
3824	9 
3825	73 
3826	99 
3827	3 
3828	12 
3829	18 
3830	49 
3831	98 
3832	28 
3833	97 
3834	27 
3835	104 
3836	67 
3837	83 
3838	1 
3839	18 
3840	68 
3841	56 
3842	35 
3843	79 
3844	93 
3845	62 
3846	58 
3847	21 
3848	23 
3849	57 
3850	69 
3851	36 
3852	33 
3853	59 
3854	98 
3855	28 
3856	79 
3857	105 
3858	62 
3859	76 
3860	49 
3861	57 
3862	95 
3863	82 
3864	85 
3865	63 
3866	87 
3867	65 
3868	36 
3869	91 
3870	64 
3871	79 
3872	83 
3873	62 
3874	3 
3875	78 
3876	12 
3877	56 
3878	56 
3879	61 
3880	105 
3881	70 
3882	66 
3883	28 
3884	92 
3885	11 
3886	11 
3887	103 
3888	20 
3889	49 
3890	87 
3891	9 
3892	76 
3893	56 
3894	68 
3895	91 
3896	56 
3897	105 
3898	19 
3899	49 
3900	86 
3901	101 
3902	48 
3903	44 
3904	76 
3905	87 
3906	85 
3907	78 
3908	44 
3909	103 
3910	46 
3911	6 
3912	22 
3913	85 
3914	44 
3915	69 
3916	21 
3917	44 
3918	3 
3919	94 
3920	66 
3921	36 
3922	83 
3923	6 
3924	87 
3925	66 
3926	21 
3927	68 
3928	54 
3929	102 
3930	83 
3931	2 
3932	63 
3933	49 
3934	33 
3935	80 
3936	46 
3937	38 
3938	83 
3939	79 
3940	62 
3941	77 
3942	33 
3943	90 
3944	73 
3945	82 
3946	80 
3947	87 
3948	65 
3949	67 
3950	39 
3951	34 
3952	25 
3953	44 
3954	45 
3955	79 
3956	49 
3957	68 
3958	6 
3959	39 
3960	46 
3961	2 
3962	66 
3963	23 
3964	64 
3965	66 
3966	78 
3967	104 
3968	29 
3969	67 
3970	1 
3971	44 
3972	82 
3973	1 
3974	62 
3975	64 
3976	63 
3977	86 
3978	73 
3979	82 
3980	87 
3981	17 
3982	56 
3983	12 
3984	58 
3985	66 
3986	56 
3987	93 
3988	64 
3989	69 
3990	68 
3991	56 
3992	97 
3993	58 
3994	78 
3995	6 
3996	56 
3997	62 
3998	1 
3999	84 
4000	34 
4001	3 
4002	44 
4003	56 
4004	105 
4005	57 
4006	27 
4007	45 
4008	56 
4009	64 
4010	25 
4011	86 
4012	49 
4013	25 
4014	28 
4015	80 
4016	44 
4017	54 
4018	66 
4019	11 
4020	104 
4021	64 
4022	56 
4023	57 
4024	84 
4025	68 
4026	11 
4027	56 
4028	64 
4029	12 
4030	105 
4031	12 
4032	1 
4033	76 
4034	93 
4035	105 
4036	42 
4037	66 
4038	23 
4039	80 
4040	80 
4041	12 
4042	76 
4043	2 
4044	66 
4045	96 
4046	18 
4047	12 
4048	49 
4049	42 
4050	43 
4051	49 
4052	104 
4053	82 
4054	11 
4055	98 
4056	90 
4057	78 
4058	87 
4059	73 
4060	104 
4061	29 
4062	69 
4063	45 
4064	9 
4065	102 
4066	22 
4067	38 
4068	97 
4069	83 
4070	62 
4071	105 
4072	46 
4073	80 
4074	43 
4075	49 
4076	49 
4077	49 
4078	18 
4079	62 
4080	1 
4081	87 
4082	102 
4083	20 
4084	56 
4085	56 
4086	33 
4087	44 
4088	63 
4089	11 
4090	64 
4091	68 
4092	79 
4093	101 
4094	45 
4095	23 
4096	64 
4097	83 
4098	79 
4099	8 
4100	79 
4101	83 
4102	69 
4103	9 
4104	44 
4105	44 
4106	91 
4107	68 
4108	32 
4109	85 
4110	59 
4111	68 
4112	45 
4113	7 
4114	77 
4115	87 
4116	18 
4117	7 
4118	22 
4119	62 
4120	56 
4121	87 
4122	80 
4123	93 
4124	11 
4125	6 
4126	93 
4127	69 
4128	38 
4129	11 
4130	66 
4131	25 
4132	78 
4133	101 
4134	12 
4135	43 
4136	82 
4137	64 
4138	1 
4139	1 
4140	34 
4141	92 
4142	69 
4143	76 
4144	90 
4145	70 
4146	77 
4147	96 
4148	56 
4149	104 
4150	66 
4151	57 
4152	15 
4153	63 
4154	37 
4155	79 
4156	15 
4157	96 
4158	78 
4159	63 
4160	69 
4161	66 
4162	83 
4163	56 
4164	21 
4165	63 
4166	29 
4167	102 
4168	11 
4169	93 
4170	45 
4171	45 
4172	94 
4173	8 
4174	85 
4175	44 
4176	22 
4177	49 
4178	62 
4179	105 
4180	62 
4181	101 
4182	15 
4183	102 
4184	22 
4185	98 
4186	49 
4187	36 
4188	66 
4189	12 
4190	17 
4191	3 
4192	63 
4193	39 
4194	27 
4195	57 
4196	37 
4197	29 
4198	56 
4199	93 
4200	45 
4201	77 
4202	23 
4203	18 
4204	91 
4205	1 
4206	101 
4207	17 
4208	65 
4209	17 
4210	84 
4211	98 
4212	10 
4213	46 
4214	93 
4215	76 
4216	82 
4217	76 
4218	1 
4219	20 
4220	57 
4221	1 
4222	46 
4223	63 
4224	92 
4225	79 
4226	96 
4227	69 
4228	56 
4229	86 
4230	101 
4231	79 
4232	91 
4233	76 
4234	79 
4235	36 
4236	56 
4237	105 
4238	77 
4239	56 
4240	77 
4241	78 
4242	1 
4243	12 
4244	28 
4245	36 
4246	77 
4247	58 
4248	28 
4249	31 
4250	77 
4251	87 
4252	56 
4253	102 
4254	1 
4255	8 
4256	102 
4257	57 
4258	2 
4259	10 
4260	102 
4261	91 
4262	102 
4263	28 
4264	44 
4265	62 
4266	78 
4267	62 
4268	63 
4269	8 
4270	21 
4271	68 
4272	42 
4273	44 
4274	23 
4275	87 
4276	78 
4277	46 
4278	39 
4279	35 
4280	35 
4281	66 
4282	22 
4283	63 
4284	91 
4285	82 
4286	45 
4287	79 
4288	51 
4289	87 
4290	79 
4291	33 
4292	93 
4293	56 
4294	8 
4295	84 
4296	82 
4297	44 
4298	21 
4299	12 
4300	62 
4301	69 
4302	18 
4303	57 
4304	49 
4305	85 
4306	21 
4307	38 
4308	9 
4309	12 
4310	39 
4311	78 
4312	35 
4313	96 
4314	69 
4315	79 
4316	94 
4317	1 
4318	9 
4319	77 
4320	67 
4321	45 
4322	87 
4323	84 
4324	21 
4325	77 
4326	6 
4327	69 
4328	45 
4329	2 
4330	77 
4331	63 
4332	2 
4333	63 
4334	33 
4335	101 
4336	2 
4337	1 
4338	76 
4339	97 
4340	9 
4341	59 
4342	64 
4343	78 
4344	33 
4345	85 
4346	34 
4347	38 
4348	80 
4349	49 
4350	76 
4351	6 
4352	82 
4353	23 
4354	94 
4355	57 
4356	56 
4357	6 
4358	70 
4359	63 
4360	104 
4361	91 
4362	44 
4363	33 
4364	45 
4365	94 
4366	64 
4367	6 
4368	102 
4369	49 
4370	32 
4371	98 
4372	11 
4373	77 
4374	76 
4375	69 
4376	21 
4377	79 
4378	69 
4379	23 
4380	46 
4381	105 
4382	62 
4383	35 
4384	11 
4385	17 
4386	1 
4387	87 
4388	83 
4389	62 
4390	44 
4391	29 
4392	33 
4393	11 
4394	12 
4395	62 
4396	59 
4397	104 
4398	46 
4399	6 
4400	56 
4401	21 
4402	91 
4403	91 
4404	45 
4405	23 
4406	51 
4407	58 
4408	12 
4409	11 
4410	6 
4411	58 
4412	94 
4413	1 
4414	48 
4415	21 
4416	11 
4417	46 
4418	68 
4419	9 
4420	49 
4421	97 
4422	101 
4423	59 
4424	45 
4425	11 
4426	1 
4427	101 
4428	39 
4429	6 
4430	63 
4431	73 
4432	38 
4433	67 
4434	63 
4435	42 
4436	84 
4437	91 
4438	43 
4439	44 
4440	21 
4441	104 
4442	12 
4443	49 
4444	76 
4445	15 
4446	104 
4447	46 
4448	59 
4449	56 
4450	28 
4451	77 
4452	28 
4453	2 
4454	93 
4455	23 
4456	82 
4457	9 
4458	86 
4459	96 
4460	68 
4461	6 
4462	93 
4463	70 
4464	62 
4465	49 
4466	12 
4467	8 
4468	21 
4469	32 
4470	38 
4471	93 
4472	6 
4473	18 
4474	80 
4475	56 
4476	98 
4477	46 
4478	104 
4479	46 
4480	22 
4481	91 
4482	32 
4483	77 
4484	22 
4485	17 
4486	79 
4487	12 
4488	94 
4489	1 
4490	102 
4491	1 
4492	33 
4493	93 
4494	78 
4495	94 
4496	46 
4497	104 
4498	11 
4499	58 
4500	35 
4501	91 
4502	12 
4503	34 
4504	101 
4505	83 
4506	20 
4507	63 
4508	105 
4509	43 
4510	1 
4511	94 
4512	18 
4513	20 
4514	62 
4515	45 
4516	9 
4517	91 
4518	62 
4519	9 
4520	12 
4521	69 
4522	83 
4523	58 
4524	12 
4525	46 
4526	23 
4527	23 
4528	46 
4529	104 
4530	62 
4531	18 
4532	2 
4533	87 
4534	73 
4535	66 
4536	96 
4537	80 
4538	83 
4539	6 
4540	44 
4541	62 
4542	64 
4543	64 
4544	86 
4545	65 
4546	36 
4547	44 
4548	69 
4549	21 
4550	33 
4551	96 
4552	96 
4553	9 
4554	57 
4555	57 
4556	35 
4557	59 
4558	1 
4559	15 
4560	39 
4561	57 
4562	12 
4563	87 
4564	45 
4565	93 
4566	83 
4567	93 
4568	68 
4569	12 
4570	69 
4571	69 
4572	73 
4573	9 
4574	76 
4575	49 
4576	15 
4577	49 
4578	39 
4579	49 
4580	29 
4581	105 
4582	65 
4583	101 
4584	49 
4585	69 
4586	23 
4587	77 
4588	91 
4589	39 
4590	87 
4591	23 
4592	76 
4593	18 
4594	105 
4595	94 
4596	76 
4597	87 
4598	45 
4599	102 
4600	104 
4601	49 
4602	76 
4603	9 
4604	38 
4605	63 
4606	70 
4607	96 
4608	62 
4609	46 
4610	44 
4611	76 
4612	102 
4613	80 
4614	105 
4615	76 
4616	102 
4617	77 
4618	49 
4619	80 
4620	62 
4621	39 
4622	77 
4623	83 
4624	67 
4625	64 
4626	9 
4627	1 
4628	94 
4629	102 
4630	69 
4631	35 
4632	96 
4633	28 
4634	23 
4635	96 
4636	31 
4637	78 
4638	79 
4639	77 
4640	31 
4641	12 
4642	63 
4643	78 
4644	64 
4645	93 
4646	67 
4647	32 
4648	45 
4649	87 
4650	33 
4651	18 
4652	79 
4653	87 
4654	46 
4655	87 
4656	68 
4657	102 
4658	79 
4659	62 
4660	105 
4661	57 
4662	91 
4663	62 
4664	2 
4665	44 
4666	83 
4667	63 
4668	56 
4669	69 
4670	56 
4671	105 
4672	9 
4673	63 
4674	93 
4675	104 
4676	57 
4677	23 
4678	62 
4679	93 
4680	59 
4681	22 
4682	79 
4683	22 
4684	87 
4685	77 
4686	56 
4687	56 
4688	56 
4689	78 
4690	68 
4691	12 
4692	62 
4693	9 
4694	104 
4695	78 
4696	62 
4697	64 
4698	102 
4699	12 
4700	1 
4701	91 
4702	102 
4703	29 
4704	44 
4705	104 
4706	49 
4707	62 
4708	9 
4709	57 
4710	96 
4711	49 
4712	79 
4713	9 
4714	105 
4715	79 
4716	33 
4717	93 
4718	11 
4719	28 
4720	22 
4721	87 
4722	91 
4723	22 
4724	78 
4725	62 
4726	21 
4727	23 
4728	93 
4729	63 
4730	83 
4731	23 
4732	96 
4733	62 
4734	79 
4735	2 
4736	67 
4737	56 
4738	6 
4739	9 
4740	56 
4741	11 
4742	64 
4743	104 
4744	44 
4745	22 
4746	77 
4747	22 
4748	56 
4749	63 
4750	12 
4751	21 
4752	79 
4753	18 
4754	46 
4755	39 
4756	62 
4757	11 
4758	59 
4759	1 
4760	11 
4761	44 
4762	12 
4763	79 
4764	78 
4765	45 
4766	73 
4767	21 
4768	69 
4769	18 
4770	11 
4771	62 
4772	63 
4773	39 
4774	23 
4775	96 
4776	58 
4777	45 
4778	33 
4779	49 
4780	21 
4781	77 
4782	83 
4783	66 
4784	57 
4785	68 
4786	28 
4787	39 
4788	58 
4789	67 
4790	46 
4791	63 
4792	62 
4793	28 
4794	62 
4795	44 
4796	96 
4797	93 
4798	80 
4799	68 
4800	58 
4801	76 
4802	69 
4803	57 
4804	93 
4805	87 
4806	78 
4807	104 
4808	18 
4809	93 
4810	1 
4811	49 
4812	12 
4813	11 
4814	102 
4815	12 
4816	2 
4817	57 
4818	39 
4819	11 
4820	73 
4821	96 
4822	6 
4823	79 
4824	2 
4825	44 
4826	83 
4827	87 
4828	80 
4829	45 
4830	83 
4831	21 
4832	83 
4833	18 
4834	39 
4835	23 
4836	87 
4837	76 
4838	69 
4839	9 
4840	6 
4841	6 
4842	9 
4843	93 
4844	57 
4845	67 
4846	6 
4847	69 
4848	56 
4849	62 
4850	101 
4851	1 
4852	83 
4853	104 
4854	56 
4855	9 
4856	67 
4857	64 
4858	105 
4859	64 
4860	44 
4861	21 
4862	68 
4863	68 
4864	78 
4865	12 
4866	46 
4867	1 
4868	69 
4869	49 
4870	44 
4871	62 
4872	105 
4873	68 
4874	57 
4875	56 
4876	87 
4877	62 
4878	62 
4879	104 
4880	9 
4881	78 
4882	64 
4883	46 
4884	78 
4885	9 
4886	1 
4887	21 
4888	79 
4889	93 
4890	9 
4891	12 
4892	6 
4893	78 
4894	105 
4895	78 
4896	44 
4897	80 
4898	56 
4899	101 
4900	23 
4901	78 
4902	23 
4903	6 
4904	56 
4905	83 
4906	23 
4907	102 
4908	62 
4909	93 
4910	12 
4911	6 
4912	11 
4913	83 
4914	56 
4915	56 
4916	21 
4917	6 
4918	57 
4919	44 
4920	56 
4921	62 
4922	21 
4923	77 
4924	21 
4925	44 
4926	102 
4927	77 
4928	12 
4929	21 
4930	56 
4931	21 
4932	93 
4933	87 
4934	23 
4935	63 
4936	79 
4937	102 
4938	77 
4939	12 
4940	77 
4941	62 
4942	11 
4943	1 
4944	44 
4945	44 
4946	56 
4947	9 
4948	1 
4949	11 
4950	78 
4951	63 
4952	87 
4953	57 
4954	56 
4955	44 
4956	83 
4957	1 
4958	44 
4959	83 
4960	56 
4961	93 
4962	78 
4963	77 
4964	12 
4965	78 
4966	44 
4967	11 
4968	49 
4969	83 
4970	49 
4971	78 
4972	23 
4973	69 
4974	1 
4975	79 
4976	9 
4977	93 
4978	69 
4979	77 
4980	62 
4981	44 
4982	44 
4983	12 
4984	79 
4985	77 
4986	69 
4987	56 
4988	49 
4989	44 
4990	23 
4991	23 
4992	79 
4993	78 
4994	44 
4995	62 
4996	79 
4997	44 
4998	23 
4999	23 
5000	49 
