Time:282.7774362564087
NMI:0.5952823426126468
ARI:0.14033845522456137
#com:27
1 21
2 25
3 14
4 25
5 8
6 12
7 21
8 25
9 25
10 13
11 19
12 25
13 25
14 25
15 21
16 10
17 25
18 25
19 25
20 25
21 3
22 18
23 25
24 25
25 25
26 25
27 13
28 25
29 25
30 25
31 10
32 25
33 25
34 25
35 7
36 25
37 25
38 25
39 6
40 18
41 25
42 25
43 7
44 25
45 25
46 6
47 20
48 25
49 7
50 25
51 1
52 25
53 7
54 25
55 25
56 25
57 25
58 22
59 25
60 25
61 25
62 25
63 25
64 25
65 20
66 3
67 25
68 25
69 25
70 21
71 25
72 25
73 21
74 25
75 25
76 25
77 3
78 11
79 25
80 21
81 21
82 25
83 25
84 25
85 7
86 12
87 25
88 10
89 21
90 21
91 22
92 19
93 25
94 25
95 19
96 25
97 6
98 25
99 25
100 25
101 14
102 25
103 25
104 25
105 15
106 25
107 25
108 25
109 25
110 10
111 25
112 22
113 25
114 25
115 21
116 25
117 20
118 6
119 18
120 22
121 21
122 7
123 25
124 25
125 22
126 25
127 18
128 25
129 25
130 25
131 6
132 25
133 25
134 25
135 25
136 21
137 25
138 25
139 6
140 21
141 25
142 25
143 25
144 25
145 25
146 25
147 9
148 25
149 21
150 25
151 25
152 25
153 10
154 25
155 25
156 25
157 25
158 25
159 25
160 25
161 25
162 25
163 21
164 20
165 25
166 25
167 25
168 25
169 21
170 25
171 21
172 25
173 25
174 25
175 25
176 25
177 25
178 25
179 1
180 20
181 21
182 25
183 25
184 25
185 25
186 21
187 16
188 10
189 19
190 25
191 20
192 25
193 25
194 21
195 25
196 25
197 25
198 20
199 25
200 25
201 25
202 25
203 20
204 15
205 25
206 25
207 13
208 25
209 18
210 8
211 25
212 25
213 21
214 25
215 25
216 25
217 10
218 6
219 25
220 25
221 3
222 19
223 1
224 25
225 25
226 25
227 25
228 25
229 25
230 25
231 25
232 25
233 25
234 20
235 25
236 21
237 25
238 25
239 25
240 10
241 25
242 25
243 25
244 25
245 25
246 25
247 25
248 25
249 25
250 25
251 20
252 18
253 25
254 25
255 25
256 10
257 25
258 25
259 22
260 25
261 25
262 25
263 10
264 25
265 25
266 25
267 25
268 18
269 20
270 25
271 25
272 16
273 6
274 21
275 25
276 25
277 25
278 25
279 25
280 25
281 25
282 21
283 10
284 14
285 25
286 9
287 25
288 20
289 20
290 25
291 10
292 25
293 25
294 22
295 25
296 25
297 25
298 25
299 11
300 22
301 25
302 25
303 25
304 25
305 25
306 25
307 25
308 25
309 25
310 25
311 25
312 25
313 20
314 25
315 25
316 25
317 25
318 25
319 25
320 21
321 25
322 21
323 25
324 25
325 25
326 25
327 20
328 25
329 19
330 25
331 12
332 18
333 25
334 25
335 25
336 25
337 25
338 25
339 25
340 20
341 25
342 25
343 25
344 25
345 25
346 25
347 25
348 25
349 21
350 25
351 20
352 25
353 25
354 25
355 25
356 25
357 25
358 12
359 25
360 25
361 25
362 25
363 25
364 25
365 25
366 25
367 25
368 25
369 19
370 21
371 25
372 25
373 22
374 17
375 20
376 14
377 21
378 25
379 25
380 25
381 25
382 21
383 6
384 21
385 25
386 1
387 25
388 22
389 20
390 21
391 25
392 21
393 25
394 25
395 15
396 12
397 25
398 21
399 25
400 22
401 25
402 25
403 25
404 25
405 12
406 13
407 25
408 25
409 21
410 14
411 9
412 1
413 25
414 25
415 22
416 11
417 25
418 25
419 3
420 25
421 25
422 25
423 25
424 25
425 12
426 25
427 18
428 19
429 25
430 3
431 22
432 25
433 25
434 25
435 25
436 25
437 25
438 25
439 10
440 25
441 25
442 25
443 25
444 22
445 25
446 25
447 25
448 21
449 14
450 25
451 25
452 18
453 25
454 19
455 25
456 18
457 10
458 10
459 25
460 9
461 21
462 19
463 25
464 21
465 25
466 25
467 12
468 11
469 25
470 25
471 19
472 25
473 25
474 9
475 12
476 25
477 25
478 10
479 25
480 25
481 25
482 12
483 25
484 25
485 25
486 25
487 18
488 25
489 25
490 9
491 11
492 20
493 25
494 25
495 25
496 25
497 25
498 25
499 19
500 25
501 21
502 25
503 25
504 3
505 15
506 25
507 25
508 22
509 22
510 25
511 10
512 25
513 9
514 25
515 25
516 25
517 25
518 25
519 25
520 1
521 25
522 16
523 15
524 21
525 21
526 17
527 25
528 18
529 25
530 25
531 6
532 3
533 25
534 14
535 25
536 25
537 25
538 25
539 25
540 14
541 18
542 21
543 25
544 19
545 25
546 25
547 25
548 22
549 25
550 19
551 14
552 10
553 25
554 9
555 25
556 25
557 25
558 14
559 25
560 25
561 25
562 25
563 20
564 25
565 12
566 3
567 25
568 22
569 25
570 25
571 18
572 25
573 25
574 19
575 6
576 25
577 25
578 13
579 14
580 14
581 19
582 25
583 21
584 25
585 17
586 17
587 15
588 25
589 25
590 14
591 20
592 25
593 21
594 25
595 25
596 25
597 18
598 25
599 25
600 20
601 25
602 25
603 25
604 25
605 14
606 25
607 12
608 25
609 25
610 19
611 25
612 25
613 25
614 12
615 15
616 15
617 25
618 25
619 21
620 19
621 21
622 25
623 18
624 25
625 25
626 25
627 25
628 20
629 13
630 17
631 25
632 25
633 19
634 20
635 25
636 25
637 16
638 25
639 21
640 25
641 15
642 25
643 19
644 25
645 17
646 25
647 21
648 25
649 16
650 25
651 25
652 21
653 25
654 25
655 17
656 25
657 22
658 17
659 25
660 25
661 25
662 25
663 21
664 25
665 25
666 10
667 25
668 25
669 3
670 17
671 21
672 25
673 25
674 14
675 25
676 25
677 14
678 15
679 18
680 25
681 25
682 25
683 19
684 13
685 21
686 25
687 17
688 10
689 21
690 25
691 25
692 25
693 13
694 16
695 25
696 15
697 25
698 16
699 20
700 25
701 25
702 25
703 25
704 25
705 25
706 25
707 25
708 14
709 25
710 10
711 25
712 25
713 25
714 13
715 21
716 25
717 25
718 15
719 25
720 25
721 20
722 25
723 16
724 25
725 13
726 25
727 25
728 13
729 25
730 13
731 25
732 18
733 25
734 20
735 14
736 19
737 21
738 25
739 14
740 15
741 25
742 25
743 25
744 20
745 10
746 19
747 25
748 13
749 22
750 20
751 15
752 25
753 25
754 21
755 21
756 21
757 17
758 20
759 25
760 18
761 25
762 10
763 25
764 25
765 15
766 25
767 19
768 25
769 20
770 15
771 20
772 19
773 25
774 22
775 13
776 13
777 25
778 25
779 25
780 24
781 25
782 25
783 13
784 25
785 13
786 15
787 18
788 25
789 24
790 24
791 20
792 17
793 25
794 21
795 25
796 21
797 18
798 22
799 14
800 24
801 19
802 15
803 24
804 16
805 16
806 15
807 25
808 25
809 23
810 2
811 2
812 19
813 19
814 18
815 25
816 20
817 17
818 25
819 24
820 16
821 25
822 18
823 23
824 25
825 25
826 16
827 16
828 25
829 25
830 18
831 23
832 15
833 25
834 25
835 24
836 19
837 25
838 23
839 25
840 18
841 25
842 25
843 21
844 20
845 15
846 16
847 19
848 20
849 26
850 25
851 25
852 21
853 21
854 21
855 17
856 26
857 26
858 19
859 23
860 26
861 25
862 2
863 23
864 13
865 25
866 26
867 23
868 25
869 2
870 26
871 20
872 26
873 20
874 23
875 21
876 23
877 20
878 23
879 20
880 21
881 22
882 22
883 23
884 26
885 20
886 23
887 18
888 25
889 20
890 21
891 22
892 21
893 25
894 23
895 26
896 26
897 20
898 22
899 22
900 21
901 24
902 22
903 21
904 22
905 24
906 5
907 5
908 5
909 24
910 23
911 16
912 22
913 23
914 24
915 21
916 20
917 21
918 23
919 15
920 16
921 22
922 20
923 23
924 22
925 20
926 23
927 23
928 5
929 24
930 22
931 23
932 24
933 20
934 20
935 4
936 22
937 23
938 22
939 23
940 22
941 25
942 22
943 4
944 4
945 22
946 5
947 25
948 23
949 24
950 24
951 22
952 22
953 22
954 24
955 4
956 5
957 22
958 25
959 22
960 22
961 4
962 25
963 4
964 20
965 25
966 25
967 22
968 22
969 25
970 25
971 25
972 20
973 25
974 25
975 25
976 25
977 25
978 0
979 25
980 25
981 7
982 7
983 7
984 8
985 8
986 0
987 7
988 7
989 8
990 8
991 0
992 8
993 8
994 0
995 7
996 7
997 8
998 0
999 7
1000 7
