Time:283.28164505958557
NMI:0.7357655683131972
ARI:0.450189661969069
#com:27
1 20
2 25
3 11
4 23
5 5
6 10
7 20
8 21
9 23
10 16
11 18
12 16
13 25
14 23
15 20
16 7
17 25
18 16
19 23
20 23
21 23
22 15
23 21
24 25
25 25
26 23
27 16
28 16
29 25
30 19
31 7
32 25
33 19
34 25
35 2
36 25
37 23
38 25
39 4
40 8
41 25
42 21
43 2
44 25
45 23
46 4
47 19
48 23
49 2
50 23
51 0
52 23
53 2
54 23
55 23
56 25
57 25
58 21
59 25
60 25
61 25
62 21
63 19
64 16
65 19
66 1
67 25
68 23
69 25
70 20
71 25
72 25
73 20
74 25
75 25
76 25
77 1
78 9
79 25
80 20
81 20
82 25
83 25
84 23
85 2
86 10
87 25
88 7
89 20
90 20
91 21
92 18
93 23
94 25
95 18
96 25
97 4
98 25
99 21
100 23
101 11
102 25
103 16
104 23
105 12
106 23
107 16
108 23
109 23
110 7
111 25
112 21
113 25
114 25
115 23
116 25
117 19
118 4
119 25
120 21
121 20
122 19
123 25
124 23
125 21
126 21
127 25
128 25
129 23
130 23
131 4
132 25
133 23
134 25
135 25
136 20
137 23
138 23
139 4
140 20
141 25
142 25
143 21
144 25
145 23
146 23
147 6
148 23
149 20
150 25
151 25
152 23
153 7
154 25
155 25
156 18
157 14
158 19
159 23
160 23
161 23
162 16
163 21
164 19
165 19
166 21
167 25
168 23
169 20
170 23
171 20
172 25
173 23
174 23
175 21
176 25
177 23
178 21
179 0
180 19
181 20
182 25
183 25
184 18
185 16
186 20
187 13
188 7
189 18
190 21
191 19
192 23
193 23
194 20
195 25
196 25
197 23
198 19
199 25
200 20
201 19
202 16
203 19
204 12
205 25
206 21
207 16
208 25
209 8
210 5
211 23
212 25
213 20
214 16
215 23
216 23
217 7
218 4
219 23
220 23
221 1
222 18
223 0
224 23
225 25
226 23
227 25
228 23
229 25
230 25
231 25
232 23
233 25
234 19
235 23
236 20
237 25
238 25
239 25
240 7
241 25
242 25
243 25
244 23
245 23
246 23
247 19
248 25
249 23
250 23
251 19
252 25
253 23
254 25
255 16
256 7
257 23
258 25
259 21
260 19
261 25
262 19
263 7
264 23
265 25
266 25
267 23
268 15
269 19
270 25
271 25
272 13
273 4
274 20
275 25
276 25
277 25
278 23
279 25
280 23
281 23
282 20
283 7
284 11
285 25
286 6
287 23
288 19
289 19
290 23
291 7
292 8
293 23
294 21
295 21
296 23
297 23
298 25
299 9
300 21
301 25
302 25
303 19
304 23
305 23
306 25
307 25
308 21
309 25
310 21
311 25
312 19
313 19
314 25
315 23
316 25
317 21
318 25
319 23
320 20
321 25
322 20
323 23
324 19
325 16
326 23
327 19
328 23
329 18
330 23
331 10
332 15
333 18
334 21
335 25
336 14
337 19
338 25
339 23
340 19
341 23
342 23
343 25
344 23
345 25
346 23
347 25
348 23
349 20
350 25
351 19
352 25
353 23
354 23
355 25
356 25
357 23
358 10
359 23
360 25
361 25
362 23
363 23
364 23
365 25
366 21
367 21
368 23
369 18
370 23
371 23
372 25
373 21
374 14
375 19
376 11
377 20
378 23
379 25
380 23
381 25
382 20
383 4
384 20
385 16
386 0
387 16
388 21
389 19
390 20
391 23
392 20
393 25
394 25
395 12
396 10
397 25
398 23
399 25
400 21
401 25
402 25
403 25
404 25
405 10
406 16
407 21
408 25
409 20
410 11
411 6
412 0
413 25
414 23
415 21
416 9
417 25
418 23
419 1
420 25
421 25
422 25
423 25
424 19
425 10
426 23
427 15
428 18
429 25
430 1
431 21
432 25
433 25
434 21
435 21
436 16
437 23
438 25
439 7
440 23
441 23
442 23
443 21
444 21
445 19
446 25
447 25
448 20
449 11
450 25
451 25
452 15
453 25
454 18
455 25
456 15
457 7
458 7
459 19
460 6
461 20
462 18
463 25
464 20
465 23
466 21
467 10
468 9
469 23
470 23
471 18
472 25
473 8
474 6
475 10
476 23
477 25
478 7
479 25
480 23
481 23
482 10
483 25
484 25
485 21
486 23
487 15
488 25
489 23
490 6
491 9
492 19
493 23
494 19
495 23
496 25
497 25
498 25
499 18
500 25
501 20
502 25
503 14
504 1
505 12
506 23
507 23
508 21
509 21
510 25
511 7
512 23
513 6
514 20
515 21
516 16
517 23
518 25
519 25
520 0
521 25
522 13
523 12
524 20
525 20
526 14
527 25
528 15
529 23
530 23
531 4
532 1
533 23
534 11
535 16
536 25
537 18
538 23
539 16
540 11
541 15
542 20
543 25
544 18
545 23
546 25
547 19
548 21
549 25
550 18
551 11
552 7
553 25
554 6
555 16
556 23
557 25
558 11
559 25
560 21
561 25
562 25
563 19
564 25
565 10
566 1
567 23
568 17
569 23
570 19
571 15
572 21
573 25
574 18
575 4
576 23
577 25
578 16
579 11
580 11
581 18
582 25
583 20
584 21
585 14
586 14
587 12
588 25
589 25
590 11
591 19
592 25
593 20
594 19
595 23
596 23
597 15
598 23
599 25
600 19
601 21
602 25
603 19
604 23
605 11
606 16
607 10
608 23
609 23
610 18
611 23
612 25
613 19
614 10
615 12
616 12
617 25
618 25
619 20
620 18
621 20
622 25
623 15
624 23
625 19
626 25
627 25
628 19
629 16
630 14
631 23
632 25
633 18
634 19
635 21
636 21
637 13
638 23
639 20
640 25
641 12
642 16
643 18
644 25
645 14
646 19
647 20
648 21
649 13
650 23
651 25
652 20
653 21
654 23
655 14
656 25
657 21
658 14
659 21
660 21
661 25
662 21
663 20
664 23
665 19
666 7
667 23
668 25
669 1
670 14
671 20
672 25
673 25
674 11
675 23
676 21
677 11
678 12
679 25
680 16
681 21
682 25
683 18
684 16
685 20
686 21
687 14
688 7
689 20
690 21
691 23
692 23
693 16
694 13
695 25
696 12
697 23
698 13
699 19
700 25
701 21
702 25
703 23
704 21
705 25
706 23
707 23
708 11
709 25
710 7
711 16
712 25
713 25
714 16
715 20
716 23
717 23
718 12
719 25
720 21
721 19
722 19
723 13
724 25
725 16
726 25
727 25
728 16
729 25
730 16
731 21
732 8
733 23
734 19
735 11
736 18
737 20
738 21
739 11
740 12
741 21
742 21
743 25
744 19
745 7
746 18
747 21
748 16
749 21
750 19
751 12
752 21
753 19
754 20
755 20
756 20
757 14
758 19
759 25
760 8
761 25
762 7
763 23
764 23
765 12
766 19
767 18
768 25
769 19
770 12
771 19
772 18
773 25
774 21
775 16
776 16
777 23
778 23
779 25
780 24
781 21
782 23
783 16
784 21
785 16
786 12
787 8
788 25
789 24
790 24
791 19
792 14
793 25
794 20
795 25
796 20
797 8
798 21
799 11
800 24
801 18
802 12
803 24
804 13
805 13
806 12
807 21
808 25
809 22
810 9
811 9
812 18
813 18
814 15
815 21
816 19
817 14
818 25
819 24
820 13
821 21
822 8
823 22
824 25
825 21
826 13
827 13
828 21
829 25
830 8
831 22
832 12
833 25
834 21
835 24
836 18
837 21
838 22
839 19
840 8
841 21
842 25
843 20
844 19
845 12
846 13
847 18
848 19
849 26
850 25
851 21
852 20
853 20
854 20
855 14
856 26
857 26
858 18
859 22
860 26
861 21
862 9
863 22
864 16
865 21
866 26
867 22
868 21
869 9
870 26
871 19
872 26
873 19
874 22
875 20
876 22
877 19
878 22
879 19
880 20
881 21
882 21
883 22
884 26
885 19
886 22
887 8
888 21
889 19
890 20
891 21
892 20
893 21
894 22
895 26
896 26
897 19
898 21
899 21
900 20
901 24
902 21
903 20
904 21
905 24
906 3
907 3
908 3
909 24
910 22
911 13
912 17
913 22
914 24
915 20
916 19
917 20
918 22
919 12
920 13
921 17
922 19
923 22
924 17
925 19
926 22
927 22
928 3
929 24
930 17
931 22
932 24
933 19
934 19
935 20
936 17
937 22
938 17
939 22
940 17
941 25
942 17
943 20
944 20
945 17
946 3
947 25
948 22
949 24
950 24
951 17
952 17
953 17
954 24
955 20
956 3
957 17
958 25
959 17
960 17
961 20
962 25
963 20
964 19
965 25
966 25
967 17
968 17
969 23
970 25
971 23
972 19
973 23
974 23
975 25
976 25
977 23
978 21
979 23
980 23
981 2
982 2
983 2
984 5
985 5
986 21
987 2
988 2
989 5
990 5
991 21
992 5
993 5
994 21
995 2
996 2
997 5
998 21
999 2
1000 2
