Time:284.19254994392395
NMI:0.6333563743018904
ARI:0.1854357075666616
#com:27
1 21
2 25
3 12
4 25
5 6
6 10
7 21
8 20
9 25
10 11
11 25
12 25
13 20
14 25
15 21
16 8
17 25
18 25
19 25
20 20
21 25
22 16
23 20
24 25
25 25
26 25
27 11
28 25
29 25
30 25
31 8
32 25
33 25
34 25
35 3
36 25
37 25
38 25
39 5
40 16
41 25
42 20
43 3
44 17
45 25
46 5
47 25
48 25
49 3
50 25
51 0
52 25
53 3
54 25
55 25
56 25
57 25
58 22
59 25
60 25
61 25
62 20
63 25
64 25
65 19
66 1
67 25
68 25
69 25
70 21
71 17
72 17
73 21
74 25
75 25
76 25
77 1
78 9
79 25
80 21
81 21
82 25
83 17
84 25
85 3
86 10
87 25
88 8
89 21
90 21
91 22
92 18
93 25
94 25
95 18
96 20
97 5
98 25
99 20
100 25
101 12
102 25
103 25
104 25
105 13
106 25
107 25
108 25
109 25
110 8
111 25
112 22
113 25
114 25
115 21
116 25
117 19
118 5
119 16
120 22
121 21
122 25
123 25
124 25
125 22
126 20
127 16
128 25
129 25
130 25
131 5
132 25
133 25
134 25
135 25
136 21
137 25
138 25
139 5
140 21
141 17
142 17
143 20
144 25
145 25
146 25
147 7
148 20
149 21
150 25
151 25
152 25
153 8
154 25
155 25
156 25
157 15
158 25
159 25
160 25
161 25
162 25
163 21
164 19
165 25
166 20
167 25
168 25
169 21
170 25
171 21
172 25
173 25
174 25
175 20
176 17
177 25
178 20
179 0
180 25
181 21
182 25
183 25
184 25
185 25
186 21
187 14
188 8
189 18
190 20
191 25
192 25
193 25
194 21
195 25
196 25
197 25
198 25
199 25
200 21
201 25
202 25
203 19
204 13
205 25
206 20
207 11
208 25
209 16
210 6
211 25
212 25
213 21
214 25
215 25
216 25
217 8
218 5
219 25
220 25
221 1
222 18
223 0
224 25
225 25
226 20
227 25
228 25
229 25
230 25
231 25
232 25
233 25
234 19
235 25
236 21
237 25
238 25
239 25
240 8
241 25
242 25
243 25
244 25
245 25
246 25
247 25
248 17
249 25
250 25
251 19
252 16
253 25
254 25
255 25
256 8
257 25
258 25
259 22
260 25
261 25
262 25
263 8
264 25
265 25
266 25
267 25
268 16
269 19
270 25
271 25
272 14
273 5
274 21
275 25
276 25
277 25
278 25
279 25
280 25
281 25
282 21
283 8
284 12
285 17
286 7
287 25
288 25
289 19
290 25
291 8
292 25
293 25
294 22
295 20
296 25
297 25
298 25
299 9
300 22
301 25
302 25
303 25
304 25
305 25
306 25
307 25
308 20
309 25
310 20
311 17
312 25
313 19
314 25
315 25
316 25
317 20
318 25
319 25
320 21
321 25
322 21
323 25
324 25
325 25
326 25
327 25
328 25
329 18
330 25
331 10
332 16
333 25
334 20
335 25
336 15
337 25
338 25
339 25
340 19
341 25
342 25
343 20
344 25
345 25
346 25
347 25
348 25
349 21
350 25
351 19
352 25
353 25
354 25
355 25
356 25
357 25
358 10
359 25
360 25
361 25
362 25
363 25
364 25
365 25
366 20
367 20
368 25
369 18
370 21
371 25
372 25
373 22
374 15
375 25
376 12
377 21
378 25
379 17
380 20
381 25
382 21
383 5
384 21
385 25
386 0
387 25
388 22
389 25
390 21
391 25
392 21
393 25
394 25
395 13
396 10
397 25
398 21
399 25
400 22
401 25
402 17
403 25
404 25
405 10
406 11
407 20
408 25
409 21
410 12
411 7
412 0
413 25
414 25
415 22
416 9
417 25
418 25
419 1
420 25
421 17
422 25
423 25
424 25
425 10
426 25
427 16
428 18
429 25
430 1
431 22
432 25
433 25
434 20
435 20
436 25
437 25
438 17
439 8
440 25
441 25
442 25
443 20
444 22
445 25
446 25
447 17
448 21
449 12
450 25
451 25
452 16
453 25
454 18
455 25
456 16
457 8
458 8
459 25
460 7
461 21
462 18
463 25
464 21
465 25
466 20
467 10
468 9
469 25
470 25
471 18
472 25
473 25
474 7
475 10
476 25
477 25
478 8
479 25
480 20
481 25
482 10
483 25
484 25
485 20
486 25
487 16
488 25
489 25
490 7
491 9
492 25
493 25
494 25
495 25
496 25
497 25
498 25
499 25
500 25
501 21
502 25
503 15
504 1
505 13
506 25
507 25
508 22
509 22
510 25
511 8
512 25
513 7
514 21
515 20
516 25
517 25
518 25
519 25
520 0
521 25
522 14
523 13
524 21
525 21
526 15
527 25
528 16
529 25
530 25
531 5
532 1
533 25
534 12
535 25
536 25
537 25
538 25
539 25
540 12
541 16
542 21
543 25
544 25
545 20
546 25
547 25
548 22
549 25
550 18
551 12
552 8
553 25
554 7
555 25
556 25
557 20
558 12
559 25
560 20
561 25
562 25
563 25
564 25
565 10
566 1
567 25
568 22
569 25
570 25
571 16
572 20
573 25
574 18
575 5
576 25
577 25
578 11
579 12
580 12
581 18
582 25
583 21
584 20
585 15
586 15
587 13
588 25
589 25
590 12
591 25
592 25
593 21
594 25
595 25
596 25
597 16
598 25
599 25
600 19
601 20
602 25
603 25
604 25
605 12
606 25
607 10
608 25
609 25
610 25
611 25
612 25
613 25
614 10
615 13
616 13
617 25
618 25
619 21
620 18
621 21
622 25
623 16
624 25
625 25
626 25
627 25
628 19
629 11
630 15
631 25
632 25
633 18
634 19
635 20
636 20
637 14
638 25
639 21
640 25
641 13
642 25
643 18
644 25
645 15
646 25
647 21
648 20
649 14
650 25
651 25
652 21
653 20
654 25
655 15
656 25
657 22
658 15
659 20
660 20
661 25
662 20
663 21
664 25
665 25
666 8
667 25
668 25
669 1
670 15
671 21
672 25
673 25
674 12
675 25
676 20
677 12
678 13
679 16
680 25
681 20
682 25
683 18
684 11
685 21
686 20
687 15
688 8
689 21
690 20
691 25
692 25
693 11
694 14
695 25
696 13
697 25
698 14
699 25
700 25
701 20
702 25
703 25
704 20
705 25
706 25
707 25
708 12
709 25
710 8
711 25
712 25
713 25
714 11
715 21
716 25
717 25
718 13
719 25
720 20
721 19
722 25
723 14
724 25
725 11
726 25
727 25
728 11
729 25
730 11
731 20
732 16
733 25
734 19
735 12
736 18
737 21
738 20
739 12
740 13
741 20
742 20
743 25
744 25
745 8
746 18
747 20
748 11
749 22
750 25
751 13
752 20
753 25
754 21
755 21
756 21
757 15
758 25
759 20
760 16
761 17
762 8
763 25
764 25
765 13
766 25
767 18
768 25
769 25
770 13
771 25
772 18
773 17
774 22
775 11
776 11
777 25
778 25
779 25
780 24
781 20
782 25
783 11
784 20
785 11
786 13
787 16
788 17
789 24
790 24
791 25
792 15
793 20
794 21
795 17
796 21
797 16
798 22
799 12
800 24
801 18
802 13
803 24
804 14
805 14
806 13
807 20
808 25
809 23
810 9
811 9
812 18
813 18
814 16
815 20
816 19
817 15
818 17
819 24
820 14
821 20
822 16
823 23
824 25
825 20
826 14
827 14
828 20
829 25
830 16
831 23
832 13
833 25
834 20
835 24
836 18
837 20
838 23
839 25
840 16
841 20
842 25
843 21
844 19
845 13
846 14
847 18
848 19
849 26
850 17
851 20
852 21
853 21
854 21
855 15
856 26
857 26
858 18
859 23
860 26
861 20
862 9
863 23
864 11
865 20
866 26
867 23
868 20
869 9
870 26
871 19
872 26
873 19
874 23
875 21
876 23
877 19
878 23
879 19
880 21
881 22
882 22
883 23
884 26
885 19
886 23
887 16
888 20
889 19
890 21
891 22
892 21
893 20
894 23
895 26
896 26
897 19
898 22
899 22
900 21
901 24
902 22
903 21
904 22
905 24
906 4
907 4
908 4
909 24
910 23
911 14
912 22
913 23
914 24
915 21
916 19
917 21
918 23
919 13
920 14
921 22
922 19
923 23
924 22
925 19
926 23
927 23
928 4
929 24
930 22
931 23
932 24
933 19
934 19
935 2
936 22
937 23
938 22
939 23
940 22
941 17
942 22
943 2
944 2
945 22
946 4
947 17
948 23
949 24
950 24
951 22
952 22
953 22
954 24
955 2
956 4
957 22
958 17
959 22
960 22
961 2
962 17
963 2
964 19
965 17
966 17
967 22
968 22
969 25
970 25
971 25
972 19
973 25
974 25
975 25
976 25
977 25
978 22
979 25
980 25
981 3
982 3
983 3
984 6
985 6
986 22
987 3
988 3
989 6
990 6
991 22
992 6
993 6
994 22
995 3
996 3
997 6
998 22
999 3
1000 3
