Time:285.96294808387756
NMI:0.9618659564282181
ARI:0.9348172793576152
#com:27
1 23
2 19
3 15
4 26
5 26
6 14
7 23
8 24
9 0
10 20
11 21
12 20
13 24
14 25
15 23
16 12
17 13
18 20
19 16
20 15
21 9
22 19
23 24
24 13
25 13
26 16
27 20
28 20
29 21
30 22
31 12
32 25
33 22
34 13
35 25
36 25
37 1
38 13
39 5
40 19
41 19
42 24
43 25
44 25
45 18
46 5
47 22
48 24
49 25
50 16
51 11
52 17
53 25
54 2
55 16
56 21
57 17
58 24
59 13
60 17
61 17
62 24
63 22
64 20
65 22
66 9
67 17
68 16
69 24
70 23
71 25
72 25
73 23
74 13
75 13
76 13
77 9
78 13
79 23
80 23
81 23
82 17
83 25
84 3
85 25
86 14
87 13
88 12
89 23
90 23
91 24
92 21
93 26
94 17
95 21
96 24
97 5
98 26
99 17
100 16
101 15
102 22
103 20
104 22
105 16
106 18
107 20
108 26
109 25
110 12
111 17
112 24
113 15
114 21
115 23
116 21
117 4
118 5
119 19
120 24
121 23
122 25
123 25
124 26
125 24
126 24
127 19
128 24
129 2
130 16
131 5
132 21
133 6
134 23
135 17
136 23
137 7
138 8
139 5
140 23
141 25
142 25
143 24
144 19
145 9
146 26
147 11
148 15
149 23
150 13
151 17
152 9
153 12
154 25
155 13
156 21
157 18
158 22
159 26
160 16
161 16
162 20
163 24
164 22
165 22
166 24
167 21
168 16
169 23
170 26
171 23
172 21
173 16
174 26
175 24
176 25
177 16
178 24
179 11
180 22
181 23
182 21
183 17
184 21
185 20
186 23
187 17
188 12
189 21
190 24
191 22
192 18
193 26
194 23
195 13
196 19
197 26
198 22
199 21
200 23
201 22
202 20
203 22
204 16
205 19
206 25
207 20
208 25
209 19
210 26
211 18
212 23
213 23
214 20
215 26
216 16
217 12
218 5
219 18
220 16
221 9
222 21
223 11
224 26
225 21
226 15
227 21
228 16
229 13
230 17
231 26
232 18
233 21
234 22
235 9
236 23
237 26
238 25
239 13
240 12
241 24
242 26
243 23
244 26
245 18
246 16
247 22
248 25
249 26
250 22
251 22
252 19
253 18
254 21
255 20
256 12
257 26
258 13
259 24
260 22
261 13
262 22
263 12
264 26
265 13
266 19
267 10
268 19
269 22
270 25
271 25
272 17
273 5
274 23
275 25
276 17
277 19
278 26
279 13
280 26
281 16
282 23
283 12
284 15
285 25
286 11
287 25
288 22
289 22
290 18
291 12
292 19
293 26
294 24
295 24
296 26
297 17
298 25
299 13
300 24
301 21
302 19
303 22
304 16
305 18
306 21
307 19
308 24
309 25
310 24
311 25
312 22
313 22
314 13
315 26
316 13
317 24
318 17
319 16
320 23
321 24
322 23
323 26
324 22
325 20
326 26
327 22
328 16
329 21
330 18
331 14
332 19
333 21
334 24
335 26
336 18
337 22
338 25
339 18
340 22
341 26
342 24
343 24
344 26
345 19
346 26
347 26
348 16
349 23
350 21
351 22
352 21
353 9
354 26
355 26
356 17
357 16
358 14
359 26
360 21
361 13
362 26
363 26
364 18
365 25
366 24
367 24
368 25
369 21
370 23
371 26
372 17
373 24
374 18
375 22
376 15
377 23
378 9
379 25
380 15
381 25
382 23
383 5
384 23
385 20
386 11
387 20
388 24
389 22
390 23
391 26
392 23
393 17
394 17
395 16
396 14
397 17
398 23
399 25
400 24
401 13
402 25
403 21
404 25
405 14
406 20
407 25
408 25
409 23
410 15
411 11
412 11
413 25
414 22
415 24
416 13
417 21
418 16
419 9
420 13
421 24
422 21
423 13
424 22
425 14
426 24
427 19
428 21
429 25
430 9
431 24
432 13
433 25
434 24
435 24
436 20
437 24
438 25
439 12
440 26
441 16
442 26
443 24
444 24
445 22
446 25
447 25
448 25
449 15
450 25
451 25
452 19
453 26
454 21
455 19
456 19
457 12
458 12
459 22
460 11
461 23
462 21
463 19
464 23
465 26
466 24
467 14
468 13
469 26
470 16
471 21
472 17
473 19
474 11
475 14
476 26
477 13
478 12
479 13
480 15
481 18
482 14
483 25
484 17
485 24
486 26
487 19
488 25
489 26
490 11
491 13
492 22
493 26
494 22
495 26
496 25
497 25
498 25
499 21
500 24
501 23
502 25
503 18
504 9
505 16
506 26
507 26
508 24
509 24
510 25
511 12
512 26
513 11
514 23
515 24
516 20
517 26
518 25
519 25
520 11
521 25
522 17
523 16
524 23
525 23
526 18
527 17
528 19
529 26
530 26
531 5
532 9
533 26
534 15
535 20
536 19
537 21
538 24
539 20
540 15
541 19
542 23
543 17
544 21
545 15
546 24
547 22
548 24
549 25
550 21
551 15
552 12
553 25
554 11
555 20
556 16
557 24
558 15
559 21
560 24
561 25
562 13
563 22
564 17
565 14
566 9
567 26
568 24
569 16
570 22
571 19
572 24
573 25
574 21
575 5
576 18
577 17
578 20
579 15
580 15
581 21
582 21
583 25
584 24
585 18
586 18
587 16
588 25
589 25
590 15
591 22
592 21
593 23
594 22
595 26
596 26
597 19
598 16
599 21
600 22
601 24
602 25
603 22
604 26
605 15
606 20
607 14
608 25
609 16
610 21
611 26
612 25
613 22
614 14
615 16
616 16
617 17
618 17
619 23
620 21
621 23
622 21
623 19
624 26
625 22
626 24
627 24
628 22
629 20
630 18
631 26
632 25
633 21
634 22
635 24
636 24
637 17
638 26
639 23
640 19
641 16
642 20
643 21
644 21
645 18
646 22
647 23
648 24
649 17
650 26
651 25
652 23
653 24
654 18
655 18
656 25
657 24
658 18
659 24
660 24
661 21
662 24
663 23
664 16
665 22
666 12
667 26
668 25
669 9
670 18
671 23
672 25
673 13
674 15
675 26
676 24
677 15
678 16
679 19
680 20
681 24
682 25
683 21
684 20
685 23
686 24
687 18
688 12
689 23
690 24
691 18
692 26
693 20
694 17
695 25
696 16
697 16
698 17
699 22
700 25
701 24
702 25
703 26
704 24
705 25
706 26
707 26
708 15
709 25
710 12
711 20
712 25
713 17
714 20
715 23
716 16
717 26
718 16
719 25
720 24
721 22
722 22
723 17
724 25
725 20
726 25
727 13
728 20
729 21
730 20
731 24
732 19
733 26
734 22
735 15
736 21
737 23
738 24
739 15
740 16
741 24
742 24
743 25
744 22
745 12
746 21
747 24
748 20
749 24
750 22
751 16
752 24
753 22
754 23
755 23
756 23
757 18
758 22
759 24
760 19
761 25
762 12
763 26
764 26
765 16
766 22
767 21
768 26
769 22
770 16
771 22
772 21
773 25
774 24
775 20
776 20
777 16
778 26
779 25
780 26
781 24
782 26
783 20
784 24
785 20
786 16
787 19
788 25
789 26
790 26
791 22
792 18
793 24
794 23
795 25
796 23
797 19
798 24
799 15
800 26
801 21
802 16
803 26
804 17
805 17
806 16
807 24
808 21
809 25
810 13
811 13
812 21
813 21
814 19
815 24
816 22
817 18
818 25
819 26
820 17
821 24
822 19
823 25
824 17
825 24
826 17
827 17
828 24
829 21
830 19
831 25
832 16
833 25
834 24
835 26
836 21
837 24
838 26
839 22
840 19
841 24
842 17
843 23
844 22
845 16
846 17
847 21
848 22
849 26
850 25
851 24
852 23
853 23
854 23
855 18
856 26
857 26
858 21
859 25
860 26
861 24
862 13
863 25
864 20
865 24
866 26
867 25
868 24
869 13
870 26
871 22
872 26
873 22
874 25
875 23
876 25
877 22
878 25
879 22
880 23
881 24
882 24
883 25
884 26
885 22
886 25
887 19
888 24
889 22
890 23
891 24
892 23
893 24
894 25
895 26
896 26
897 22
898 24
899 24
900 23
901 26
902 24
903 23
904 24
905 26
906 21
907 21
908 21
909 26
910 25
911 17
912 24
913 25
914 26
915 23
916 22
917 23
918 25
919 16
920 17
921 24
922 22
923 25
924 24
925 22
926 25
927 25
928 21
929 26
930 24
931 25
932 26
933 22
934 22
935 23
936 24
937 25
938 24
939 25
940 24
941 25
942 24
943 23
944 23
945 24
946 21
947 25
948 25
949 26
950 26
951 24
952 24
953 24
954 26
955 23
956 21
957 24
958 25
959 24
960 24
961 23
962 25
963 23
964 22
965 25
966 25
967 24
968 24
969 26
970 25
971 26
972 22
973 26
974 26
975 25
976 25
977 26
978 24
979 26
980 26
981 25
982 25
983 25
984 26
985 26
986 24
987 25
988 25
989 26
990 26
991 24
992 26
993 26
994 24
995 25
996 25
997 26
998 24
999 25
1000 25
