1	737
1	984
1	1000
2	286
2	638
2	855
3	846
3	993
3	994
4	948
4	995
4	998
5	602
5	773
5	959
6	114
6	968
6	1000
7	866
7	972
7	999
8	754
8	997
8	999
9	221
9	936
9	980
10	663
10	882
10	988
11	977
11	986
11	996
12	625
12	899
12	916
13	862
13	894
13	983
14	912
14	949
14	964
15	18
15	704
15	738
16	914
16	980
16	982
17	460
17	709
17	989
18	15
18	640
18	866
19	582
19	774
19	940
20	599
20	952
20	999
21	975
21	978
21	988
22	894
22	958
22	994
23	235
23	391
23	988
24	501
24	883
24	955
25	289
25	711
25	772
26	425
26	772
26	805
27	794
27	879
27	992
28	956
28	984
28	991
29	61
29	982
29	996
30	979
30	984
30	995
31	973
31	991
31	994
32	844
32	982
32	996
33	935
33	995
33	998
34	975
34	980
34	985
35	901
35	949
35	966
36	752
36	998
36	1000
37	303
37	346
37	691
38	937
38	955
38	987
39	562
39	974
39	995
40	936
40	955
40	978
41	898
41	913
41	941
42	44
42	399
42	572
43	689
43	806
43	934
44	42
44	975
44	1000
45	733
45	920
45	979
46	988
46	994
46	998
47	701
47	866
47	874
48	370
48	984
48	995
49	968
49	970
49	982
50	317
50	937
50	989
51	466
51	993
51	994
52	810
52	981
52	997
53	910
53	978
53	1000
54	969
54	996
54	999
55	720
55	856
55	866
56	973
56	984
56	996
57	589
57	929
57	946
58	888
58	991
58	993
59	693
59	957
59	999
60	512
60	923
60	964
61	29
61	622
61	831
62	633
62	953
62	991
63	557
63	979
63	998
64	428
64	972
64	982
65	870
65	911
65	989
66	973
66	985
66	990
67	760
67	862
67	914
68	898
68	923
68	955
69	779
69	926
69	986
70	979
70	980
70	1000
71	707
71	803
71	936
72	240
72	385
72	878
73	912
73	916
73	966
74	967
74	993
74	994
75	267
75	789
75	985
76	780
76	876
76	886
77	874
77	916
77	993
78	813
78	936
78	955
79	944
79	961
79	964
80	91
80	264
80	960
81	962
81	978
81	1000
82	245
82	275
82	987
83	826
83	966
83	978
84	815
84	863
84	971
85	625
85	689
85	916
86	974
86	987
86	999
87	436
87	642
87	964
88	929
88	979
88	998
89	953
89	993
89	994
90	467
90	718
90	952
91	80
91	264
91	927
92	874
92	916
92	943
93	661
93	744
93	848
94	977
94	979
94	999
95	714
95	823
95	913
96	304
96	993
96	994
97	606
97	973
97	989
98	920
98	993
98	994
99	277
99	855
99	981
100	862
100	968
100	998
101	234
101	305
101	683
102	400
102	652
102	911
103	125
103	938
103	974
104	177
104	882
104	992
105	762
105	845
105	888
106	444
106	820
106	986
107	899
107	909
107	974
108	954
108	983
108	996
109	779
109	865
109	992
110	793
110	982
110	989
111	410
111	806
111	987
112	598
112	979
112	991
113	165
113	995
113	998
114	6
114	780
114	824
115	911
115	991
115	993
116	834
116	929
116	959
117	310
117	972
117	987
118	686
118	991
118	993
119	185
119	989
119	996
120	729
120	985
120	989
121	958
121	983
121	996
122	212
122	891
122	987
123	885
123	985
123	989
124	866
124	975
124	998
125	103
125	757
125	848
126	663
126	822
126	914
127	923
127	952
127	966
128	762
128	961
128	966
129	474
129	971
129	999
130	706
130	961
130	966
131	803
131	830
131	937
132	415
132	991
132	994
133	664
133	712
133	831
134	546
134	993
134	994
135	920
135	981
135	998
136	946
136	992
136	997
137	969
137	990
137	995
138	673
138	819
138	845
139	832
139	833
139	979
140	871
140	972
140	987
141	257
141	988
141	1000
142	967
142	971
142	999
143	833
143	992
143	999
144	665
144	738
144	868
145	978
145	989
145	1000
146	852
146	901
146	964
147	995
147	996
147	1000
148	796
148	867
148	976
149	957
149	974
149	999
150	958
150	993
150	999
151	487
151	867
151	960
152	431
152	733
152	820
153	325
153	946
153	959
154	949
154	995
154	1000
155	772
155	791
155	801
156	763
156	962
156	986
157	885
157	983
157	996
158	874
158	916
158	962
159	307
159	959
159	995
160	503
160	984
160	1000
161	983
161	997
161	999
162	163
162	356
162	822
163	162
163	421
163	785
164	329
164	524
164	773
165	113
165	708
165	974
166	913
166	955
166	965
167	702
167	888
167	938
168	783
168	813
168	999
169	959
169	968
169	981
170	393
170	571
170	900
171	465
171	822
171	992
172	929
172	946
172	959
173	992
173	996
173	999
174	465
174	655
174	824
175	746
175	870
175	911
176	873
176	911
176	958
177	104
177	567
177	958
178	924
178	975
178	1000
179	907
179	912
179	997
180	186
180	757
180	848
181	219
181	960
181	993
182	948
182	951
182	986
183	237
183	571
183	954
184	974
184	983
184	996
185	119
185	479
185	920
186	180
186	711
186	791
187	850
187	976
187	996
188	939
188	971
188	987
189	230
189	876
189	920
190	925
190	978
190	995
191	947
191	995
191	1000
192	240
192	385
192	887
193	982
193	995
193	998
194	918
194	988
194	995
195	584
195	898
195	937
196	975
196	993
196	994
197	808
197	974
197	987
198	991
198	993
198	994
199	437
199	991
199	994
200	973
200	978
200	995
201	679
201	861
201	946
202	931
202	990
202	997
203	978
203	981
203	992
204	819
204	997
204	999
205	789
205	791
205	801
206	894
206	937
206	1000
207	574
207	934
207	990
208	396
208	953
208	994
209	888
209	984
209	988
210	697
210	744
210	848
211	491
211	683
211	999
212	122
212	982
212	996
213	427
213	778
213	802
214	810
214	971
214	997
215	299
215	630
215	847
216	678
216	732
216	845
217	791
217	972
217	987
218	754
218	993
218	994
219	181
219	998
219	1000
220	568
220	813
220	959
221	9
221	802
221	955
222	691
222	697
222	734
223	983
223	985
223	986
224	950
224	992
224	997
225	930
225	991
225	994
226	893
226	923
226	966
227	308
227	641
227	787
228	962
228	964
228	997
229	972
229	983
229	989
230	189
230	717
230	950
231	816
231	948
231	951
232	375
232	468
232	944
233	238
233	845
233	896
234	101
234	868
234	915
235	23
235	252
235	391
236	944
236	991
236	994
237	183
237	393
237	571
238	233
238	278
238	929
239	393
239	571
239	580
240	72
240	192
240	385
241	823
241	955
241	965
242	971
242	974
242	987
243	944
243	989
243	996
244	836
244	948
244	951
245	82
245	275
245	946
246	923
246	927
246	969
247	969
247	975
247	986
248	381
248	868
248	971
249	275
249	993
249	994
250	887
250	979
250	999
251	898
251	969
251	997
252	235
252	391
252	462
253	605
253	843
253	986
254	979
254	984
254	999
255	850
255	912
255	972
256	343
256	701
256	755
257	141
257	970
257	983
258	876
258	886
258	972
259	704
259	979
259	1000
260	974
260	987
260	988
261	657
261	985
261	996
262	907
262	991
262	993
263	558
263	792
263	805
264	80
264	91
264	980
265	681
265	851
265	888
266	932
266	988
266	1000
267	75
267	523
267	1000
268	841
268	972
268	1000
269	800
269	973
269	992
270	978
270	989
270	996
271	798
271	913
271	1000
272	792
272	964
272	966
273	822
273	991
273	993
274	560
274	806
274	811
275	82
275	245
275	249
276	954
276	992
276	999
277	99
277	352
277	486
278	238
278	817
278	881
279	754
279	986
279	997
280	851
280	944
280	951
281	454
281	995
281	998
281	1000
282	885
282	949
282	981
282	995
283	942
283	985
283	989
283	996
284	740
284	942
284	969
284	992
285	409
285	440
285	711
285	801
286	2
286	697
286	780
286	983
287	927
287	946
287	997
287	999
288	442
288	640
288	738
288	868
289	25
289	440
289	801
289	937
290	966
290	971
290	986
290	999
291	632
291	855
291	873
291	911
292	698
292	899
292	961
292	964
293	613
293	827
293	847
293	882
294	354
294	824
294	966
294	997
295	419
295	957
295	971
295	986
296	463
296	885
296	946
296	964
297	913
297	937
297	955
297	992
298	967
298	986
298	991
298	994
299	215
299	652
299	746
299	873
300	986
300	995
300	998
300	1000
301	540
301	982
301	985
301	996
302	827
302	882
302	914
302	986
303	37
303	790
303	824
303	989
304	96
304	990
304	991
304	992
305	101
305	470
305	796
305	966
306	708
306	884
306	945
306	987
307	159
307	462
307	772
307	801
308	227
308	424
308	790
308	824
309	969
309	980
309	983
309	989
310	117
310	863
310	912
310	966
311	753
311	942
311	971
311	1000
312	355
312	488
312	787
312	824
313	911
313	964
313	995
313	1000
314	751
314	977
314	983
314	985
315	514
315	878
315	891
315	976
316	394
316	739
316	916
316	943
317	50
317	595
317	823
317	968
318	981
318	985
318	998
318	1000
319	929
319	967
319	993
319	994
320	878
320	944
320	948
320	951
321	691
321	991
321	993
321	994
322	520
322	541
322	550
322	929
323	881
323	969
323	977
323	990
324	631
324	689
324	752
324	811
325	153
325	932
325	957
325	999
326	812
326	960
326	973
326	996
327	351
327	464
327	881
327	957
328	868
328	983
328	989
328	996
329	164
329	897
329	986
329	992
330	331
330	496
330	757
330	848
331	330
331	970
331	985
331	996
332	966
332	979
332	995
332	1000
333	980
333	991
333	993
333	997
334	975
334	995
334	997
334	999
335	958
335	977
335	990
335	999
336	655
336	870
336	926
336	978
337	973
337	982
337	983
337	998
338	949
338	980
338	990
338	997
339	879
339	965
339	983
339	996
340	957
340	988
340	990
340	997
341	967
341	993
341	994
341	996
342	531
342	772
342	791
342	997
343	256
343	495
343	874
343	916
344	778
344	806
344	846
344	868
345	424
345	808
345	896
345	990
346	37
346	780
346	790
346	821
347	796
347	912
347	954
347	1000
348	930
348	942
348	979
348	990
349	640
349	841
349	971
349	997
350	949
350	964
350	966
350	979
351	327
351	819
351	827
351	888
352	277
352	638
352	911
352	948
353	925
353	991
353	993
353	994
354	294
354	935
354	977
354	995
355	312
355	713
355	780
355	790
356	162
356	562
356	883
356	920
357	970
357	976
357	980
357	996
358	967
358	974
358	991
358	993
359	968
359	995
359	996
359	1000
360	989
360	996
360	997
360	998
361	978
361	990
361	997
361	999
362	559
362	758
362	920
362	983
363	780
363	918
363	990
363	997
364	712
364	995
364	998
364	1000
365	975
365	979
365	997
365	1000
366	455
366	845
366	881
366	983
367	633
367	964
367	966
367	986
368	381
368	392
368	597
368	959
369	524
369	929
369	943
369	959
370	48
370	479
370	559
370	798
371	456
371	543
371	592
371	913
372	966
372	971
372	990
372	997
373	617
373	738
373	868
373	970
374	967
374	987
374	993
374	994
375	232
375	415
375	759
375	819
376	741
376	827
376	882
376	990
377	783
377	828
377	875
377	959
378	441
378	690
378	758
378	804
379	896
379	982
379	983
379	996
380	403
380	901
380	949
380	964
381	248
381	368
381	704
381	868
382	727
382	835
382	947
382	998
383	572
383	837
383	870
383	911
384	968
384	995
384	996
384	998
385	72
385	192
385	240
385	853
386	704
386	778
386	816
386	868
387	953
387	981
387	998
387	1000
388	910
388	972
388	976
388	987
389	472
389	970
389	985
389	996
390	579
390	934
390	986
390	992
391	23
391	235
391	252
391	773
392	368
392	929
392	942
392	959
393	170
393	237
393	239
393	818
394	316
394	978
394	988
394	1000
395	965
395	970
395	985
395	990
396	208
396	721
396	961
396	966
397	694
397	925
397	972
397	976
398	970
398	973
398	993
398	996
399	42
399	855
399	873
399	982
400	102
400	525
400	855
400	926
401	698
401	840
401	860
401	936
402	637
402	951
402	962
402	997
403	380
403	496
403	757
403	848
404	650
404	673
404	789
404	859
405	933
405	973
405	995
405	998
406	976
406	985
406	989
406	996
407	764
407	920
407	952
407	999
408	677
408	972
408	987
408	996
409	285
409	915
409	993
409	994
410	111
410	864
410	865
410	987
411	830
411	947
411	997
411	999
412	817
412	980
412	985
412	989
413	593
413	940
413	981
413	1000
414	924
414	962
414	977
414	999
415	132
415	375
415	468
415	786
416	913
416	980
416	982
416	989
417	983
417	989
417	990
417	996
418	668
418	944
418	948
418	951
419	295
419	774
419	920
419	962
420	955
420	963
420	979
420	997
421	163
421	632
421	776
421	883
422	559
422	991
422	993
422	994
423	505
423	838
423	977
423	997
424	308
424	345
424	543
424	955
425	26
425	713
425	749
425	959
426	723
426	978
426	998
426	1000
427	213
427	503
427	588
427	738
428	64
428	696
428	777
428	974
429	661
429	744
429	848
429	858
430	947
430	992
430	997
430	999
431	152
431	774
431	830
431	989
432	629
432	805
432	929
432	959
433	984
433	991
433	992
433	994
434	569
434	962
434	990
434	999
435	829
435	985
435	992
435	997
436	87
436	459
436	984
436	998
437	199
437	995
437	998
437	1000
438	781
438	935
438	986
438	997
439	754
439	876
439	883
439	989
440	285
440	289
440	772
440	791
440	967
441	378
441	559
441	758
441	920
441	968
442	288
442	976
442	980
442	989
442	996
443	588
443	936
443	986
443	990
443	997
444	106
444	804
444	965
444	983
444	996
445	587
445	733
445	876
445	920
445	993
446	696
446	942
446	978
446	981
446	984
447	533
447	976
447	981
447	988
447	995
448	876
448	883
448	886
448	915
448	920
449	678
449	900
449	986
449	990
449	992
450	586
450	793
450	979
450	988
450	1000
451	494
451	627
451	901
451	907
451	961
452	941
452	944
452	948
452	951
452	972
453	461
453	623
453	685
453	811
453	994
454	281
454	969
454	977
454	990
454	997
455	366
455	845
455	861
455	881
455	888
456	371
456	904
456	975
456	984
456	995
457	659
457	679
457	821
457	843
457	959
458	971
458	977
458	986
458	991
458	999
459	436
459	669
459	970
459	973
459	980
460	17
460	485
460	748
460	827
460	853
461	453
461	596
461	752
461	806
461	972
462	252
462	307
462	506
462	711
462	772
463	296
463	653
463	941
463	959
463	969
464	327
464	516
464	681
464	751
464	906
465	171
465	174
465	780
465	787
465	926
466	51
466	614
466	756
466	907
466	961
467	90
467	888
467	921
467	946
467	959
468	232
468	415
468	789
468	819
468	984
469	940
469	963
469	971
469	975
469	1000
470	305
470	612
470	738
470	778
470	994
471	904
471	980
471	982
471	985
471	998
472	389
472	569
472	803
472	913
472	945
473	548
473	753
473	763
473	938
473	976
474	129
474	943
474	991
474	993
474	994
475	754
475	842
475	883
475	886
475	975
476	708
476	967
476	988
476	998
476	1000
477	734
477	755
477	963
477	990
477	992
478	901
478	981
478	991
478	993
478	994
479	185
479	370
479	758
479	871
479	886
480	545
480	631
480	685
480	806
480	968
481	925
481	967
481	974
481	976
481	996
482	757
482	884
482	991
482	993
482	994
483	642
483	894
483	967
483	993
483	994
484	835
484	946
484	980
484	985
484	996
485	460
485	973
485	982
485	989
485	991
486	277
486	970
486	985
486	989
486	996
487	151
487	498
487	880
487	993
487	994
488	312
488	884
488	891
488	914
488	972
489	867
489	962
489	974
489	976
489	998
490	712
490	840
490	847
490	893
490	914
491	211
491	959
491	991
491	993
491	994
492	544
492	643
492	874
492	949
492	966
493	803
493	838
493	991
493	993
493	994
494	451
494	638
494	912
494	961
494	964
495	343
495	936
495	967
495	991
495	994
496	330
496	403
496	744
496	848
496	991
497	977
497	982
497	986
497	992
497	999
498	487
498	512
498	765
498	827
498	853
499	826
499	912
499	923
499	926
499	964
500	934
500	967
500	991
500	993
500	994
501	24
501	543
501	894
501	984
501	988
502	908
502	934
502	975
502	978
502	1000
503	160
503	427
503	973
503	985
503	996
504	841
504	857
504	861
504	974
504	997
505	423
505	864
505	962
505	992
505	999
506	462
506	970
506	985
506	989
506	996
507	654
507	930
507	981
507	991
507	994
508	652
508	770
508	833
508	937
508	955
509	905
509	957
509	997
509	999
509	1000
510	900
510	934
510	976
510	986
510	999
511	815
511	960
511	991
511	993
511	994
512	60
512	498
512	581
512	831
512	914
513	608
513	671
513	862
513	879
513	955
514	315
514	973
514	985
514	989
514	996
515	554
515	941
515	944
515	948
515	951
516	464
516	850
516	867
516	987
516	1000
517	864
517	922
517	976
517	982
517	987
518	951
518	956
518	960
518	985
518	994
519	765
519	791
519	944
519	948
519	951
520	322
520	717
520	981
520	988
520	1000
521	853
521	971
521	980
521	983
521	996
522	670
522	860
522	936
522	975
522	987
523	267
523	702
523	732
523	786
523	1000
524	164
524	369
524	687
524	813
524	989
525	400
525	559
525	883
525	919
525	920
526	842
526	980
526	982
526	985
526	996
527	965
527	983
527	984
527	985
527	996
528	679
528	900
528	944
528	948
528	951
529	834
529	860
529	919
529	936
529	937
530	739
530	874
530	916
530	951
530	985
531	342
531	791
531	801
531	848
531	1000
532	628
532	823
532	869
532	936
532	984
533	447
533	803
533	862
533	936
533	946
534	939
534	941
534	944
534	948
534	951
535	601
535	939
535	976
535	979
535	994
536	961
536	984
536	995
536	998
536	1000
537	803
537	860
537	898
537	950
537	969
538	678
538	905
538	995
538	998
538	1000
539	800
539	924
539	970
539	989
539	996
540	301
540	958
540	975
540	991
540	994
541	322
541	943
541	985
541	993
541	994
542	889
542	980
542	985
542	989
542	996
543	371
543	424
543	501
543	764
543	937
544	492
544	787
544	907
544	949
544	984
545	480
545	623
545	645
545	811
545	1000
546	134
546	636
546	979
546	995
546	998
547	701
547	739
547	848
547	916
547	942
548	473
548	675
548	681
548	998
548	1000
549	728
549	815
549	949
549	964
549	966
549	985
550	322
550	654
550	773
550	946
550	959
550	985
551	759
551	972
551	974
551	987
551	993
551	998
552	622
552	799
552	810
552	923
552	961
552	966
553	961
553	981
553	991
553	995
553	998
553	1000
554	515
554	968
554	969
554	988
554	998
554	1000
555	696
555	851
555	969
555	990
555	997
555	999
556	829
556	958
556	967
556	991
556	993
556	994
557	63
557	638
557	769
557	870
557	911
557	984
558	263
558	962
558	977
558	983
558	986
558	997
559	362
559	370
559	422
559	441
559	525
559	876
560	274
560	849
560	954
560	988
560	995
560	998
561	601
561	893
561	990
561	992
561	997
561	999
562	39
562	356
562	925
562	939
562	974
562	999
563	847
563	980
563	982
563	989
563	994
563	996
564	598
564	932
564	986
564	992
564	997
564	999
565	802
565	936
565	959
565	981
565	995
565	998
566	737
566	826
566	909
566	938
566	972
566	987
567	177
567	766
567	781
567	827
567	853
567	953
568	220
568	597
568	783
568	923
568	929
568	946
569	434
569	472
569	750
569	770
569	862
569	894
570	814
570	891
570	942
570	962
570	990
570	999
571	170
571	183
571	237
571	239
571	950
571	965
572	42
572	383
572	644
572	870
572	927
572	995
573	969
573	972
573	980
573	982
573	983
573	996
574	207
574	953
574	963
574	991
574	993
574	994
575	877
575	917
575	941
575	944
575	948
575	951
576	771
576	909
576	974
576	986
576	987
576	996
577	736
577	965
577	974
577	976
577	987
577	1000
578	853
578	958
578	967
578	991
578	993
578	994
579	390
579	817
579	831
579	902
579	974
579	987
580	239
580	748
580	963
580	975
580	984
580	995
581	512
581	740
581	794
581	910
581	949
581	966
582	19
582	733
582	774
582	825
582	920
582	983
583	838
583	917
583	973
583	980
583	985
583	996
584	195
584	863
584	891
584	939
584	972
584	987
585	694
585	841
585	933
585	990
585	992
585	999
586	450
586	587
586	595
586	754
586	886
586	931
587	445
587	586
587	733
587	886
587	994
587	1000
588	427
588	443
588	704
588	778
588	868
588	966
589	57
589	976
589	984
589	995
589	998
589	1000
590	635
590	897
590	934
590	986
590	998
590	999
591	893
591	941
591	944
591	948
591	951
591	987
592	371
592	653
592	670
592	898
592	919
592	955
593	413
593	650
593	673
593	732
593	751
593	881
594	745
594	936
594	960
594	991
594	993
594	994
595	317
595	586
595	690
595	758
595	883
595	1000
596	461
596	709
596	969
596	986
596	992
596	999
597	368
597	568
597	929
597	946
597	979
597	994
598	112
598	564
598	932
598	975
598	978
598	998
599	20
599	960
599	967
599	991
599	993
599	994
600	701
600	743
600	874
600	916
600	998
600	1000
601	535
601	561
601	604
601	962
601	976
601	987
602	5
602	960
602	991
602	992
602	993
602	994
603	908
603	973
603	982
603	983
603	996
603	997
604	601
604	946
604	948
604	974
604	976
604	987
605	253
605	651
605	897
605	977
605	990
605	999
606	97
606	693
606	953
606	991
606	993
606	994
607	760
607	968
607	979
607	988
607	998
607	1000
608	513
608	839
608	894
608	936
608	937
608	993
609	792
609	821
609	929
609	936
609	946
609	983
610	746
610	769
610	870
610	873
610	911
610	935
611	809
611	930
611	967
611	991
611	994
611	995
612	470
612	683
612	975
612	979
612	981
612	995
613	293
613	956
613	968
613	991
613	993
613	994
614	466
614	901
614	949
614	961
614	964
614	996
615	812
615	882
615	901
615	928
615	961
615	964
616	677
616	684
616	946
616	974
616	976
616	987
617	373
617	784
617	977
617	986
617	997
617	999
618	875
618	974
618	990
618	991
618	993
618	994
619	865
619	966
619	967
619	970
619	991
619	993
619	994
620	683
620	782
620	860
620	959
620	969
620	997
620	999
621	851
621	909
621	975
621	976
621	981
621	995
621	1000
622	61
622	552
622	712
622	760
622	847
622	853
622	997
623	453
623	545
623	631
623	689
623	811
623	940
623	969
624	746
624	826
624	925
624	938
624	954
624	976
624	987
625	12
625	85
625	649
625	849
625	874
625	916
625	991
626	961
626	970
626	980
626	983
626	985
626	996
626	1000
627	451
627	831
627	978
627	979
627	981
627	998
627	1000
628	532
628	692
628	768
628	770
628	785
628	860
628	955
629	432
629	867
629	917
629	941
629	944
629	948
629	951
630	215
630	707
630	732
630	831
630	847
630	853
630	976
631	324
631	480
631	623
631	752
631	806
631	923
631	949
632	291
632	421
632	947
632	968
632	979
632	981
632	998
633	62
633	367
633	970
633	973
633	980
633	982
633	996
634	685
634	968
634	971
634	978
634	981
634	988
634	998
635	590
635	837
635	984
635	988
635	995
635	998
635	1000
636	546
636	955
636	965
636	973
636	982
636	989
636	996
637	402
637	932
637	973
637	974
637	982
637	985
637	996
638	2
638	352
638	494
638	557
638	644
638	855
638	996
639	688
639	964
639	979
639	984
639	988
639	998
639	1000
640	18
640	288
640	349
640	704
640	778
640	868
640	896
641	227
641	668
641	887
641	981
641	988
641	998
641	1000
642	87
642	483
642	643
642	759
642	871
642	964
642	966
643	492
643	642
643	899
643	907
643	961
643	966
643	993
644	572
644	638
644	769
644	852
644	858
644	873
644	911
645	545
645	825
645	981
645	988
645	995
645	998
645	1000
646	942
646	969
646	980
646	990
646	995
646	997
646	999
647	653
647	713
647	792
647	929
647	959
647	980
647	987
648	722
648	756
648	777
648	812
648	923
648	964
648	966
649	625
649	739
649	743
649	874
649	906
649	916
649	988
650	404
650	593
650	751
650	881
650	888
650	897
650	999
651	605
651	866
651	972
651	974
651	976
651	987
651	996
652	102
652	299
652	508
652	855
652	870
652	873
652	922
653	463
653	592
653	647
653	718
653	910
653	946
653	959
654	507
654	550
654	783
654	821
654	946
654	959
654	996
655	174
655	336
655	746
655	783
655	855
655	873
655	911
656	829
656	867
656	938
656	972
656	973
656	976
656	987
657	261
657	725
657	981
657	984
657	988
657	995
657	998
658	664
658	918
658	982
658	986
658	992
658	997
658	999
659	457
659	799
659	912
659	961
659	966
659	973
659	998
660	719
660	856
660	939
660	972
660	974
660	987
660	994
661	93
661	429
661	744
661	757
661	848
661	908
661	988
662	797
662	978
662	981
662	995
662	997
662	998
662	1000
663	10
663	126
663	712
663	749
663	847
663	914
663	928
664	133
664	658
664	902
664	909
664	974
664	976
664	987
665	144
665	750
665	909
665	939
665	972
665	974
665	976
666	864
666	973
666	980
666	981
666	983
666	985
666	996
667	967
667	976
667	981
667	990
667	991
667	993
667	994
668	418
668	641
668	685
668	954
668	978
668	988
668	995
669	459
669	763
669	902
669	939
669	972
669	975
669	987
670	522
670	592
670	823
670	924
670	936
670	955
670	972
671	513
671	830
671	852
671	990
671	992
671	997
671	999
672	820
672	847
672	956
672	958
672	967
672	993
672	998
673	138
673	404
673	593
673	783
673	786
673	975
673	996
674	796
674	958
674	960
674	973
674	991
674	993
674	994
675	548
675	893
675	908
675	971
675	975
675	979
675	988
676	886
676	968
676	969
676	979
676	984
676	998
676	1000
677	408
677	616
677	800
677	972
677	974
677	976
677	992
678	216
678	449
678	538
678	971
678	977
678	990
678	997
679	201
679	457
679	528
679	718
679	805
679	927
679	929
680	785
680	935
680	971
680	974
680	992
680	993
680	999
681	265
681	464
681	548
681	702
681	819
681	881
681	975
682	886
682	902
682	925
682	939
682	960
682	976
682	987
683	101
683	211
683	612
683	620
683	957
683	971
683	997
684	616
684	790
684	847
684	908
684	975
684	984
684	988
684	1000
685	453
685	480
685	634
685	668
685	689
685	752
685	806
685	811
686	118
686	792
686	805
686	821
686	929
686	946
686	957
686	959
687	524
687	863
687	901
687	907
687	949
687	964
687	966
687	995
688	639
688	930
688	943
688	956
688	991
688	993
688	994
688	997
689	43
689	85
689	324
689	623
689	685
689	806
689	811
689	977
690	378
690	595
690	754
690	876
690	886
690	920
690	944
690	959
691	37
691	222
691	321
691	697
691	780
691	787
691	824
691	971
692	628
692	774
692	965
692	980
692	982
692	983
692	989
692	996
693	59
693	606
693	736
693	769
693	866
693	884
693	939
693	976
694	397
694	585
694	710
694	934
694	950
694	977
694	992
694	997
695	782
695	975
695	978
695	979
695	988
695	992
695	995
695	1000
696	428
696	446
696	555
696	771
696	864
696	925
696	972
696	987
697	210
697	222
697	286
697	691
697	787
697	790
697	824
697	982
698	292
698	401
698	843
698	943
698	988
698	991
698	993
698	994
699	922
699	962
699	973
699	981
699	983
699	985
699	989
699	996
700	782
700	962
700	971
700	974
700	988
700	990
700	992
700	999
701	47
701	256
701	547
701	600
701	719
701	743
701	916
701	959
702	167
702	523
702	681
702	755
702	786
702	802
702	845
702	940
703	738
703	835
703	984
703	986
703	990
703	992
703	997
703	999
704	15
704	259
704	381
704	386
704	588
704	640
704	868
704	926
705	760
705	957
705	963
705	979
705	984
705	988
705	995
705	998
706	130
706	707
706	748
706	831
706	882
706	914
706	965
706	978
707	71
707	630
707	706
707	781
707	831
707	914
707	948
707	986
708	165
708	306
708	476
708	798
708	938
708	974
708	976
708	987
709	17
709	596
709	760
709	827
709	847
709	882
709	968
709	980
710	694
710	973
710	981
710	982
710	983
710	989
710	991
710	996
711	25
711	186
711	285
711	462
711	791
711	801
711	962
711	998
712	133
712	364
712	490
712	622
712	663
712	768
712	914
712	974
713	355
713	425
713	647
713	813
713	821
713	929
713	946
713	968
714	95
714	798
714	934
714	969
714	977
714	992
714	997
714	999
715	828
715	937
715	954
715	963
715	970
715	981
715	988
715	998
716	857
716	868
716	978
716	981
716	984
716	995
716	998
716	1000
717	230
717	520
717	956
717	971
717	977
717	992
717	997
717	999
718	90
718	653
718	679
718	821
718	925
718	946
718	959
718	990
719	660
719	701
719	953
719	967
719	982
719	991
719	993
719	994
720	55
720	857
720	884
720	909
720	972
720	976
720	989
720	997
721	396
721	803
721	907
721	927
721	949
721	961
721	966
721	973
722	648
722	820
722	903
722	917
722	941
722	944
722	948
722	951
723	426
723	916
723	973
723	980
723	982
723	983
723	989
723	996
724	775
724	970
724	978
724	982
724	983
724	985
724	989
724	996
725	657
725	923
725	980
725	982
725	985
725	989
725	996
725	997
726	816
726	968
726	978
726	981
726	984
726	995
726	996
726	1000
727	382
727	829
727	911
727	957
727	969
727	971
727	997
727	999
728	549
728	839
728	844
728	872
728	915
728	935
728	977
728	999
729	120
729	799
729	812
729	863
729	961
729	964
729	966
729	1000
730	952
730	973
730	982
730	983
730	985
730	986
730	989
730	992
730	996
731	933
731	975
731	980
731	984
731	985
731	988
731	995
731	998
731	1000
732	216
732	523
732	593
732	630
732	786
732	789
732	819
732	850
732	881
733	45
733	152
733	445
733	582
733	587
733	871
733	883
733	989
733	991
734	222
734	477
734	817
734	921
734	928
734	952
734	962
734	992
734	999
735	891
735	963
735	975
735	981
735	988
735	994
735	995
735	998
735	1000
736	577
736	693
736	841
736	972
736	974
736	976
736	979
736	987
736	990
737	1
737	566
737	840
737	844
737	918
737	942
737	971
737	986
737	997
738	15
738	144
738	288
738	373
738	427
738	470
738	703
738	778
738	859
739	316
739	530
739	547
739	649
739	743
739	863
739	874
739	916
739	930
740	284
740	581
740	756
740	832
740	907
740	923
740	949
740	964
740	992
741	376
741	953
741	956
741	960
741	962
741	967
741	991
741	993
741	994
742	833
742	867
742	936
742	939
742	972
742	974
742	976
742	986
742	987
743	600
743	649
743	701
743	739
743	874
743	916
743	937
743	946
743	995
744	93
744	210
744	429
744	496
744	661
744	757
744	848
744	981
744	999
745	594
745	903
745	906
745	917
745	941
745	944
745	948
745	951
745	997
746	175
746	299
746	610
746	624
746	655
746	870
746	873
746	975
746	984
747	817
747	925
747	930
747	934
747	938
747	974
747	976
747	978
747	987
748	460
748	580
748	706
748	781
748	853
748	882
748	914
748	922
748	976
749	425
749	663
749	963
749	968
749	975
749	981
749	984
749	986
749	1000
750	569
750	665
750	825
750	953
750	958
750	960
750	991
750	993
750	994
751	314
751	464
751	593
751	650
751	786
751	881
751	888
751	916
751	986
752	36
752	324
752	461
752	631
752	685
752	806
752	811
752	945
752	972
753	311
753	473
753	846
753	940
753	969
753	986
753	990
753	992
753	997
754	8
754	218
754	279
754	439
754	475
754	586
754	690
754	876
754	886
754	920
755	256
755	477
755	702
755	808
755	895
755	986
755	990
755	992
755	997
755	999
756	466
756	648
756	740
756	812
756	826
756	863
756	924
756	961
756	999
756	1000
757	125
757	180
757	330
757	403
757	482
757	661
757	744
757	848
757	963
757	977
758	362
758	378
758	441
758	479
758	595
758	824
758	844
758	886
758	920
758	939
759	375
759	551
759	642
759	861
759	864
759	923
759	972
759	974
759	976
759	987
760	67
760	607
760	622
760	705
760	709
760	781
760	847
760	853
760	914
760	994
761	829
761	879
761	887
761	942
761	950
761	981
761	983
761	986
761	997
761	1000
762	105
762	128
762	915
762	957
762	970
762	977
762	986
762	990
762	992
762	997
763	156
763	473
763	669
763	864
763	891
763	909
763	964
763	972
763	987
763	989
764	407
764	543
764	772
764	775
764	887
764	918
764	919
764	971
764	993
764	999
765	498
765	519
765	902
765	965
765	970
765	973
765	980
765	983
765	989
765	996
766	567
766	872
766	875
766	942
766	981
766	986
766	990
766	992
766	997
766	999
767	835
767	943
767	956
767	960
767	967
767	968
767	991
767	993
767	994
767	998
768	628
768	712
768	884
768	902
768	909
768	939
768	972
768	976
768	987
768	994
769	557
769	610
769	644
769	693
769	855
769	870
769	873
769	911
769	938
769	954
770	508
770	569
770	628
770	792
770	798
770	898
770	936
770	937
770	981
770	998
771	576
771	696
771	886
771	897
771	930
771	939
771	972
771	974
771	976
771	987
772	25
772	26
772	155
772	307
772	342
772	440
772	462
772	764
772	801
772	915
773	5
773	164
773	391
773	550
773	783
773	805
773	813
773	927
773	946
773	993
774	19
774	419
774	431
774	582
774	692
774	883
774	886
774	920
774	992
774	995
775	724
775	764
775	928
775	937
775	957
775	971
775	977
775	992
775	993
775	999
776	421
776	790
776	908
776	963
776	969
776	975
776	978
776	979
776	988
776	1000
777	428
777	648
777	904
777	941
777	978
777	979
777	984
777	988
777	995
777	998
777	1000
778	213
778	344
778	386
778	470
778	588
778	640
778	738
778	813
778	853
778	989
778	991
779	69
779	109
779	845
779	919
779	962
779	970
779	977
779	980
779	986
779	990
779	997
780	76
780	114
780	286
780	346
780	355
780	363
780	465
780	691
780	787
780	790
780	858
781	438
781	567
781	707
781	748
781	760
781	816
781	831
781	847
781	853
781	870
781	914
782	620
782	695
782	700
782	866
782	919
782	928
782	950
782	952
782	969
782	995
782	999
783	168
783	377
783	568
783	654
783	655
783	673
783	773
783	903
783	946
783	954
783	959
784	617
784	817
784	833
784	861
784	882
784	900
784	925
784	938
784	972
784	976
784	987
785	163
785	628
785	680
785	860
785	862
785	898
785	913
785	936
785	937
785	940
785	955
786	415
786	523
786	673
786	702
786	732
786	751
786	789
786	831
786	888
786	936
786	992
787	227
787	312
787	465
787	544
787	691
787	697
787	780
787	790
787	793
787	824
787	967
788	818
788	943
788	953
788	956
788	958
788	960
788	975
788	985
788	990
788	993
788	994
789	75
789	205
789	404
789	468
789	732
789	786
789	807
789	845
789	881
789	888
789	953
790	303
790	308
790	346
790	355
790	684
790	697
790	776
790	780
790	787
790	824
790	995
791	155
791	186
791	205
791	217
791	342
791	440
791	519
791	531
791	711
791	801
791	999
792	263
792	272
792	609
792	647
792	686
792	770
792	813
792	821
792	929
792	959
792	991
793	110
793	450
793	787
793	875
793	902
793	953
793	956
793	967
793	991
793	993
793	994
794	27
794	581
794	815
794	901
794	917
794	923
794	949
794	961
794	964
794	966
794	974
795	883
795	973
795	975
795	978
795	979
795	981
795	984
795	988
795	992
795	995
795	1000
796	148
796	305
796	347
796	674
796	940
796	954
796	963
796	978
796	984
796	988
796	995
797	662
797	800
797	859
797	938
797	943
797	956
797	958
797	960
797	991
797	993
797	994
798	271
798	370
798	708
798	714
798	770
798	894
798	898
798	913
798	936
798	937
798	952
798	955
799	552
799	659
799	729
799	834
799	905
799	907
799	912
799	928
799	949
799	961
799	964
799	979
800	269
800	539
800	677
800	797
800	915
800	942
800	957
800	964
800	977
800	986
800	997
800	999
801	155
801	205
801	285
801	289
801	307
801	531
801	711
801	772
801	791
801	889
801	977
801	994
802	213
802	221
802	565
802	702
802	965
802	968
802	975
802	978
802	984
802	995
802	998
802	1000
803	71
803	131
803	472
803	493
803	533
803	537
803	721
803	862
803	898
803	955
803	957
803	1000
804	378
804	444
804	900
804	968
804	979
804	984
804	985
804	988
804	995
804	998
804	999
804	1000
805	26
805	263
805	432
805	679
805	686
805	773
805	929
805	946
805	959
805	983
805	985
805	998
806	43
806	111
806	274
806	344
806	461
806	480
806	631
806	685
806	689
806	752
806	811
806	927
807	789
807	829
807	903
807	965
807	970
807	973
807	980
807	982
807	983
807	985
807	989
807	996
808	197
808	345
808	755
808	909
808	950
808	956
808	962
808	971
808	976
808	986
808	992
808	997
809	611
809	880
809	891
809	924
809	968
809	975
809	978
809	981
809	988
809	995
809	998
809	1000
810	52
810	214
810	552
810	928
810	932
810	935
810	971
810	977
810	986
810	990
810	998
810	999
811	274
811	324
811	453
811	545
811	623
811	685
811	689
811	752
811	806
811	925
811	983
811	996
812	326
812	615
812	648
812	729
812	756
812	905
812	923
812	952
812	961
812	964
812	966
812	981
813	78
813	168
813	220
813	524
813	713
813	773
813	778
813	792
813	929
813	946
813	959
813	987
814	570
814	879
814	965
814	970
814	973
814	980
814	982
814	983
814	985
814	989
814	992
814	993
814	996
815	84
815	511
815	549
815	794
815	826
815	873
815	912
815	923
815	961
815	964
815	966
815	972
815	999
816	231
816	386
816	726
816	781
816	905
816	931
816	965
816	980
816	982
816	983
816	985
816	989
816	996
817	278
817	412
817	579
817	734
817	747
817	784
817	902
817	938
817	972
817	974
817	976
817	987
817	1000
818	393
818	788
818	901
818	932
818	965
818	970
818	973
818	980
818	982
818	983
818	985
818	989
818	996
819	138
819	204
819	351
819	375
819	468
819	681
819	732
819	836
819	845
819	881
819	888
819	987
819	1000
820	106
820	152
820	672
820	722
820	837
820	842
820	952
820	969
820	971
820	977
820	988
820	990
820	997
821	346
821	457
821	609
821	654
821	686
821	713
821	718
821	792
821	946
821	959
821	981
821	996
821	997
822	126
822	162
822	171
822	273
822	852
822	879
822	918
822	934
822	935
822	977
822	990
822	992
822	999
823	95
823	241
823	317
823	532
823	670
823	828
823	878
823	894
823	912
823	913
823	936
823	937
823	987
824	114
824	174
824	294
824	303
824	308
824	312
824	691
824	697
824	758
824	787
824	790
824	971
824	1000
825	582
825	645
825	750
825	907
825	910
825	970
825	973
825	980
825	982
825	983
825	985
825	989
825	996
826	83
826	499
826	566
826	624
826	756
826	815
826	912
826	923
826	949
826	961
826	966
826	970
826	979
827	293
827	302
827	351
827	376
827	460
827	498
827	567
827	709
827	831
827	877
827	882
827	921
827	963
828	377
828	715
828	823
828	837
828	877
828	924
828	942
828	947
828	978
828	981
828	982
828	988
828	995
828	998
829	435
829	556
829	656
829	727
829	761
829	807
829	952
829	962
829	977
829	989
829	990
829	992
829	997
829	999
830	131
830	411
830	431
830	671
830	837
830	854
830	953
830	969
830	971
830	977
830	986
830	990
830	992
830	997
831	61
831	133
831	512
831	579
831	627
831	630
831	706
831	707
831	781
831	786
831	827
831	877
831	882
831	914
832	139
832	740
832	935
832	947
832	963
832	968
832	975
832	984
832	988
832	993
832	995
832	998
832	999
832	1000
833	139
833	143
833	508
833	742
833	784
833	841
833	850
833	891
833	938
833	956
833	972
833	974
833	976
833	987
834	116
834	529
834	799
834	947
834	954
834	963
834	975
834	979
834	984
834	990
834	992
834	995
834	998
834	1000
835	382
835	484
835	703
835	767
835	837
835	897
835	952
835	962
835	969
835	977
835	990
835	991
835	997
835	999
836	244
836	819
836	887
836	899
836	932
836	945
836	964
836	965
836	973
836	980
836	982
836	983
836	989
836	996
837	383
837	635
837	820
837	828
837	830
837	835
837	904
837	918
837	927
837	934
837	969
837	986
837	990
837	992
838	423
838	493
838	583
838	943
838	956
838	958
838	960
838	963
838	967
838	977
838	982
838	991
838	993
838	994
839	608
839	728
839	867
839	878
839	933
839	948
839	965
839	968
839	978
839	979
839	981
839	984
839	995
839	1000
840	401
840	490
840	737
840	861
840	872
840	927
840	934
840	950
840	953
840	971
840	986
840	990
840	997
840	999
841	268
841	349
841	504
841	585
841	736
841	833
841	861
841	897
841	929
841	938
841	972
841	974
841	976
841	987
842	475
842	526
842	820
842	918
842	942
842	962
842	977
842	981
842	986
842	990
842	991
842	992
842	997
842	999
843	253
843	457
843	698
843	871
843	930
843	953
843	956
843	958
843	960
843	967
843	970
843	991
843	993
843	994
843	997
844	32
844	728
844	737
844	758
844	915
844	919
844	952
844	969
844	971
844	978
844	990
844	992
844	997
844	998
844	999
845	105
845	138
845	216
845	233
845	366
845	455
845	702
845	779
845	789
845	819
845	888
845	892
845	926
845	931
845	994
846	3
846	344
846	753
846	848
846	921
846	954
846	975
846	978
846	979
846	981
846	984
846	988
846	995
846	998
846	1000
847	215
847	293
847	490
847	563
847	622
847	630
847	663
847	672
847	684
847	709
847	760
847	781
847	895
847	914
847	984
848	93
848	125
848	180
848	210
848	330
848	403
848	429
848	496
848	531
848	547
848	661
848	744
848	757
848	846
848	990
849	560
849	625
849	932
849	934
849	950
849	951
849	965
849	970
849	973
849	980
849	982
849	983
849	985
849	989
849	996
850	187
850	255
850	516
850	732
850	833
850	857
850	902
850	909
850	939
850	961
850	972
850	974
850	987
850	989
850	993
851	265
851	280
851	555
851	621
851	940
851	963
851	974
851	978
851	980
851	981
851	984
851	988
851	995
851	998
851	1000
852	146
852	644
852	671
852	822
852	889
852	930
852	943
852	953
852	956
852	958
852	960
852	967
852	991
852	993
852	994
853	385
853	460
853	498
853	521
853	567
853	578
853	622
853	630
853	748
853	760
853	778
853	781
853	882
853	914
853	979
854	830
854	926
854	940
854	948
854	963
854	975
854	979
854	981
854	984
854	985
854	988
854	994
854	995
854	998
854	1000
855	2
855	99
855	291
855	399
855	400
855	638
855	652
855	655
855	769
855	873
855	911
855	941
855	991
855	996
855	1000
856	55
856	660
856	931
856	965
856	970
856	973
856	975
856	980
856	982
856	983
856	984
856	985
856	989
856	995
856	996
857	504
857	716
857	720
857	850
857	902
857	905
857	938
857	939
857	940
857	972
857	974
857	976
857	987
857	991
857	999
858	429
858	644
858	780
858	890
858	903
858	906
858	917
858	941
858	944
858	948
858	951
858	979
858	994
859	404
859	738
859	797
859	887
859	889
859	910
859	943
859	956
859	958
859	960
859	963
859	967
859	991
859	993
859	994
860	401
860	522
860	529
860	537
860	620
860	628
860	785
860	862
860	894
860	901
860	913
860	937
860	955
860	978
860	988
861	201
861	455
861	504
861	759
861	784
861	840
861	841
861	866
861	902
861	925
861	972
861	974
861	976
861	987
861	995
862	13
862	67
862	100
862	513
862	533
862	569
862	785
862	803
862	860
862	898
862	936
862	937
862	955
862	967
862	970
862	972
863	84
863	310
863	584
863	687
863	729
863	739
863	756
863	901
863	912
863	949
863	961
863	964
863	966
863	979
863	987
863	994
864	410
864	505
864	517
864	666
864	696
864	759
864	763
864	866
864	867
864	903
864	959
864	972
864	974
864	976
864	987
864	996
865	109
865	410
865	619
865	875
865	885
865	889
865	930
865	934
865	950
865	953
865	958
865	960
865	967
865	991
865	993
865	994
866	7
866	18
866	47
866	55
866	124
866	651
866	693
866	782
866	861
866	864
866	938
866	972
866	973
866	974
866	976
866	987
867	148
867	151
867	489
867	516
867	629
867	656
867	742
867	839
867	864
867	873
867	884
867	925
867	967
867	974
867	976
867	987
868	144
868	234
868	248
868	288
868	328
868	344
868	373
868	381
868	386
868	588
868	640
868	704
868	716
868	928
868	979
868	999
869	532
869	900
869	913
869	942
869	954
869	973
869	975
869	976
869	978
869	979
869	981
869	984
869	988
869	995
869	998
869	1000
870	65
870	175
870	336
870	383
870	557
870	572
870	610
870	652
870	746
870	769
870	781
870	890
870	904
870	911
870	964
870	983
871	140
871	479
871	642
871	733
871	843
871	889
871	930
871	943
871	953
871	956
871	958
871	960
871	967
871	974
871	991
871	993
871	994
872	728
872	766
872	840
872	915
872	918
872	929
872	952
872	962
872	967
872	979
872	982
872	986
872	990
872	992
872	997
872	998
872	999
873	176
873	291
873	299
873	399
873	610
873	644
873	652
873	655
873	746
873	769
873	815
873	855
873	867
873	911
873	959
873	989
873	999
874	47
874	77
874	92
874	158
874	343
874	492
874	530
874	600
874	625
874	649
874	739
874	743
874	879
874	916
874	965
874	993
874	994
875	377
875	618
875	766
875	793
875	865
875	914
875	930
875	953
875	956
875	958
875	960
875	963
875	967
875	976
875	991
875	993
875	994
876	76
876	189
876	258
876	439
876	445
876	448
876	559
876	690
876	754
876	883
876	886
876	920
876	935
876	952
876	983
876	986
876	1000
877	575
877	827
877	828
877	831
877	889
877	947
877	968
877	975
877	978
877	979
877	981
877	984
877	988
877	992
877	995
877	998
877	1000
878	72
878	315
878	320
878	823
878	839
878	918
878	940
878	954
878	963
878	968
878	975
878	978
878	979
878	984
878	995
878	998
878	1000
879	27
879	339
879	513
879	761
879	814
879	822
879	874
879	913
879	918
879	927
879	969
879	971
879	977
879	990
879	992
879	997
879	999
880	487
880	809
880	893
880	931
880	937
880	945
880	965
880	967
880	970
880	973
880	980
880	982
880	983
880	985
880	989
880	994
880	996
881	278
881	323
881	327
881	366
881	455
881	593
881	650
881	681
881	732
881	751
881	789
881	819
881	888
881	955
881	965
881	981
881	997
882	10
882	104
882	293
882	302
882	376
882	615
882	706
882	709
882	748
882	784
882	827
882	831
882	853
882	914
882	981
882	995
882	997
883	24
883	356
883	421
883	439
883	448
883	475
883	525
883	595
883	733
883	774
883	795
883	876
883	886
883	896
883	898
883	920
883	996
884	306
884	482
884	488
884	693
884	720
884	768
884	867
884	909
884	925
884	935
884	938
884	972
884	974
884	976
884	982
884	987
884	989
884	1000
885	123
885	157
885	282
885	296
885	865
885	933
885	954
885	968
885	973
885	975
885	978
885	979
885	984
885	987
885	988
885	995
885	998
885	1000
886	76
886	258
886	448
886	475
886	479
886	586
886	587
886	676
886	682
886	690
886	754
886	758
886	771
886	774
886	876
886	883
886	911
886	973
887	192
887	250
887	641
887	761
887	764
887	836
887	859
887	909
887	918
887	927
887	935
887	971
887	977
887	978
887	986
887	990
887	997
887	999
888	58
888	105
888	167
888	209
888	265
888	351
888	455
888	467
888	650
888	751
888	786
888	789
888	819
888	845
888	881
888	902
888	988
888	994
889	542
889	801
889	852
889	859
889	865
889	871
889	877
889	930
889	943
889	953
889	954
889	956
889	958
889	960
889	967
889	991
889	993
889	994
889	999
890	858
890	870
890	903
890	906
890	917
890	941
890	943
890	944
890	948
890	951
890	973
890	995
890	997
890	999
891	122
891	315
891	488
891	570
891	584
891	735
891	763
891	809
891	833
891	902
891	917
891	925
891	938
891	939
891	960
891	972
891	974
891	976
891	990
892	845
892	895
892	899
892	913
892	921
892	945
892	965
892	970
892	973
892	974
892	978
892	979
892	980
892	982
892	983
892	985
892	989
892	995
892	996
893	226
893	490
893	561
893	591
893	675
893	880
893	905
893	922
893	931
893	945
893	965
893	970
893	973
893	980
893	982
893	983
893	985
893	989
893	996
894	13
894	22
894	206
894	483
894	501
894	569
894	608
894	798
894	823
894	860
894	898
894	913
894	936
894	937
894	955
894	960
894	977
894	980
894	994
895	755
895	847
895	892
895	921
895	931
895	945
895	965
895	970
895	973
895	974
895	980
895	982
895	983
895	985
895	989
895	990
895	992
895	996
895	997
896	233
896	345
896	379
896	640
896	883
896	928
896	935
896	952
896	962
896	969
896	971
896	977
896	986
896	990
896	992
896	993
896	997
896	998
896	999
897	329
897	590
897	605
897	650
897	771
897	835
897	841
897	908
897	915
897	928
897	950
897	952
897	957
897	968
897	969
897	982
897	990
897	992
897	997
897	999
898	41
898	68
898	195
898	251
898	537
898	592
898	770
898	785
898	798
898	803
898	862
898	883
898	894
898	906
898	913
898	937
898	947
898	955
898	994
898	996
899	12
899	107
899	292
899	643
899	836
899	892
899	910
899	922
899	932
899	945
899	965
899	969
899	970
899	973
899	980
899	982
899	983
899	985
899	993
899	996
900	170
900	449
900	510
900	528
900	784
900	804
900	869
900	926
900	954
900	961
900	968
900	975
900	978
900	979
900	981
900	984
900	986
900	988
900	995
900	998
900	1000
901	35
901	146
901	380
901	451
901	478
901	614
901	615
901	687
901	794
901	818
901	860
901	863
901	907
901	912
901	949
901	950
901	957
901	961
901	964
901	966
901	994
902	579
902	664
902	669
902	682
902	765
902	768
902	793
902	817
902	850
902	857
902	861
902	888
902	891
902	938
902	972
902	974
902	976
902	987
902	990
902	994
902	999
903	722
903	745
903	783
903	807
903	858
903	864
903	890
903	906
903	915
903	917
903	941
903	944
903	948
903	951
903	983
903	995
904	456
904	471
904	777
904	837
904	870
904	908
904	926
904	940
904	954
904	963
904	975
904	977
904	978
904	979
904	981
904	984
904	987
904	989
904	995
904	998
904	1000
905	509
905	538
905	799
905	812
905	816
905	857
905	893
905	921
905	922
905	931
905	932
905	945
905	965
905	970
905	973
905	980
905	982
905	983
905	985
905	989
905	993
906	464
906	649
906	745
906	858
906	890
906	898
906	903
906	917
906	931
906	934
906	941
906	944
906	948
906	951
906	980
907	179
907	262
907	451
907	466
907	544
907	643
907	687
907	721
907	740
907	799
907	825
907	901
907	923
907	949
907	957
907	961
907	964
907	966
907	974
907	988
907	1000
908	502
908	603
908	661
908	675
908	684
908	776
908	897
908	904
908	931
908	933
908	939
908	968
908	975
908	978
908	979
908	981
908	984
908	986
908	988
908	997
908	998
908	1000
909	107
909	566
909	576
909	621
909	664
909	665
909	720
909	763
909	768
909	808
909	850
909	884
909	887
909	925
909	939
909	956
909	958
909	972
909	974
909	976
909	993
909	998
910	53
910	388
910	581
910	653
910	825
910	859
910	899
910	921
910	922
910	932
910	945
910	949
910	965
910	970
910	973
910	980
910	982
910	983
910	985
910	989
910	991
910	996
911	65
911	102
911	115
911	175
911	176
911	291
911	313
911	352
911	383
911	557
911	610
911	644
911	655
911	727
911	769
911	855
911	870
911	873
911	886
911	961
911	988
911	993
912	14
912	73
912	179
912	255
912	310
912	347
912	494
912	499
912	659
912	799
912	815
912	823
912	826
912	863
912	901
912	923
912	949
912	961
912	964
912	966
912	978
912	993
912	995
913	41
913	95
913	166
913	271
913	297
913	371
913	416
913	472
913	785
913	798
913	823
913	860
913	869
913	879
913	892
913	894
913	898
913	918
913	920
913	936
913	937
913	955
913	989
914	16
914	67
914	126
914	302
914	488
914	490
914	512
914	663
914	706
914	707
914	712
914	748
914	760
914	781
914	831
914	847
914	853
914	875
914	882
914	986
914	990
914	991
914	993
915	234
915	409
915	448
915	728
915	762
915	772
915	800
915	844
915	872
915	897
915	903
915	927
915	928
915	942
915	950
915	968
915	971
915	977
915	979
915	986
915	992
915	997
915	999
916	12
916	73
916	77
916	85
916	92
916	158
916	316
916	343
916	530
916	547
916	600
916	625
916	649
916	701
916	723
916	739
916	743
916	751
916	874
916	920
916	963
916	985
916	999
917	575
917	583
917	629
917	722
917	745
917	794
917	858
917	890
917	891
917	903
917	906
917	933
917	941
917	944
917	948
917	951
917	975
917	977
917	992
918	194
918	363
918	658
918	737
918	764
918	822
918	837
918	842
918	872
918	878
918	879
918	887
918	913
918	919
918	937
918	950
918	975
918	977
918	978
918	984
918	986
918	990
918	992
918	999
919	525
919	529
919	592
919	764
919	779
919	782
919	844
919	918
919	935
919	947
919	950
919	952
919	957
919	969
919	971
919	977
919	981
919	982
919	986
919	988
919	990
919	992
919	997
919	999
920	45
920	98
920	135
920	185
920	189
920	356
920	362
920	407
920	419
920	441
920	445
920	448
920	525
920	582
920	690
920	754
920	758
920	774
920	876
920	883
920	913
920	916
920	966
920	967
921	467
921	734
921	827
921	846
921	892
921	895
921	905
921	910
921	922
921	931
921	932
921	945
921	965
921	970
921	971
921	973
921	978
921	980
921	982
921	983
921	985
921	989
921	996
921	997
922	517
922	652
922	699
922	748
922	893
922	899
922	905
922	910
922	921
922	931
922	945
922	965
922	970
922	973
922	980
922	982
922	983
922	985
922	987
922	989
922	992
922	995
922	996
922	998
923	60
923	68
923	127
923	226
923	246
923	499
923	552
923	568
923	631
923	648
923	725
923	740
923	759
923	794
923	812
923	815
923	826
923	907
923	912
923	924
923	949
923	961
923	964
923	966
924	178
924	414
924	539
924	670
924	756
924	809
924	828
924	923
924	926
924	933
924	947
924	955
924	962
924	963
924	968
924	973
924	975
924	978
924	979
924	984
924	988
924	995
924	998
924	1000
925	190
925	353
925	397
925	481
925	562
925	624
925	682
925	696
925	718
925	747
925	784
925	811
925	861
925	867
925	884
925	891
925	909
925	938
925	946
925	956
925	972
925	974
925	976
925	985
925	987
926	69
926	336
926	400
926	465
926	499
926	704
926	845
926	854
926	900
926	904
926	924
926	933
926	936
926	940
926	947
926	954
926	963
926	968
926	975
926	978
926	979
926	981
926	988
926	995
926	998
926	1000
927	91
927	246
927	287
927	572
927	679
927	721
927	773
927	806
927	837
927	840
927	879
927	887
927	915
927	934
927	957
927	962
927	969
927	971
927	975
927	977
927	986
927	990
927	992
927	995
927	997
927	999
928	615
928	663
928	734
928	775
928	782
928	799
928	810
928	868
928	896
928	897
928	915
928	939
928	942
928	957
928	962
928	969
928	971
928	977
928	980
928	984
928	986
928	990
928	991
928	992
928	997
928	999
929	57
929	88
929	116
929	172
929	238
929	319
929	322
929	369
929	392
929	432
929	568
929	597
929	609
929	647
929	679
929	686
929	713
929	792
929	805
929	813
929	841
929	872
929	933
929	946
929	959
929	966
929	995
930	225
930	348
930	507
930	611
930	688
930	739
930	747
930	771
930	843
930	852
930	865
930	871
930	875
930	889
930	943
930	953
930	956
930	958
930	960
930	967
930	974
930	985
930	991
930	992
930	993
930	994
930	995
931	202
931	586
931	816
931	845
931	856
931	880
931	893
931	895
931	905
931	906
931	908
931	921
931	922
931	932
931	945
931	965
931	970
931	973
931	980
931	982
931	983
931	984
931	985
931	989
931	992
931	993
931	996
932	266
932	325
932	564
932	598
932	637
932	810
932	818
932	836
932	849
932	899
932	905
932	910
932	921
932	931
932	945
932	965
932	970
932	973
932	976
932	980
932	982
932	983
932	985
932	987
932	989
932	996
932	999
933	405
933	585
933	731
933	839
933	885
933	908
933	917
933	924
933	926
933	929
933	947
933	950
933	962
933	963
933	968
933	970
933	975
933	978
933	979
933	981
933	983
933	984
933	988
933	995
933	996
933	998
933	1000
934	43
934	207
934	390
934	500
934	502
934	510
934	590
934	694
934	714
934	747
934	822
934	837
934	840
934	849
934	865
934	906
934	927
934	940
934	942
934	962
934	971
934	977
934	986
934	990
934	992
934	997
934	999
935	33
935	354
935	438
935	610
935	680
935	728
935	810
935	822
935	832
935	876
935	884
935	887
935	896
935	919
935	950
935	962
935	963
935	969
935	971
935	975
935	976
935	977
935	986
935	988
935	990
935	992
935	997
935	999
936	9
936	40
936	71
936	78
936	401
936	443
936	495
936	522
936	529
936	532
936	533
936	565
936	594
936	608
936	609
936	670
936	742
936	770
936	785
936	786
936	798
936	823
936	862
936	894
936	913
936	926
936	937
936	955
937	38
937	50
937	131
937	195
937	206
937	289
937	297
937	508
937	529
937	543
937	608
937	715
937	743
937	770
937	775
937	785
937	798
937	823
937	860
937	862
937	880
937	894
937	898
937	913
937	918
937	936
937	955
937	970
937	997
938	103
938	167
938	473
938	566
938	624
938	656
938	708
938	747
938	769
938	784
938	797
938	817
938	833
938	841
938	857
938	866
938	884
938	891
938	902
938	925
938	939
938	952
938	960
938	968
938	969
938	974
938	976
938	983
938	987
939	188
939	534
939	535
939	562
939	584
939	660
939	665
939	669
939	682
939	693
939	742
939	758
939	768
939	771
939	850
939	857
939	891
939	908
939	909
939	928
939	938
939	974
939	976
939	977
939	987
939	988
939	991
939	997
939	1000
940	19
940	413
940	469
940	623
940	702
940	753
940	785
940	796
940	851
940	854
940	857
940	878
940	904
940	926
940	934
940	947
940	954
940	963
940	967
940	968
940	970
940	975
940	978
940	979
940	981
940	984
940	988
940	995
940	998
940	1000
941	41
941	452
941	463
941	515
941	534
941	575
941	591
941	629
941	722
941	745
941	777
941	855
941	858
941	890
941	903
941	906
941	917
941	944
941	948
941	951
941	955
941	969
941	977
941	990
941	992
942	283
942	284
942	311
942	348
942	392
942	446
942	547
942	570
942	646
942	737
942	761
942	766
942	800
942	828
942	842
942	869
942	915
942	928
942	934
942	955
942	957
942	969
942	971
942	977
942	986
942	990
942	992
942	995
942	996
942	997
942	999
943	92
943	316
943	369
943	474
943	541
943	688
943	698
943	767
943	788
943	797
943	838
943	852
943	859
943	871
943	889
943	890
943	930
943	953
943	956
943	958
943	960
943	964
943	967
943	971
943	986
943	989
943	991
943	993
943	994
943	998
943	999
944	79
944	232
944	236
944	243
944	280
944	320
944	418
944	452
944	515
944	519
944	528
944	534
944	575
944	591
944	629
944	690
944	722
944	745
944	858
944	890
944	903
944	906
944	917
944	941
944	948
944	951
944	971
944	980
944	982
944	992
945	306
945	472
945	752
945	836
945	880
945	892
945	893
945	895
945	899
945	905
945	910
945	921
945	922
945	931
945	932
945	948
945	953
945	965
945	970
945	973
945	975
945	980
945	982
945	983
945	984
945	985
945	989
945	992
945	993
945	996
945	999
946	57
946	136
946	153
946	172
946	201
946	245
946	287
946	296
946	467
946	484
946	533
946	550
946	568
946	597
946	604
946	609
946	616
946	653
946	654
946	686
946	713
946	718
946	743
946	773
946	783
946	805
946	813
946	821
946	925
946	929
946	959
946	997
947	191
947	382
947	411
947	430
947	632
947	828
947	832
947	834
947	877
947	898
947	919
947	924
947	926
947	933
947	940
947	950
947	954
947	961
947	963
947	964
947	968
947	975
947	979
947	981
947	984
947	988
947	993
947	994
947	995
947	996
947	998
947	1000
948	4
948	182
948	231
948	244
948	320
948	352
948	418
948	452
948	515
948	519
948	528
948	534
948	575
948	591
948	604
948	629
948	707
948	722
948	745
948	839
948	854
948	858
948	890
948	903
948	906
948	917
948	941
948	944
948	945
948	951
948	952
948	977
949	14
949	35
949	154
949	282
949	338
949	350
949	380
949	492
949	544
949	549
949	581
949	614
949	631
949	687
949	721
949	740
949	794
949	799
949	826
949	863
949	901
949	907
949	910
949	912
949	923
949	961
949	964
949	965
949	966
949	968
949	995
949	999
950	224
950	230
950	537
950	571
950	694
950	761
950	782
950	808
950	840
950	849
950	865
950	897
950	901
950	915
950	918
950	919
950	933
950	935
950	947
950	952
950	957
950	960
950	962
950	963
950	969
950	977
950	981
950	986
950	990
950	992
950	997
950	999
951	182
951	231
951	244
951	280
951	320
951	402
951	418
951	452
951	515
951	518
951	519
951	528
951	530
951	534
951	575
951	591
951	629
951	722
951	745
951	849
951	858
951	890
951	903
951	906
951	917
951	941
951	944
951	948
951	964
951	968
951	970
951	971
951	974
951	1000
952	20
952	90
952	127
952	407
952	730
952	734
952	782
952	798
952	812
952	820
952	829
952	835
952	844
952	872
952	876
952	896
952	897
952	919
952	938
952	948
952	950
952	957
952	962
952	969
952	971
952	977
952	978
952	983
952	986
952	990
952	992
952	993
952	997
952	999
953	62
953	89
953	208
953	387
953	567
953	574
953	606
953	719
953	741
953	750
953	788
953	789
953	793
953	830
953	840
953	843
953	852
953	865
953	871
953	875
953	889
953	930
953	943
953	945
953	956
953	958
953	960
953	966
953	967
953	985
953	993
953	994
953	998
953	999
954	108
954	183
954	276
954	347
954	560
954	624
954	668
954	715
954	769
954	783
954	796
954	834
954	846
954	869
954	878
954	885
954	889
954	900
954	904
954	926
954	940
954	947
954	963
954	968
954	975
954	978
954	979
954	982
954	984
954	987
954	988
954	992
954	995
954	998
954	1000
955	24
955	38
955	40
955	68
955	78
955	166
955	221
955	241
955	297
955	420
955	424
955	508
955	513
955	592
955	628
955	636
955	670
955	785
955	798
955	803
955	860
955	862
955	881
955	894
955	898
955	913
955	924
955	936
955	937
955	941
955	942
955	961
955	964
955	990
955	991
955	993
956	28
956	518
956	613
956	672
956	688
956	717
956	741
956	767
956	788
956	793
956	797
956	808
956	833
956	838
956	843
956	852
956	859
956	871
956	875
956	889
956	909
956	925
956	930
956	943
956	953
956	958
956	960
956	967
956	971
956	973
956	975
956	977
956	991
956	993
956	994
956	996
956	1000
957	59
957	149
957	295
957	325
957	327
957	340
957	509
957	683
957	686
957	705
957	727
957	762
957	775
957	800
957	803
957	897
957	901
957	907
957	919
957	927
957	928
957	942
957	950
957	952
957	962
957	963
957	969
957	970
957	971
957	977
957	978
957	980
957	986
957	990
957	992
957	997
957	998
957	999
958	22
958	121
958	150
958	176
958	177
958	335
958	540
958	556
958	578
958	672
958	674
958	750
958	788
958	797
958	838
958	843
958	852
958	859
958	865
958	871
958	875
958	889
958	909
958	930
958	943
958	953
958	956
958	960
958	967
958	970
958	972
958	976
958	990
958	991
958	993
958	994
958	995
958	996
959	5
959	116
959	153
959	159
959	169
959	172
959	220
959	368
959	369
959	377
959	392
959	425
959	432
959	457
959	463
959	467
959	491
959	550
959	565
959	620
959	647
959	653
959	654
959	686
959	690
959	701
959	718
959	783
959	792
959	805
959	813
959	821
959	864
959	873
959	929
959	946
959	969
959	986
959	997
959	999
960	80
960	151
960	181
960	326
960	511
960	518
960	594
960	599
960	602
960	674
960	682
960	741
960	750
960	767
960	788
960	797
960	838
960	843
960	852
960	859
960	865
960	871
960	875
960	889
960	891
960	894
960	930
960	938
960	943
960	950
960	953
960	956
960	958
960	967
960	968
960	979
960	991
960	993
960	994
960	997
960	998
960	999
961	79
961	128
961	130
961	292
961	396
961	451
961	466
961	494
961	536
961	552
961	553
961	614
961	615
961	626
961	643
961	659
961	721
961	729
961	756
961	794
961	799
961	812
961	815
961	826
961	850
961	863
961	900
961	901
961	907
961	911
961	912
961	923
961	947
961	949
961	955
961	964
961	966
961	968
961	972
961	974
961	977
961	984
962	81
962	156
962	158
962	228
962	402
962	414
962	419
962	434
962	489
962	505
962	558
962	570
962	601
962	699
962	700
962	711
962	734
962	741
962	779
962	808
962	829
962	835
962	842
962	872
962	896
962	924
962	927
962	928
962	933
962	934
962	935
962	950
962	952
962	957
962	969
962	970
962	977
962	978
962	990
962	992
962	997
962	998
962	999
963	420
963	469
963	477
963	574
963	580
963	705
963	715
963	735
963	749
963	757
963	776
963	796
963	827
963	832
963	834
963	838
963	851
963	854
963	859
963	875
963	878
963	904
963	916
963	924
963	926
963	933
963	935
963	940
963	947
963	950
963	954
963	957
963	968
963	975
963	978
963	979
963	981
963	984
963	988
963	993
963	995
963	997
963	998
963	1000
964	14
964	60
964	79
964	87
964	146
964	228
964	272
964	292
964	296
964	313
964	350
964	367
964	380
964	494
964	499
964	549
964	614
964	615
964	639
964	642
964	648
964	687
964	729
964	740
964	763
964	794
964	799
964	800
964	812
964	815
964	836
964	863
964	870
964	901
964	907
964	912
964	923
964	943
964	947
964	949
964	951
964	955
964	961
964	966
964	980
965	166
965	241
965	339
965	395
965	444
965	527
965	571
965	577
965	636
965	692
965	706
965	765
965	802
965	807
965	814
965	816
965	818
965	836
965	839
965	849
965	856
965	874
965	880
965	881
965	892
965	893
965	895
965	899
965	905
965	910
965	921
965	922
965	931
965	932
965	945
965	949
965	970
965	973
965	980
965	982
965	983
965	985
965	987
965	988
965	989
965	990
965	996
965	997
966	35
966	73
966	83
966	127
966	128
966	130
966	226
966	272
966	290
966	294
966	305
966	310
966	332
966	350
966	367
966	372
966	396
966	492
966	549
966	552
966	581
966	588
966	619
966	642
966	643
966	648
966	659
966	687
966	721
966	729
966	794
966	812
966	815
966	826
966	863
966	901
966	907
966	912
966	920
966	923
966	929
966	949
966	953
966	961
966	964
966	969
966	981
966	985
966	988
966	992
966	994
967	74
967	142
967	298
967	319
967	341
967	358
967	374
967	440
967	476
967	481
967	483
967	495
967	500
967	556
967	578
967	599
967	611
967	619
967	667
967	672
967	719
967	741
967	767
967	787
967	793
967	838
967	843
967	852
967	859
967	862
967	865
967	867
967	871
967	872
967	875
967	880
967	889
967	920
967	930
967	940
967	943
967	953
967	956
967	958
967	960
967	973
967	990
967	991
967	993
967	994
967	998
967	1000
968	6
968	49
968	100
968	169
968	317
968	359
968	384
968	441
968	480
968	554
968	607
968	613
968	632
968	634
968	676
968	709
968	713
968	726
968	749
968	767
968	802
968	804
968	809
968	832
968	839
968	877
968	878
968	885
968	897
968	900
968	908
968	915
968	924
968	926
968	933
968	938
968	940
968	947
968	949
968	951
968	954
968	960
968	961
968	963
968	975
968	978
968	981
968	984
968	988
968	993
968	995
968	998
968	1000
969	54
969	137
969	246
969	247
969	251
969	284
969	309
969	323
969	454
969	463
969	537
969	554
969	555
969	573
969	596
969	620
969	623
969	646
969	676
969	714
969	727
969	753
969	776
969	782
969	820
969	830
969	835
969	837
969	844
969	879
969	896
969	897
969	899
969	919
969	927
969	928
969	935
969	938
969	941
969	942
969	950
969	952
969	957
969	959
969	962
969	966
969	971
969	986
969	987
969	988
969	990
969	992
969	994
969	997
969	998
969	999
970	49
970	257
970	331
970	357
970	373
970	389
970	395
970	398
970	459
970	486
970	506
970	539
970	619
970	626
970	633
970	715
970	724
970	762
970	765
970	779
970	807
970	814
970	818
970	825
970	826
970	843
970	849
970	856
970	862
970	880
970	892
970	893
970	895
970	899
970	905
970	910
970	921
970	922
970	931
970	932
970	933
970	937
970	940
970	945
970	951
970	957
970	958
970	962
970	965
970	973
970	975
970	979
970	980
970	982
970	983
970	985
970	988
970	989
970	996
971	84
971	129
971	142
971	188
971	214
971	242
971	248
971	290
971	295
971	311
971	349
971	372
971	458
971	469
971	521
971	634
971	675
971	678
971	680
971	683
971	691
971	700
971	717
971	727
971	737
971	764
971	775
971	808
971	810
971	820
971	824
971	830
971	840
971	844
971	879
971	887
971	896
971	915
971	919
971	921
971	927
971	928
971	934
971	935
971	942
971	943
971	944
971	951
971	952
971	956
971	957
971	969
971	977
971	982
971	984
971	986
971	987
971	990
971	992
971	994
971	997
971	999
972	7
972	64
972	117
972	140
972	217
972	229
972	255
972	258
972	268
972	388
972	397
972	408
972	452
972	461
972	488
972	551
972	566
972	573
972	584
972	651
972	656
972	660
972	665
972	669
972	670
972	677
972	696
972	720
972	736
972	742
972	752
972	759
972	763
972	768
972	771
972	784
972	815
972	817
972	833
972	841
972	850
972	857
972	861
972	862
972	864
972	866
972	884
972	891
972	902
972	909
972	925
972	958
972	961
972	974
972	976
972	978
972	979
972	980
972	982
972	987
972	988
972	995
972	999
972	1000
973	31
973	56
973	66
973	97
973	200
973	269
973	326
973	337
973	398
973	405
973	459
973	485
973	503
973	514
973	583
973	603
973	633
973	636
973	637
973	656
973	659
973	666
973	674
973	699
973	710
973	721
973	723
973	730
973	765
973	795
973	807
973	814
973	818
973	825
973	836
973	849
973	856
973	866
973	869
973	880
973	885
973	886
973	890
973	892
973	893
973	895
973	899
973	905
973	910
973	921
973	922
973	924
973	931
973	932
973	945
973	956
973	965
973	967
973	970
973	980
973	982
973	983
973	984
973	985
973	986
973	989
973	993
973	996
973	1000
974	39
974	86
974	103
974	107
974	149
974	165
974	184
974	197
974	242
974	260
974	358
974	428
974	481
974	489
974	504
974	551
974	562
974	576
974	577
974	579
974	604
974	616
974	618
974	637
974	651
974	660
974	664
974	665
974	677
974	680
974	700
974	708
974	712
974	736
974	742
974	747
974	759
974	771
974	794
974	817
974	833
974	841
974	850
974	851
974	857
974	861
974	864
974	866
974	867
974	871
974	884
974	891
974	892
974	895
974	902
974	907
974	909
974	925
974	930
974	938
974	939
974	951
974	961
974	972
974	976
974	978
974	987
974	995
974	998
974	999
975	21
975	34
975	44
975	124
975	178
975	196
975	247
975	334
975	365
975	456
975	469
975	475
975	502
975	522
975	540
975	580
975	598
975	612
975	621
975	669
975	673
975	675
975	681
975	684
975	695
975	731
975	735
975	746
975	749
975	776
975	788
975	795
975	802
975	809
975	832
975	834
975	846
975	854
975	856
975	869
975	877
975	878
975	885
975	900
975	904
975	908
975	917
975	918
975	924
975	926
975	927
975	933
975	935
975	940
975	945
975	947
975	954
975	956
975	963
975	968
975	970
975	978
975	979
975	981
975	984
975	988
975	989
975	995
975	998
975	999
975	1000
976	148
976	187
976	315
976	357
976	388
976	397
976	406
976	442
976	447
976	473
976	481
976	489
976	510
976	517
976	535
976	577
976	589
976	601
976	604
976	616
976	621
976	624
976	630
976	651
976	656
976	664
976	665
976	667
976	677
976	682
976	693
976	708
976	720
976	736
976	742
976	747
976	748
976	759
976	768
976	771
976	784
976	808
976	817
976	833
976	841
976	857
976	861
976	864
976	866
976	867
976	869
976	875
976	884
976	891
976	902
976	909
976	925
976	932
976	935
976	938
976	939
976	958
976	972
976	974
976	980
976	987
976	990
976	991
976	994
976	995
976	998
977	11
977	94
977	314
977	323
977	335
977	354
977	414
977	423
977	454
977	458
977	497
977	558
977	605
977	617
977	678
977	689
977	694
977	714
977	717
977	728
977	757
977	762
977	775
977	779
977	800
977	801
977	810
977	820
977	822
977	829
977	830
977	835
977	838
977	842
977	879
977	887
977	894
977	896
977	904
977	915
977	917
977	918
977	919
977	927
977	928
977	934
977	935
977	939
977	941
977	942
977	948
977	950
977	952
977	956
977	957
977	961
977	962
977	971
977	978
977	983
977	984
977	985
977	987
977	990
977	992
977	994
977	995
977	996
977	997
977	999
977	1000
978	21
978	40
978	53
978	81
978	83
978	145
978	190
978	200
978	203
978	270
978	336
978	361
978	394
978	426
978	446
978	502
978	598
978	627
978	634
978	662
978	668
978	695
978	706
978	716
978	724
978	726
978	747
978	776
978	777
978	795
978	796
978	802
978	809
978	828
978	839
978	844
978	846
978	851
978	860
978	869
978	877
978	878
978	885
978	887
978	892
978	900
978	904
978	908
978	912
978	918
978	921
978	924
978	926
978	933
978	940
978	952
978	954
978	957
978	962
978	963
978	968
978	972
978	974
978	975
978	977
978	979
978	981
978	984
978	988
978	994
978	995
978	998
978	1000
979	30
979	45
979	63
979	70
979	88
979	94
979	112
979	139
979	250
979	254
979	259
979	332
979	348
979	350
979	365
979	420
979	450
979	535
979	546
979	597
979	607
979	612
979	627
979	632
979	639
979	675
979	676
979	695
979	705
979	736
979	776
979	777
979	795
979	799
979	804
979	826
979	834
979	839
979	846
979	853
979	854
979	858
979	863
979	868
979	869
979	872
979	877
979	878
979	885
979	892
979	900
979	904
979	908
979	915
979	924
979	926
979	933
979	940
979	947
979	954
979	960
979	963
979	970
979	972
979	975
979	978
979	981
979	983
979	984
979	986
979	988
979	995
979	998
979	1000
980	9
980	16
980	34
980	70
980	264
980	309
980	333
980	338
980	357
980	412
980	416
980	442
980	459
980	471
980	484
980	521
980	526
980	542
980	563
980	573
980	583
980	626
980	633
980	646
980	647
980	666
980	692
980	709
980	723
980	725
980	731
980	765
980	779
980	807
980	814
980	816
980	818
980	825
980	836
980	849
980	851
980	856
980	880
980	892
980	893
980	894
980	895
980	899
980	905
980	906
980	910
980	921
980	922
980	928
980	931
980	932
980	944
980	945
980	957
980	964
980	965
980	970
980	972
980	973
980	976
980	982
980	983
980	985
980	988
980	989
980	995
980	996
980	998
980	1000
981	52
981	99
981	135
981	169
981	203
981	282
981	318
981	387
981	413
981	446
981	447
981	478
981	507
981	520
981	553
981	565
981	612
981	621
981	627
981	632
981	634
981	641
981	645
981	657
981	662
981	666
981	667
981	699
981	710
981	715
981	716
981	726
981	735
981	744
981	749
981	761
981	766
981	770
981	795
981	809
981	812
981	821
981	828
981	839
981	842
981	846
981	851
981	854
981	869
981	877
981	881
981	882
981	900
981	904
981	908
981	919
981	926
981	933
981	940
981	947
981	950
981	963
981	966
981	968
981	975
981	978
981	979
981	983
981	984
981	986
981	987
981	988
981	995
981	996
981	998
981	1000
982	16
982	29
982	32
982	49
982	64
982	110
982	193
982	212
982	301
982	337
982	379
982	399
982	416
982	471
982	485
982	497
982	517
982	526
982	563
982	573
982	603
982	633
982	636
982	637
982	658
982	692
982	697
982	710
982	719
982	723
982	724
982	725
982	730
982	807
982	814
982	816
982	818
982	825
982	828
982	836
982	838
982	849
982	856
982	872
982	880
982	884
982	892
982	893
982	895
982	897
982	899
982	905
982	910
982	919
982	921
982	922
982	931
982	932
982	944
982	945
982	954
982	965
982	970
982	971
982	972
982	973
982	980
982	983
982	985
982	989
982	990
982	991
982	996
982	997
982	998
982	999
983	13
983	108
983	121
983	157
983	161
983	184
983	223
983	229
983	257
983	286
983	309
983	314
983	328
983	337
983	339
983	362
983	366
983	379
983	417
983	444
983	521
983	527
983	558
983	573
983	582
983	603
983	609
983	626
983	666
983	692
983	699
983	710
983	723
983	724
983	730
983	761
983	765
983	805
983	807
983	811
983	814
983	816
983	818
983	825
983	836
983	849
983	856
983	870
983	876
983	880
983	892
983	893
983	895
983	899
983	903
983	905
983	910
983	921
983	922
983	931
983	932
983	933
983	938
983	945
983	952
983	965
983	970
983	973
983	977
983	979
983	980
983	981
983	982
983	985
983	989
983	991
983	996
983	997
983	999
984	1
984	28
984	30
984	48
984	56
984	160
984	209
984	254
984	433
984	436
984	446
984	456
984	468
984	501
984	527
984	532
984	536
984	544
984	557
984	580
984	589
984	635
984	639
984	657
984	676
984	684
984	703
984	705
984	716
984	726
984	731
984	746
984	749
984	777
984	795
984	796
984	802
984	804
984	832
984	834
984	839
984	846
984	847
984	851
984	854
984	856
984	869
984	877
984	878
984	885
984	900
984	904
984	908
984	918
984	924
984	928
984	931
984	933
984	940
984	945
984	947
984	954
984	961
984	963
984	968
984	971
984	973
984	975
984	977
984	978
984	979
984	981
984	988
984	990
984	991
984	995
984	996
984	998
984	1000
985	34
985	66
985	75
985	120
985	123
985	223
985	261
985	283
985	301
985	314
985	318
985	331
985	389
985	395
985	406
985	412
985	435
985	471
985	484
985	486
985	503
985	506
985	514
985	518
985	526
985	527
985	530
985	541
985	542
985	549
985	550
985	583
985	626
985	637
985	666
985	699
985	724
985	725
985	730
985	731
985	788
985	804
985	805
985	807
985	814
985	816
985	818
985	825
985	849
985	854
985	856
985	880
985	892
985	893
985	895
985	899
985	905
985	910
985	916
985	921
985	922
985	925
985	930
985	931
985	932
985	945
985	953
985	965
985	966
985	970
985	973
985	977
985	980
985	982
985	983
985	989
985	990
985	991
985	992
985	996
985	998
985	999
986	11
986	69
986	106
986	156
986	182
986	223
986	247
986	253
986	279
986	290
986	295
986	298
986	300
986	302
986	329
986	367
986	390
986	438
986	443
986	449
986	458
986	497
986	510
986	558
986	564
986	576
986	590
986	596
986	617
986	658
986	703
986	707
986	730
986	737
986	742
986	749
986	751
986	753
986	755
986	761
986	762
986	766
986	779
986	800
986	808
986	810
986	830
986	837
986	840
986	842
986	872
986	876
986	887
986	896
986	900
986	908
986	914
986	915
986	918
986	919
986	927
986	928
986	934
986	935
986	942
986	943
986	950
986	952
986	957
986	959
986	969
986	971
986	973
986	979
986	981
986	987
986	989
986	990
986	992
986	994
986	997
986	999
986	1000
987	38
987	82
987	86
987	111
987	117
987	122
987	140
987	188
987	197
987	217
987	242
987	260
987	306
987	374
987	388
987	408
987	410
987	516
987	517
987	522
987	551
987	566
987	576
987	577
987	579
987	584
987	591
987	601
987	604
987	616
987	624
987	647
987	651
987	656
987	660
987	664
987	669
987	682
987	696
987	708
987	736
987	742
987	747
987	759
987	763
987	768
987	771
987	784
987	813
987	817
987	819
987	823
987	833
987	841
987	850
987	857
987	861
987	863
987	864
987	866
987	867
987	884
987	885
987	902
987	904
987	922
987	925
987	932
987	938
987	939
987	954
987	965
987	969
987	971
987	972
987	974
987	976
987	977
987	981
987	986
987	991
987	995
987	996
987	999
988	10
988	21
988	23
988	46
988	141
988	194
988	209
988	260
988	266
988	340
988	394
988	447
988	450
988	476
988	501
988	520
988	554
988	560
988	607
988	634
988	635
988	639
988	641
988	645
988	649
988	657
988	661
988	668
988	675
988	684
988	695
988	698
988	700
988	705
988	715
988	731
988	735
988	776
988	777
988	795
988	796
988	804
988	809
988	820
988	828
988	832
988	846
988	851
988	854
988	860
988	869
988	877
988	885
988	888
988	900
988	907
988	908
988	911
988	919
988	924
988	926
988	933
988	935
988	939
988	940
988	947
988	954
988	963
988	965
988	966
988	968
988	969
988	970
988	972
988	975
988	978
988	979
988	980
988	981
988	984
988	989
988	990
988	995
988	998
988	1000
989	17
989	50
989	65
989	97
989	110
989	119
989	120
989	123
989	145
989	229
989	243
989	270
989	283
989	303
989	309
989	328
989	360
989	406
989	412
989	416
989	417
989	431
989	439
989	442
989	485
989	486
989	506
989	514
989	524
989	539
989	542
989	563
989	636
989	692
989	699
989	710
989	720
989	723
989	724
989	725
989	730
989	733
989	763
989	765
989	778
989	807
989	814
989	816
989	818
989	825
989	829
989	836
989	849
989	850
989	856
989	873
989	880
989	884
989	892
989	893
989	895
989	904
989	905
989	910
989	913
989	921
989	922
989	931
989	932
989	943
989	945
989	965
989	970
989	973
989	975
989	980
989	982
989	983
989	985
989	986
989	988
989	994
989	996
989	997
989	998
989	999
990	66
990	137
990	202
990	207
990	304
990	323
990	335
990	338
990	340
990	345
990	348
990	361
990	363
990	372
990	376
990	395
990	417
990	434
990	443
990	449
990	454
990	477
990	555
990	561
990	570
990	585
990	605
990	618
990	646
990	667
990	671
990	678
990	700
990	703
990	718
990	736
990	753
990	755
990	762
990	766
990	779
990	788
990	810
990	820
990	822
990	829
990	830
990	834
990	835
990	837
990	840
990	842
990	844
990	848
990	872
990	879
990	887
990	891
990	895
990	896
990	897
990	902
990	914
990	918
990	919
990	927
990	928
990	934
990	935
990	941
990	942
990	950
990	952
990	955
990	957
990	958
990	962
990	965
990	967
990	969
990	971
990	976
990	977
990	982
990	984
990	985
990	986
990	988
990	992
990	997
990	998
990	999
990	1000
991	28
991	31
991	58
991	62
991	112
991	115
991	118
991	132
991	198
991	199
991	225
991	236
991	262
991	273
991	298
991	304
991	321
991	333
991	353
991	358
991	422
991	433
991	458
991	474
991	478
991	482
991	485
991	491
991	493
991	495
991	496
991	500
991	507
991	511
991	540
991	553
991	556
991	574
991	578
991	594
991	599
991	602
991	606
991	611
991	613
991	618
991	619
991	625
991	667
991	674
991	688
991	698
991	710
991	719
991	733
991	741
991	750
991	767
991	778
991	792
991	793
991	797
991	835
991	838
991	842
991	843
991	852
991	855
991	857
991	859
991	865
991	871
991	875
991	889
991	910
991	914
991	928
991	930
991	939
991	943
991	955
991	956
991	958
991	960
991	967
991	976
991	982
991	983
991	984
991	985
991	987
991	992
991	993
991	994
991	997
992	27
992	104
992	109
992	136
992	143
992	171
992	173
992	203
992	224
992	269
992	276
992	284
992	297
992	304
992	329
992	390
992	430
992	433
992	435
992	449
992	477
992	497
992	505
992	561
992	564
992	585
992	596
992	602
992	658
992	671
992	677
992	680
992	694
992	695
992	700
992	703
992	714
992	717
992	730
992	734
992	740
992	753
992	755
992	762
992	766
992	774
992	775
992	786
992	795
992	808
992	814
992	822
992	829
992	830
992	834
992	837
992	842
992	844
992	872
992	877
992	879
992	895
992	896
992	897
992	915
992	917
992	918
992	919
992	922
992	927
992	928
992	930
992	931
992	934
992	935
992	941
992	942
992	944
992	945
992	950
992	952
992	954
992	957
992	962
992	966
992	969
992	971
992	977
992	985
992	986
992	990
992	991
992	996
992	997
992	999
993	3
993	51
993	58
993	74
993	77
993	89
993	96
993	98
993	115
993	118
993	134
993	150
993	181
993	196
993	198
993	218
993	249
993	262
993	273
993	319
993	321
993	333
993	341
993	353
993	358
993	374
993	398
993	409
993	422
993	445
993	474
993	478
993	482
993	483
993	487
993	491
993	493
993	500
993	511
993	541
993	551
993	556
993	574
993	578
993	594
993	599
993	602
993	606
993	608
993	613
993	618
993	619
993	643
993	667
993	672
993	674
993	680
993	688
993	698
993	719
993	741
993	750
993	764
993	767
993	773
993	775
993	788
993	793
993	797
993	814
993	832
993	838
993	843
993	850
993	852
993	859
993	865
993	871
993	874
993	875
993	889
993	896
993	899
993	905
993	909
993	911
993	912
993	914
993	930
993	931
993	943
993	945
993	947
993	952
993	953
993	955
993	956
993	958
993	960
993	963
993	967
993	968
993	973
993	991
993	994
993	996
993	998
993	1000
994	3
994	22
994	31
994	46
994	51
994	74
994	89
994	96
994	98
994	132
994	134
994	196
994	198
994	199
994	208
994	218
994	225
994	236
994	249
994	298
994	319
994	321
994	341
994	353
994	374
994	409
994	422
994	433
994	453
994	470
994	474
994	478
994	482
994	483
994	487
994	491
994	493
994	495
994	500
994	507
994	511
994	518
994	535
994	540
994	541
994	556
994	563
994	574
994	578
994	587
994	594
994	597
994	599
994	602
994	606
994	611
994	613
994	618
994	619
994	660
994	667
994	674
994	688
994	698
994	719
994	735
994	741
994	750
994	760
994	767
994	768
994	788
994	793
994	797
994	801
994	838
994	843
994	845
994	852
994	854
994	858
994	859
994	863
994	865
994	871
994	874
994	875
994	880
994	888
994	889
994	894
994	898
994	901
994	902
994	930
994	943
994	947
994	953
994	956
994	958
994	960
994	966
994	967
994	969
994	971
994	976
994	977
994	978
994	986
994	989
994	991
994	993
994	995
994	1000
995	4
995	30
995	33
995	39
995	48
995	113
995	137
995	147
995	154
995	159
995	190
995	191
995	193
995	194
995	200
995	281
995	282
995	300
995	313
995	332
995	334
995	354
995	359
995	364
995	384
995	405
995	437
995	447
995	456
995	536
995	538
995	546
995	553
995	560
995	565
995	572
995	580
995	589
995	611
995	612
995	621
995	635
995	645
995	646
995	657
995	662
995	668
995	687
995	695
995	705
995	716
995	726
995	731
995	735
995	743
995	774
995	777
995	782
995	790
995	795
995	796
995	802
995	804
995	809
995	828
995	832
995	834
995	839
995	846
995	851
995	854
995	856
995	861
995	869
995	877
995	878
995	882
995	885
995	890
995	892
995	900
995	903
995	904
995	912
995	922
995	924
995	926
995	927
995	929
995	930
995	933
995	940
995	942
995	947
995	949
995	954
995	958
995	963
995	968
995	972
995	974
995	975
995	976
995	977
995	978
995	979
995	980
995	981
995	984
995	987
995	988
995	994
995	996
995	998
995	1000
996	11
996	29
996	32
996	54
996	56
996	108
996	119
996	121
996	147
996	157
996	173
996	184
996	187
996	212
996	243
996	261
996	270
996	283
996	301
996	326
996	328
996	331
996	339
996	341
996	357
996	359
996	360
996	379
996	384
996	389
996	398
996	406
996	408
996	417
996	442
996	444
996	481
996	484
996	486
996	503
996	506
996	514
996	521
996	526
996	527
996	539
996	542
996	563
996	573
996	576
996	583
996	603
996	614
996	626
996	633
996	636
996	637
996	638
996	651
996	654
996	666
996	673
996	692
996	699
996	710
996	723
996	724
996	725
996	726
996	730
996	765
996	807
996	811
996	814
996	816
996	818
996	821
996	825
996	836
996	849
996	855
996	856
996	864
996	880
996	883
996	892
996	893
996	895
996	898
996	899
996	910
996	921
996	922
996	931
996	932
996	933
996	942
996	945
996	947
996	956
996	958
996	965
996	970
996	973
996	977
996	980
996	981
996	982
996	983
996	984
996	985
996	987
996	989
996	992
996	993
996	995
997	8
997	52
997	136
997	161
997	179
997	202
997	204
997	214
997	224
997	228
997	251
997	279
997	287
997	294
997	333
997	334
997	338
997	340
997	342
997	349
997	360
997	361
997	363
997	365
997	372
997	402
997	411
997	420
997	423
997	430
997	435
997	438
997	443
997	454
997	504
997	509
997	555
997	558
997	561
997	564
997	603
997	617
997	620
997	622
997	646
997	658
997	662
997	671
997	678
997	683
997	688
997	694
997	703
997	714
997	717
997	720
997	725
997	727
997	737
997	745
997	753
997	755
997	761
997	762
997	766
997	779
997	800
997	808
997	820
997	821
997	829
997	830
997	835
997	840
997	842
997	843
997	844
997	872
997	879
997	881
997	882
997	887
997	890
997	895
997	896
997	897
997	908
997	915
997	919
997	921
997	927
997	928
997	934
997	935
997	937
997	939
997	942
997	946
997	950
997	952
997	957
997	959
997	960
997	962
997	963
997	965
997	969
997	971
997	977
997	982
997	983
997	986
997	989
997	990
997	991
997	992
997	999
997	1000
998	4
998	33
998	36
998	46
998	63
998	88
998	100
998	113
998	124
998	135
998	193
998	219
998	281
998	300
998	318
998	337
998	360
998	364
998	382
998	384
998	387
998	405
998	426
998	436
998	437
998	471
998	476
998	489
998	536
998	538
998	546
998	548
998	551
998	553
998	554
998	560
998	565
998	589
998	590
998	598
998	600
998	607
998	627
998	632
998	634
998	635
998	639
998	641
998	645
998	657
998	659
998	662
998	672
998	676
998	705
998	711
998	715
998	716
998	731
998	735
998	767
998	770
998	777
998	802
998	804
998	805
998	809
998	810
998	828
998	832
998	834
998	844
998	846
998	851
998	854
998	869
998	872
998	877
998	878
998	885
998	896
998	900
998	904
998	908
998	909
998	922
998	924
998	926
998	933
998	940
998	943
998	947
998	953
998	954
998	957
998	960
998	962
998	963
998	967
998	968
998	969
998	974
998	975
998	976
998	978
998	979
998	980
998	981
998	982
998	984
998	985
998	988
998	989
998	990
998	993
998	995
998	999
998	1000
999	7
999	8
999	20
999	54
999	59
999	86
999	94
999	129
999	142
999	143
999	149
999	150
999	161
999	168
999	173
999	204
999	211
999	250
999	254
999	276
999	287
999	290
999	325
999	334
999	335
999	361
999	407
999	411
999	414
999	430
999	434
999	458
999	497
999	505
999	509
999	510
999	555
999	561
999	562
999	564
999	570
999	585
999	590
999	596
999	605
999	617
999	620
999	646
999	650
999	658
999	671
999	680
999	700
999	703
999	714
999	717
999	727
999	728
999	734
999	744
999	755
999	756
999	764
999	766
999	775
999	782
999	791
999	800
999	804
999	810
999	815
999	822
999	829
999	832
999	835
999	840
999	842
999	844
999	857
999	868
999	872
999	873
999	879
999	887
999	889
999	890
999	896
999	897
999	902
999	915
999	916
999	918
999	919
999	927
999	928
999	932
999	934
999	935
999	942
999	943
999	945
999	949
999	950
999	952
999	953
999	957
999	959
999	960
999	962
999	969
999	971
999	972
999	974
999	975
999	977
999	982
999	983
999	985
999	986
999	987
999	989
999	990
999	992
999	997
999	998
1000	1
1000	6
1000	36
1000	44
1000	53
1000	70
1000	81
1000	141
1000	145
1000	147
1000	154
1000	160
1000	178
1000	191
1000	206
1000	219
1000	259
1000	266
1000	267
1000	268
1000	271
1000	281
1000	300
1000	311
1000	313
1000	318
1000	332
1000	347
1000	359
1000	364
1000	365
1000	387
1000	394
1000	413
1000	426
1000	437
1000	450
1000	469
1000	476
1000	502
1000	509
1000	516
1000	520
1000	523
1000	531
1000	536
1000	538
1000	545
1000	548
1000	553
1000	554
1000	577
1000	587
1000	589
1000	595
1000	600
1000	607
1000	621
1000	626
1000	627
1000	635
1000	639
1000	641
1000	645
1000	662
1000	676
1000	684
1000	695
1000	716
1000	726
1000	729
1000	731
1000	735
1000	749
1000	756
1000	761
1000	776
1000	777
1000	795
1000	802
1000	803
1000	804
1000	809
1000	817
1000	819
1000	824
1000	832
1000	834
1000	839
1000	846
1000	851
1000	854
1000	855
1000	869
1000	876
1000	877
1000	878
1000	884
1000	885
1000	900
1000	904
1000	907
1000	908
1000	924
1000	926
1000	933
1000	939
1000	940
1000	947
1000	951
1000	954
1000	956
1000	963
1000	967
1000	968
1000	972
1000	973
1000	975
1000	977
1000	978
1000	979
1000	980
1000	981
1000	984
1000	986
1000	988
1000	990
1000	993
1000	994
1000	995
1000	997
1000	998
