1	39 
2	81 
3	98 
4	100 
5	140 
6	35 
7	66 
8	58 
9	13 
10	154 
11	129 
12	58 
13	140 
14	115 
15	130 
16	47 
17	145 
18	156 
19	6 
20	53 
21	99 
22	155 
23	83 
24	31 
25	79 
26	24 
27	133 
28	49 
29	119 
30	89 
31	82 
32	139 
33	158 
34	89 
35	49 
36	49 
37	70 
38	156 
39	20 
40	102 
41	67 
42	11 
43	62 
44	70 
45	24 
46	152 
47	30 
48	85 
49	14 
50	69 
51	140 
52	24 
53	11 
54	74 
55	4 
56	39 
57	124 
58	139 
59	151 
60	141 
61	42 
62	20 
63	129 
64	1 
65	17 
66	73 
67	36 
68	92 
69	56 
70	74 
71	41 
72	79 
73	52 
74	93 
75	154 
76	31 
77	66 
78	58 
79	96 
80	61 
81	118 
82	85 
83	30 
84	140 
85	22 
86	5 
87	27 
88	17 
89	84 
90	156 
91	122 
92	66 
93	9 
94	74 
95	154 
96	132 
97	4 
98	40 
99	141 
100	27 
101	133 
102	70 
103	97 
104	5 
105	4 
106	131 
107	81 
108	11 
109	116 
110	111 
111	72 
112	132 
113	42 
114	91 
115	154 
116	72 
117	1 
118	31 
119	46 
120	42 
121	25 
122	98 
123	84 
124	14 
125	25 
126	31 
127	160 
128	61 
129	114 
130	16 
131	1 
132	115 
133	3 
134	103 
135	74 
136	115 
137	125 
138	43 
139	126 
140	27 
141	20 
142	5 
143	159 
144	139 
145	37 
146	44 
147	8 
148	74 
149	22 
150	129 
151	132 
152	115 
153	115 
154	21 
155	124 
156	89 
157	57 
158	36 
159	67 
160	157 
161	157 
162	36 
163	98 
164	159 
165	122 
166	27 
167	28 
168	60 
169	39 
170	121 
171	41 
172	74 
173	60 
174	151 
175	39 
176	58 
177	113 
178	123 
179	127 
180	64 
181	22 
182	120 
183	121 
184	24 
185	54 
186	36 
187	24 
188	72 
189	56 
190	33 
191	31 
192	145 
193	42 
194	118 
195	73 
196	115 
197	64 
198	6 
199	138 
200	138 
201	91 
202	150 
203	88 
204	121 
205	131 
206	115 
207	128 
208	8 
209	9 
210	90 
211	68 
212	31 
213	54 
214	6 
215	143 
216	64 
217	32 
218	154 
219	131 
220	1 
221	107 
222	125 
223	141 
224	60 
225	1 
226	20 
227	43 
228	95 
229	13 
230	93 
231	101 
232	97 
233	78 
234	85 
235	127 
236	140 
237	83 
238	160 
239	96 
240	126 
241	121 
242	70 
243	56 
244	96 
245	3 
246	6 
247	100 
248	36 
249	75 
250	156 
251	6 
252	13 
253	141 
254	77 
255	79 
256	135 
257	70 
258	154 
259	84 
260	85 
261	6 
262	74 
263	148 
264	9 
265	74 
266	130 
267	6 
268	100 
269	75 
270	66 
271	110 
272	71 
273	72 
274	127 
275	46 
276	150 
277	142 
278	157 
279	52 
280	129 
281	52 
282	74 
283	60 
284	1 
285	43 
286	18 
287	137 
288	64 
289	28 
290	52 
291	148 
292	126 
293	26 
294	38 
295	24 
296	27 
297	39 
298	60 
299	36 
300	29 
301	129 
302	132 
303	8 
304	15 
305	108 
306	56 
307	73 
308	35 
309	132 
310	118 
311	20 
312	70 
313	77 
314	122 
315	74 
316	29 
317	125 
318	76 
319	45 
320	109 
321	10 
322	20 
323	14 
324	2 
325	153 
326	66 
327	102 
328	138 
329	81 
330	8 
331	38 
332	125 
333	131 
334	118 
335	11 
336	87 
337	115 
338	79 
339	126 
340	135 
341	11 
342	121 
343	94 
344	87 
345	153 
346	113 
347	59 
348	132 
349	131 
350	135 
351	72 
352	57 
353	136 
354	33 
355	105 
356	11 
357	140 
358	1 
359	67 
360	127 
361	13 
362	120 
363	20 
364	84 
365	65 
366	87 
367	131 
368	93 
369	64 
370	74 
371	2 
372	121 
373	60 
374	98 
375	132 
376	31 
377	160 
378	153 
379	60 
380	56 
381	66 
382	156 
383	1 
384	8 
385	113 
386	82 
387	158 
388	64 
389	46 
390	150 
391	151 
392	6 
393	104 
394	122 
395	65 
396	87 
397	115 
398	140 
399	74 
400	131 
401	42 
402	43 
403	81 
404	64 
405	49 
406	36 
407	27 
408	151 
409	27 
410	25 
411	89 
412	17 
413	22 
414	66 
415	23 
416	121 
417	62 
418	130 
419	17 
420	92 
421	16 
422	86 
423	154 
424	6 
425	113 
426	140 
427	6 
428	131 
429	144 
430	122 
431	5 
432	79 
433	85 
434	152 
435	76 
436	39 
437	8 
438	79 
439	45 
440	140 
441	73 
442	27 
443	154 
444	19 
445	84 
446	142 
447	124 
448	126 
449	73 
450	97 
451	75 
452	125 
453	62 
454	24 
455	5 
456	159 
457	116 
458	74 
459	22 
460	52 
461	143 
462	29 
463	40 
464	56 
465	9 
466	30 
467	88 
468	97 
469	114 
470	28 
471	2 
472	22 
473	160 
474	82 
475	46 
476	159 
477	42 
478	131 
479	34 
480	67 
481	2 
482	56 
483	64 
484	17 
485	118 
486	141 
487	60 
488	13 
489	66 
490	144 
491	156 
492	70 
493	159 
494	37 
495	126 
496	30 
497	115 
498	96 
499	5 
500	8 
501	38 
502	27 
503	12 
504	79 
505	155 
506	131 
507	150 
508	36 
509	111 
510	52 
511	75 
512	43 
513	132 
514	70 
515	36 
516	1 
517	155 
518	74 
519	85 
520	144 
521	46 
522	56 
523	52 
524	66 
525	69 
526	99 
527	115 
528	39 
529	81 
530	5 
531	116 
532	89 
533	52 
534	1 
535	122 
536	123 
537	25 
538	6 
539	66 
540	20 
541	144 
542	104 
543	14 
544	132 
545	86 
546	60 
547	36 
548	35 
549	85 
550	122 
551	27 
552	49 
553	150 
554	20 
555	20 
556	16 
557	135 
558	41 
559	43 
560	97 
561	64 
562	129 
563	36 
564	115 
565	46 
566	6 
567	74 
568	37 
569	27 
570	70 
571	11 
572	91 
573	13 
574	140 
575	105 
576	7 
577	157 
578	38 
579	63 
580	38 
581	79 
582	99 
583	120 
584	22 
585	128 
586	120 
587	122 
588	2 
589	131 
590	150 
591	99 
592	43 
593	104 
594	46 
595	120 
596	121 
597	25 
598	140 
599	21 
600	111 
601	117 
602	25 
603	103 
604	85 
605	36 
606	129 
607	24 
608	46 
609	81 
610	120 
611	92 
612	146 
613	104 
614	154 
615	79 
616	8 
617	60 
618	134 
619	145 
620	19 
621	110 
622	139 
623	17 
624	3 
625	26 
626	156 
627	134 
628	64 
629	126 
630	57 
631	45 
632	74 
633	57 
634	115 
635	130 
636	141 
637	57 
638	123 
639	6 
640	129 
641	62 
642	67 
643	3 
644	122 
645	125 
646	114 
647	77 
648	6 
649	70 
650	143 
651	21 
652	149 
653	27 
654	67 
655	65 
656	103 
657	70 
658	86 
659	148 
660	20 
661	94 
662	9 
663	122 
664	82 
665	66 
666	66 
667	53 
668	18 
669	58 
670	81 
671	36 
672	93 
673	140 
674	30 
675	3 
676	77 
677	121 
678	157 
679	156 
680	73 
681	136 
682	89 
683	131 
684	11 
685	154 
686	85 
687	121 
688	109 
689	74 
690	132 
691	149 
692	79 
693	104 
694	140 
695	154 
696	86 
697	65 
698	28 
699	70 
700	44 
701	115 
702	40 
703	84 
704	132 
705	84 
706	150 
707	80 
708	95 
709	145 
710	81 
711	83 
712	156 
713	13 
714	121 
715	104 
716	98 
717	39 
718	129 
719	67 
720	14 
721	1 
722	120 
723	49 
724	57 
725	6 
726	12 
727	111 
728	28 
729	6 
730	42 
731	54 
732	107 
733	87 
734	122 
735	129 
736	129 
737	121 
738	154 
739	70 
740	54 
741	76 
742	126 
743	6 
744	79 
745	22 
746	14 
747	79 
748	94 
749	75 
750	139 
751	54 
752	132 
753	131 
754	135 
755	156 
756	157 
757	70 
758	25 
759	132 
760	81 
761	9 
762	66 
763	74 
764	52 
765	67 
766	104 
767	117 
768	50 
769	67 
770	91 
771	141 
772	52 
773	158 
774	24 
775	30 
776	83 
777	157 
778	11 
779	149 
780	27 
781	2 
782	106 
783	4 
784	10 
785	94 
786	105 
787	13 
788	19 
789	93 
790	8 
791	98 
792	49 
793	9 
794	63 
795	30 
796	93 
797	51 
798	76 
799	139 
800	1 
801	1 
802	26 
803	127 
804	140 
805	127 
806	8 
807	9 
808	66 
809	122 
810	117 
811	132 
812	46 
813	27 
814	126 
815	37 
816	110 
817	5 
818	152 
819	66 
820	77 
821	126 
822	74 
823	52 
824	76 
825	14 
826	160 
827	106 
828	70 
829	151 
830	20 
831	35 
832	66 
833	136 
834	151 
835	3 
836	76 
837	149 
838	31 
839	74 
840	129 
841	141 
842	25 
843	94 
844	58 
845	92 
846	12 
847	121 
848	129 
849	96 
850	77 
851	74 
852	97 
853	42 
854	28 
855	117 
856	158 
857	33 
858	130 
859	43 
860	65 
861	124 
862	111 
863	52 
864	97 
865	122 
866	49 
867	13 
868	24 
869	17 
870	109 
871	141 
872	57 
873	24 
874	60 
875	51 
876	133 
877	64 
878	1 
879	129 
880	74 
881	56 
882	94 
883	158 
884	73 
885	89 
886	69 
887	117 
888	158 
889	127 
890	121 
891	68 
892	117 
893	6 
894	42 
895	11 
896	121 
897	71 
898	56 
899	29 
900	50 
901	122 
902	154 
903	154 
904	89 
905	24 
906	146 
907	156 
908	77 
909	8 
910	93 
911	129 
912	64 
913	6 
914	8 
915	157 
916	31 
917	97 
918	6 
919	114 
920	14 
921	60 
922	59 
923	141 
924	60 
925	66 
926	85 
927	121 
928	141 
929	148 
930	27 
931	74 
932	25 
933	33 
934	43 
935	11 
936	66 
937	49 
938	100 
939	63 
940	33 
941	25 
942	135 
943	19 
944	160 
945	59 
946	135 
947	122 
948	77 
949	43 
950	117 
951	52 
952	129 
953	40 
954	46 
955	97 
956	75 
957	42 
958	12 
959	42 
960	155 
961	156 
962	74 
963	2 
964	115 
965	153 
966	127 
967	5 
968	154 
969	153 
970	66 
971	106 
972	150 
973	76 
974	27 
975	129 
976	70 
977	115 
978	36 
979	93 
980	141 
981	13 
982	156 
983	68 
984	37 
985	109 
986	131 
987	152 
988	81 
989	97 
990	56 
991	67 
992	58 
993	84 
994	136 
995	135 
996	135 
997	59 
998	135 
999	64 
1000	36 
1001	36 
1002	52 
1003	131 
1004	5 
1005	20 
1006	12 
1007	120 
1008	27 
1009	84 
1010	127 
1011	37 
1012	46 
1013	57 
1014	40 
1015	59 
1016	156 
1017	122 
1018	131 
1019	156 
1020	40 
1021	119 
1022	84 
1023	6 
1024	64 
1025	89 
1026	120 
1027	93 
1028	50 
1029	77 
1030	18 
1031	154 
1032	1 
1033	57 
1034	8 
1035	34 
1036	157 
1037	49 
1038	97 
1039	6 
1040	91 
1041	37 
1042	24 
1043	64 
1044	64 
1045	14 
1046	42 
1047	33 
1048	56 
1049	128 
1050	6 
1051	39 
1052	49 
1053	21 
1054	23 
1055	27 
1056	141 
1057	132 
1058	52 
1059	66 
1060	8 
1061	79 
1062	141 
1063	21 
1064	56 
1065	49 
1066	154 
1067	79 
1068	68 
1069	45 
1070	49 
1071	30 
1072	69 
1073	20 
1074	64 
1075	125 
1076	19 
1077	79 
1078	135 
1079	22 
1080	138 
1081	63 
1082	11 
1083	65 
1084	104 
1085	74 
1086	142 
1087	62 
1088	154 
1089	151 
1090	13 
1091	134 
1092	5 
1093	53 
1094	25 
1095	14 
1096	154 
1097	60 
1098	129 
1099	117 
1100	67 
1101	25 
1102	132 
1103	141 
1104	97 
1105	44 
1106	77 
1107	160 
1108	151 
1109	26 
1110	51 
1111	30 
1112	62 
1113	52 
1114	86 
1115	53 
1116	154 
1117	49 
1118	27 
1119	141 
1120	160 
1121	13 
1122	11 
1123	52 
1124	35 
1125	150 
1126	47 
1127	112 
1128	94 
1129	81 
1130	160 
1131	140 
1132	97 
1133	83 
1134	12 
1135	58 
1136	121 
1137	74 
1138	49 
1139	42 
1140	72 
1141	134 
1142	73 
1143	127 
1144	31 
1145	74 
1146	78 
1147	120 
1148	111 
1149	20 
1150	77 
1151	135 
1152	25 
1153	56 
1154	47 
1155	132 
1156	118 
1157	30 
1158	40 
1159	36 
1160	46 
1161	102 
1162	60 
1163	159 
1164	115 
1165	5 
1166	71 
1167	43 
1168	125 
1169	130 
1170	26 
1171	15 
1172	49 
1173	43 
1174	132 
1175	56 
1176	3 
1177	30 
1178	74 
1179	52 
1180	96 
1181	102 
1182	139 
1183	43 
1184	139 
1185	144 
1186	64 
1187	50 
1188	148 
1189	25 
1190	114 
1191	151 
1192	146 
1193	20 
1194	148 
1195	140 
1196	1 
1197	22 
1198	107 
1199	141 
1200	117 
1201	63 
1202	13 
1203	36 
1204	66 
1205	84 
1206	8 
1207	70 
1208	117 
1209	57 
1210	21 
1211	64 
1212	70 
1213	107 
1214	154 
1215	89 
1216	132 
1217	89 
1218	84 
1219	75 
1220	78 
1221	43 
1222	74 
1223	46 
1224	108 
1225	27 
1226	129 
1227	49 
1228	117 
1229	89 
1230	130 
1231	46 
1232	95 
1233	154 
1234	93 
1235	29 
1236	11 
1237	30 
1238	74 
1239	135 
1240	135 
1241	15 
1242	126 
1243	158 
1244	40 
1245	92 
1246	70 
1247	26 
1248	111 
1249	13 
1250	154 
1251	33 
1252	104 
1253	39 
1254	7 
1255	6 
1256	13 
1257	15 
1258	129 
1259	122 
1260	129 
1261	62 
1262	140 
1263	123 
1264	148 
1265	49 
1266	32 
1267	157 
1268	110 
1269	156 
1270	86 
1271	126 
1272	116 
1273	64 
1274	154 
1275	20 
1276	85 
1277	8 
1278	139 
1279	117 
1280	68 
1281	101 
1282	28 
1283	85 
1284	117 
1285	88 
1286	35 
1287	2 
1288	39 
1289	110 
1290	132 
1291	36 
1292	71 
1293	135 
1294	136 
1295	55 
1296	51 
1297	28 
1298	11 
1299	57 
1300	1 
1301	14 
1302	1 
1303	17 
1304	60 
1305	69 
1306	4 
1307	26 
1308	30 
1309	129 
1310	117 
1311	77 
1312	112 
1313	70 
1314	154 
1315	130 
1316	34 
1317	39 
1318	130 
1319	52 
1320	88 
1321	21 
1322	34 
1323	132 
1324	132 
1325	22 
1326	68 
1327	36 
1328	142 
1329	132 
1330	67 
1331	76 
1332	154 
1333	97 
1334	52 
1335	49 
1336	10 
1337	52 
1338	89 
1339	13 
1340	130 
1341	24 
1342	77 
1343	46 
1344	79 
1345	5 
1346	30 
1347	135 
1348	30 
1349	5 
1350	117 
1351	93 
1352	147 
1353	5 
1354	121 
1355	20 
1356	159 
1357	35 
1358	130 
1359	74 
1360	59 
1361	13 
1362	114 
1363	60 
1364	98 
1365	52 
1366	128 
1367	58 
1368	17 
1369	121 
1370	24 
1371	116 
1372	50 
1373	15 
1374	42 
1375	17 
1376	41 
1377	68 
1378	63 
1379	75 
1380	129 
1381	125 
1382	124 
1383	9 
1384	70 
1385	157 
1386	66 
1387	11 
1388	117 
1389	89 
1390	123 
1391	74 
1392	104 
1393	49 
1394	26 
1395	66 
1396	21 
1397	74 
1398	46 
1399	33 
1400	117 
1401	36 
1402	30 
1403	99 
1404	79 
1405	46 
1406	154 
1407	80 
1408	5 
1409	4 
1410	112 
1411	106 
1412	36 
1413	25 
1414	115 
1415	58 
1416	152 
1417	72 
1418	108 
1419	108 
1420	73 
1421	132 
1422	68 
1423	73 
1424	4 
1425	10 
1426	160 
1427	73 
1428	70 
1429	156 
1430	82 
1431	107 
1432	17 
1433	79 
1434	73 
1435	56 
1436	7 
1437	124 
1438	73 
1439	27 
1440	120 
1441	135 
1442	8 
1443	60 
1444	57 
1445	13 
1446	67 
1447	77 
1448	17 
1449	101 
1450	123 
1451	2 
1452	64 
1453	13 
1454	57 
1455	159 
1456	74 
1457	40 
1458	47 
1459	53 
1460	121 
1461	11 
1462	22 
1463	66 
1464	46 
1465	57 
1466	43 
1467	1 
1468	19 
1469	33 
1470	131 
1471	160 
1472	38 
1473	160 
1474	85 
1475	93 
1476	73 
1477	134 
1478	34 
1479	3 
1480	119 
1481	146 
1482	127 
1483	79 
1484	6 
1485	141 
1486	42 
1487	12 
1488	140 
1489	14 
1490	33 
1491	76 
1492	52 
1493	70 
1494	142 
1495	27 
1496	29 
1497	6 
1498	1 
1499	154 
1500	66 
1501	68 
1502	140 
1503	158 
1504	43 
1505	11 
1506	105 
1507	52 
1508	133 
1509	137 
1510	37 
1511	69 
1512	154 
1513	13 
1514	3 
1515	125 
1516	70 
1517	87 
1518	122 
1519	25 
1520	135 
1521	57 
1522	23 
1523	122 
1524	66 
1525	78 
1526	6 
1527	106 
1528	122 
1529	45 
1530	60 
1531	60 
1532	74 
1533	25 
1534	43 
1535	86 
1536	147 
1537	15 
1538	155 
1539	72 
1540	18 
1541	107 
1542	67 
1543	6 
1544	155 
1545	28 
1546	77 
1547	49 
1548	111 
1549	2 
1550	115 
1551	5 
1552	104 
1553	8 
1554	8 
1555	49 
1556	75 
1557	59 
1558	65 
1559	27 
1560	24 
1561	19 
1562	74 
1563	58 
1564	46 
1565	117 
1566	43 
1567	35 
1568	89 
1569	112 
1570	85 
1571	84 
1572	156 
1573	126 
1574	159 
1575	47 
1576	36 
1577	40 
1578	30 
1579	92 
1580	132 
1581	125 
1582	138 
1583	100 
1584	39 
1585	52 
1586	76 
1587	122 
1588	88 
1589	101 
1590	148 
1591	2 
1592	52 
1593	143 
1594	123 
1595	84 
1596	52 
1597	27 
1598	13 
1599	22 
1600	49 
1601	10 
1602	121 
1603	111 
1604	82 
1605	150 
1606	18 
1607	59 
1608	160 
1609	74 
1610	78 
1611	5 
1612	117 
1613	49 
1614	152 
1615	1 
1616	66 
1617	11 
1618	40 
1619	15 
1620	35 
1621	85 
1622	71 
1623	17 
1624	81 
1625	42 
1626	114 
1627	52 
1628	75 
1629	24 
1630	109 
1631	126 
1632	84 
1633	125 
1634	4 
1635	142 
1636	46 
1637	22 
1638	28 
1639	107 
1640	133 
1641	27 
1642	27 
1643	15 
1644	150 
1645	43 
1646	1 
1647	66 
1648	43 
1649	147 
1650	20 
1651	28 
1652	66 
1653	151 
1654	141 
1655	58 
1656	32 
1657	158 
1658	25 
1659	45 
1660	111 
1661	95 
1662	26 
1663	73 
1664	70 
1665	133 
1666	151 
1667	81 
1668	94 
1669	64 
1670	121 
1671	74 
1672	27 
1673	106 
1674	47 
1675	55 
1676	34 
1677	127 
1678	58 
1679	132 
1680	135 
1681	28 
1682	35 
1683	106 
1684	84 
1685	125 
1686	85 
1687	77 
1688	155 
1689	99 
1690	63 
1691	74 
1692	59 
1693	158 
1694	158 
1695	122 
1696	94 
1697	156 
1698	124 
1699	138 
1700	5 
1701	160 
1702	44 
1703	15 
1704	81 
1705	116 
1706	2 
1707	130 
1708	82 
1709	13 
1710	107 
1711	62 
1712	97 
1713	37 
1714	157 
1715	13 
1716	141 
1717	74 
1718	39 
1719	46 
1720	4 
1721	83 
1722	27 
1723	122 
1724	92 
1725	27 
1726	131 
1727	107 
1728	8 
1729	11 
1730	56 
1731	117 
1732	91 
1733	25 
1734	27 
1735	9 
1736	157 
1737	97 
1738	24 
1739	154 
1740	32 
1741	150 
1742	141 
1743	27 
1744	71 
1745	110 
1746	24 
1747	74 
1748	127 
1749	71 
1750	51 
1751	121 
1752	115 
1753	154 
1754	127 
1755	46 
1756	28 
1757	4 
1758	150 
1759	122 
1760	98 
1761	132 
1762	138 
1763	155 
1764	51 
1765	75 
1766	70 
1767	13 
1768	15 
1769	16 
1770	155 
1771	49 
1772	42 
1773	132 
1774	101 
1775	94 
1776	17 
1777	156 
1778	34 
1779	155 
1780	77 
1781	90 
1782	72 
1783	129 
1784	33 
1785	5 
1786	64 
1787	85 
1788	43 
1789	36 
1790	46 
1791	159 
1792	89 
1793	157 
1794	54 
1795	76 
1796	39 
1797	59 
1798	49 
1799	107 
1800	36 
1801	10 
1802	37 
1803	67 
1804	60 
1805	46 
1806	121 
1807	83 
1808	128 
1809	156 
1810	115 
1811	35 
1812	114 
1813	4 
1814	61 
1815	7 
1816	26 
1817	134 
1818	54 
1819	14 
1820	17 
1821	133 
1822	24 
1823	115 
1824	13 
1825	129 
1826	84 
1827	37 
1828	104 
1829	61 
1830	132 
1831	159 
1832	117 
1833	12 
1834	69 
1835	14 
1836	58 
1837	159 
1838	121 
1839	147 
1840	75 
1841	75 
1842	130 
1843	130 
1844	93 
1845	144 
1846	141 
1847	41 
1848	74 
1849	39 
1850	44 
1851	37 
1852	46 
1853	117 
1854	145 
1855	132 
1856	74 
1857	120 
1858	140 
1859	147 
1860	74 
1861	17 
1862	37 
1863	51 
1864	114 
1865	143 
1866	81 
1867	132 
1868	94 
1869	50 
1870	17 
1871	42 
1872	75 
1873	66 
1874	150 
1875	27 
1876	49 
1877	24 
1878	20 
1879	117 
1880	156 
1881	82 
1882	21 
1883	9 
1884	64 
1885	119 
1886	29 
1887	140 
1888	50 
1889	154 
1890	132 
1891	82 
1892	24 
1893	37 
1894	24 
1895	158 
1896	73 
1897	137 
1898	9 
1899	137 
1900	2 
1901	46 
1902	144 
1903	28 
1904	27 
1905	79 
1906	10 
1907	131 
1908	33 
1909	4 
1910	58 
1911	64 
1912	8 
1913	129 
1914	127 
1915	24 
1916	108 
1917	13 
1918	134 
1919	43 
1920	1 
1921	136 
1922	64 
1923	60 
1924	154 
1925	98 
1926	42 
1927	42 
1928	69 
1929	27 
1930	20 
1931	100 
1932	57 
1933	1 
1934	39 
1935	1 
1936	39 
1937	155 
1938	107 
1939	95 
1940	117 
1941	54 
1942	61 
1943	138 
1944	46 
1945	37 
1946	91 
1947	136 
1948	93 
1949	122 
1950	140 
1951	127 
1952	59 
1953	62 
1954	117 
1955	8 
1956	8 
1957	64 
1958	39 
1959	123 
1960	148 
1961	39 
1962	111 
1963	132 
1964	131 
1965	13 
1966	21 
1967	23 
1968	76 
1969	81 
1970	111 
1971	66 
1972	139 
1973	104 
1974	92 
1975	14 
1976	65 
1977	119 
1978	95 
1979	79 
1980	139 
1981	117 
1982	148 
1983	63 
1984	133 
1985	6 
1986	56 
1987	50 
1988	74 
1989	6 
1990	8 
1991	157 
1992	120 
1993	49 
1994	17 
1995	27 
1996	25 
1997	125 
1998	132 
1999	1 
2000	156 
2001	126 
2002	6 
2003	59 
2004	29 
2005	39 
2006	150 
2007	97 
2008	43 
2009	24 
2010	140 
2011	145 
2012	129 
2013	85 
2014	22 
2015	24 
2016	52 
2017	27 
2018	155 
2019	147 
2020	13 
2021	114 
2022	111 
2023	36 
2024	158 
2025	150 
2026	65 
2027	8 
2028	48 
2029	6 
2030	32 
2031	74 
2032	46 
2033	79 
2034	55 
2035	85 
2036	138 
2037	24 
2038	1 
2039	121 
2040	13 
2041	40 
2042	101 
2043	6 
2044	49 
2045	158 
2046	48 
2047	135 
2048	89 
2049	122 
2050	154 
2051	5 
2052	154 
2053	27 
2054	113 
2055	79 
2056	127 
2057	127 
2058	66 
2059	49 
2060	11 
2061	7 
2062	129 
2063	27 
2064	158 
2065	132 
2066	42 
2067	103 
2068	42 
2069	154 
2070	108 
2071	17 
2072	75 
2073	1 
2074	46 
2075	37 
2076	76 
2077	126 
2078	74 
2079	46 
2080	150 
2081	84 
2082	131 
2083	44 
2084	2 
2085	13 
2086	111 
2087	30 
2088	74 
2089	105 
2090	67 
2091	13 
2092	117 
2093	132 
2094	100 
2095	132 
2096	62 
2097	75 
2098	83 
2099	93 
2100	60 
2101	34 
2102	126 
2103	47 
2104	24 
2105	77 
2106	19 
2107	153 
2108	79 
2109	46 
2110	137 
2111	99 
2112	142 
2113	56 
2114	24 
2115	22 
2116	56 
2117	1 
2118	87 
2119	99 
2120	21 
2121	126 
2122	84 
2123	140 
2124	129 
2125	159 
2126	117 
2127	103 
2128	62 
2129	46 
2130	115 
2131	92 
2132	60 
2133	130 
2134	111 
2135	140 
2136	36 
2137	68 
2138	49 
2139	25 
2140	131 
2141	11 
2142	57 
2143	27 
2144	85 
2145	109 
2146	58 
2147	37 
2148	138 
2149	25 
2150	76 
2151	145 
2152	25 
2153	160 
2154	16 
2155	56 
2156	15 
2157	20 
2158	45 
2159	49 
2160	28 
2161	127 
2162	74 
2163	157 
2164	42 
2165	29 
2166	154 
2167	137 
2168	40 
2169	1 
2170	20 
2171	74 
2172	156 
2173	70 
2174	75 
2175	5 
2176	66 
2177	46 
2178	72 
2179	84 
2180	23 
2181	34 
2182	106 
2183	67 
2184	11 
2185	141 
2186	60 
2187	122 
2188	72 
2189	33 
2190	74 
2191	43 
2192	8 
2193	86 
2194	36 
2195	154 
2196	140 
2197	158 
2198	105 
2199	125 
2200	84 
2201	70 
2202	64 
2203	99 
2204	141 
2205	11 
2206	87 
2207	36 
2208	62 
2209	13 
2210	2 
2211	131 
2212	87 
2213	105 
2214	74 
2215	122 
2216	122 
2217	39 
2218	135 
2219	137 
2220	108 
2221	77 
2222	48 
2223	27 
2224	89 
2225	149 
2226	84 
2227	46 
2228	21 
2229	145 
2230	160 
2231	132 
2232	57 
2233	20 
2234	139 
2235	148 
2236	13 
2237	101 
2238	22 
2239	26 
2240	87 
2241	110 
2242	125 
2243	75 
2244	117 
2245	67 
2246	150 
2247	29 
2248	39 
2249	1 
2250	140 
2251	32 
2252	66 
2253	56 
2254	156 
2255	111 
2256	29 
2257	42 
2258	21 
2259	84 
2260	125 
2261	127 
2262	129 
2263	2 
2264	151 
2265	142 
2266	46 
2267	75 
2268	73 
2269	25 
2270	34 
2271	1 
2272	66 
2273	22 
2274	135 
2275	12 
2276	92 
2277	60 
2278	56 
2279	157 
2280	135 
2281	18 
2282	121 
2283	125 
2284	36 
2285	39 
2286	58 
2287	121 
2288	93 
2289	143 
2290	86 
2291	81 
2292	75 
2293	68 
2294	45 
2295	13 
2296	66 
2297	2 
2298	153 
2299	24 
2300	60 
2301	9 
2302	55 
2303	85 
2304	115 
2305	160 
2306	160 
2307	83 
2308	89 
2309	66 
2310	92 
2311	27 
2312	70 
2313	64 
2314	117 
2315	66 
2316	46 
2317	52 
2318	87 
2319	115 
2320	27 
2321	139 
2322	77 
2323	126 
2324	22 
2325	38 
2326	39 
2327	2 
2328	79 
2329	60 
2330	13 
2331	85 
2332	49 
2333	158 
2334	141 
2335	126 
2336	121 
2337	99 
2338	75 
2339	54 
2340	52 
2341	55 
2342	49 
2343	42 
2344	53 
2345	58 
2346	160 
2347	4 
2348	66 
2349	36 
2350	66 
2351	46 
2352	58 
2353	111 
2354	37 
2355	74 
2356	60 
2357	81 
2358	31 
2359	62 
2360	80 
2361	158 
2362	9 
2363	94 
2364	157 
2365	13 
2366	89 
2367	117 
2368	131 
2369	139 
2370	66 
2371	104 
2372	56 
2373	79 
2374	130 
2375	81 
2376	60 
2377	132 
2378	81 
2379	46 
2380	49 
2381	84 
2382	27 
2383	77 
2384	132 
2385	157 
2386	21 
2387	98 
2388	46 
2389	4 
2390	46 
2391	36 
2392	97 
2393	63 
2394	17 
2395	122 
2396	1 
2397	52 
2398	146 
2399	8 
2400	5 
2401	116 
2402	131 
2403	98 
2404	90 
2405	111 
2406	154 
2407	131 
2408	150 
2409	160 
2410	20 
2411	70 
2412	85 
2413	85 
2414	129 
2415	44 
2416	61 
2417	28 
2418	46 
2419	36 
2420	85 
2421	130 
2422	120 
2423	157 
2424	129 
2425	98 
2426	38 
2427	65 
2428	28 
2429	151 
2430	66 
2431	131 
2432	121 
2433	52 
2434	14 
2435	36 
2436	36 
2437	121 
2438	66 
2439	6 
2440	140 
2441	115 
2442	27 
2443	108 
2444	5 
2445	155 
2446	79 
2447	11 
2448	140 
2449	49 
2450	56 
2451	130 
2452	132 
2453	123 
2454	130 
2455	27 
2456	62 
2457	131 
2458	132 
2459	70 
2460	154 
2461	24 
2462	133 
2463	12 
2464	77 
2465	80 
2466	159 
2467	13 
2468	140 
2469	24 
2470	135 
2471	46 
2472	29 
2473	160 
2474	132 
2475	4 
2476	36 
2477	30 
2478	133 
2479	24 
2480	40 
2481	114 
2482	4 
2483	27 
2484	132 
2485	93 
2486	76 
2487	16 
2488	25 
2489	52 
2490	52 
2491	6 
2492	139 
2493	45 
2494	41 
2495	67 
2496	82 
2497	102 
2498	121 
2499	9 
2500	90 
2501	156 
2502	22 
2503	28 
2504	25 
2505	79 
2506	13 
2507	5 
2508	156 
2509	75 
2510	24 
2511	59 
2512	11 
2513	79 
2514	36 
2515	157 
2516	131 
2517	140 
2518	52 
2519	117 
2520	39 
2521	154 
2522	6 
2523	49 
2524	66 
2525	146 
2526	74 
2527	129 
2528	6 
2529	134 
2530	160 
2531	90 
2532	117 
2533	68 
2534	79 
2535	54 
2536	127 
2537	74 
2538	55 
2539	83 
2540	57 
2541	122 
2542	117 
2543	36 
2544	28 
2545	156 
2546	5 
2547	20 
2548	56 
2549	19 
2550	92 
2551	49 
2552	129 
2553	141 
2554	125 
2555	160 
2556	93 
2557	39 
2558	36 
2559	20 
2560	62 
2561	11 
2562	125 
2563	134 
2564	28 
2565	154 
2566	127 
2567	64 
2568	117 
2569	82 
2570	75 
2571	56 
2572	126 
2573	15 
2574	125 
2575	19 
2576	42 
2577	58 
2578	1 
2579	60 
2580	28 
2581	125 
2582	157 
2583	154 
2584	87 
2585	5 
2586	8 
2587	52 
2588	132 
2589	151 
2590	92 
2591	13 
2592	157 
2593	75 
2594	92 
2595	42 
2596	125 
2597	36 
2598	71 
2599	20 
2600	54 
2601	66 
2602	92 
2603	77 
2604	64 
2605	131 
2606	114 
2607	17 
2608	52 
2609	159 
2610	73 
2611	155 
2612	133 
2613	85 
2614	112 
2615	11 
2616	64 
2617	76 
2618	55 
2619	11 
2620	70 
2621	64 
2622	76 
2623	100 
2624	70 
2625	26 
2626	129 
2627	117 
2628	117 
2629	100 
2630	6 
2631	56 
2632	54 
2633	85 
2634	132 
2635	122 
2636	13 
2637	25 
2638	51 
2639	40 
2640	158 
2641	131 
2642	130 
2643	117 
2644	21 
2645	20 
2646	151 
2647	89 
2648	117 
2649	23 
2650	95 
2651	127 
2652	8 
2653	98 
2654	130 
2655	141 
2656	21 
2657	70 
2658	132 
2659	42 
2660	73 
2661	122 
2662	78 
2663	133 
2664	83 
2665	154 
2666	1 
2667	84 
2668	26 
2669	99 
2670	126 
2671	79 
2672	60 
2673	85 
2674	80 
2675	121 
2676	84 
2677	93 
2678	132 
2679	8 
2680	135 
2681	75 
2682	46 
2683	63 
2684	123 
2685	26 
2686	81 
2687	98 
2688	140 
2689	21 
2690	5 
2691	11 
2692	52 
2693	6 
2694	66 
2695	49 
2696	122 
2697	158 
2698	24 
2699	160 
2700	28 
2701	24 
2702	55 
2703	67 
2704	139 
2705	98 
2706	156 
2707	95 
2708	67 
2709	8 
2710	60 
2711	76 
2712	156 
2713	24 
2714	8 
2715	59 
2716	160 
2717	129 
2718	17 
2719	49 
2720	42 
2721	157 
2722	148 
2723	24 
2724	135 
2725	8 
2726	90 
2727	151 
2728	110 
2729	4 
2730	70 
2731	154 
2732	132 
2733	24 
2734	133 
2735	56 
2736	74 
2737	6 
2738	156 
2739	126 
2740	142 
2741	98 
2742	93 
2743	79 
2744	64 
2745	6 
2746	125 
2747	66 
2748	30 
2749	46 
2750	92 
2751	27 
2752	64 
2753	47 
2754	121 
2755	157 
2756	49 
2757	105 
2758	42 
2759	95 
2760	34 
2761	79 
2762	48 
2763	74 
2764	157 
2765	121 
2766	126 
2767	8 
2768	86 
2769	1 
2770	37 
2771	64 
2772	128 
2773	26 
2774	103 
2775	131 
2776	102 
2777	100 
2778	14 
2779	38 
2780	52 
2781	45 
2782	121 
2783	66 
2784	11 
2785	156 
2786	128 
2787	33 
2788	2 
2789	121 
2790	155 
2791	151 
2792	16 
2793	121 
2794	84 
2795	129 
2796	43 
2797	1 
2798	107 
2799	85 
2800	99 
2801	64 
2802	27 
2803	66 
2804	14 
2805	14 
2806	159 
2807	37 
2808	49 
2809	145 
2810	87 
2811	17 
2812	60 
2813	1 
2814	115 
2815	84 
2816	84 
2817	56 
2818	13 
2819	130 
2820	29 
2821	68 
2822	79 
2823	68 
2824	121 
2825	3 
2826	84 
2827	33 
2828	17 
2829	115 
2830	68 
2831	95 
2832	149 
2833	141 
2834	75 
2835	130 
2836	45 
2837	80 
2838	154 
2839	92 
2840	8 
2841	70 
2842	82 
2843	151 
2844	159 
2845	88 
2846	135 
2847	70 
2848	24 
2849	46 
2850	58 
2851	8 
2852	37 
2853	13 
2854	49 
2855	48 
2856	154 
2857	67 
2858	58 
2859	119 
2860	21 
2861	97 
2862	70 
2863	39 
2864	52 
2865	11 
2866	36 
2867	28 
2868	105 
2869	74 
2870	141 
2871	6 
2872	64 
2873	70 
2874	57 
2875	13 
2876	98 
2877	105 
2878	140 
2879	139 
2880	20 
2881	134 
2882	90 
2883	1 
2884	97 
2885	123 
2886	87 
2887	87 
2888	111 
2889	33 
2890	132 
2891	138 
2892	28 
2893	127 
2894	43 
2895	15 
2896	138 
2897	47 
2898	92 
2899	154 
2900	27 
2901	132 
2902	112 
2903	46 
2904	85 
2905	30 
2906	41 
2907	122 
2908	127 
2909	27 
2910	75 
2911	140 
2912	36 
2913	36 
2914	66 
2915	121 
2916	68 
2917	60 
2918	114 
2919	48 
2920	60 
2921	68 
2922	145 
2923	121 
2924	20 
2925	122 
2926	77 
2927	158 
2928	67 
2929	160 
2930	154 
2931	74 
2932	4 
2933	109 
2934	30 
2935	105 
2936	82 
2937	158 
2938	157 
2939	79 
2940	160 
2941	1 
2942	63 
2943	42 
2944	141 
2945	72 
2946	66 
2947	28 
2948	64 
2949	138 
2950	84 
2951	25 
2952	22 
2953	117 
2954	157 
2955	121 
2956	77 
2957	70 
2958	58 
2959	154 
2960	64 
2961	58 
2962	84 
2963	154 
2964	156 
2965	111 
2966	130 
2967	60 
2968	151 
2969	87 
2970	27 
2971	126 
2972	22 
2973	154 
2974	20 
2975	133 
2976	27 
2977	135 
2978	93 
2979	74 
2980	94 
2981	121 
2982	33 
2983	66 
2984	24 
2985	24 
2986	27 
2987	23 
2988	135 
2989	5 
2990	56 
2991	11 
2992	25 
2993	8 
2994	76 
2995	1 
2996	89 
2997	97 
2998	40 
2999	149 
3000	100 
3001	141 
3002	129 
3003	6 
3004	155 
3005	129 
3006	141 
3007	39 
3008	138 
3009	46 
3010	59 
3011	31 
3012	24 
3013	77 
3014	13 
3015	75 
3016	149 
3017	64 
3018	20 
3019	137 
3020	84 
3021	64 
3022	27 
3023	14 
3024	69 
3025	39 
3026	52 
3027	60 
3028	60 
3029	36 
3030	8 
3031	6 
3032	49 
3033	1 
3034	18 
3035	11 
3036	49 
3037	141 
3038	125 
3039	68 
3040	134 
3041	106 
3042	37 
3043	49 
3044	156 
3045	9 
3046	9 
3047	9 
3048	155 
3049	65 
3050	88 
3051	39 
3052	134 
3053	55 
3054	6 
3055	141 
3056	156 
3057	134 
3058	51 
3059	58 
3060	1 
3061	138 
3062	11 
3063	105 
3064	72 
3065	49 
3066	11 
3067	76 
3068	129 
3069	160 
3070	129 
3071	22 
3072	93 
3073	120 
3074	75 
3075	126 
3076	115 
3077	67 
3078	11 
3079	76 
3080	6 
3081	28 
3082	33 
3083	5 
3084	78 
3085	135 
3086	98 
3087	129 
3088	4 
3089	135 
3090	84 
3091	107 
3092	140 
3093	66 
3094	93 
3095	43 
3096	134 
3097	17 
3098	79 
3099	22 
3100	49 
3101	157 
3102	114 
3103	43 
3104	92 
3105	160 
3106	69 
3107	135 
3108	154 
3109	67 
3110	56 
3111	46 
3112	17 
3113	13 
3114	15 
3115	36 
3116	127 
3117	75 
3118	42 
3119	74 
3120	105 
3121	27 
3122	113 
3123	135 
3124	132 
3125	28 
3126	74 
3127	125 
3128	36 
3129	22 
3130	46 
3131	56 
3132	70 
3133	67 
3134	82 
3135	158 
3136	122 
3137	5 
3138	35 
3139	60 
3140	143 
3141	1 
3142	157 
3143	37 
3144	75 
3145	92 
3146	135 
3147	120 
3148	97 
3149	36 
3150	132 
3151	60 
3152	99 
3153	158 
3154	157 
3155	132 
3156	112 
3157	92 
3158	131 
3159	146 
3160	155 
3161	74 
3162	127 
3163	22 
3164	54 
3165	39 
3166	60 
3167	70 
3168	27 
3169	121 
3170	13 
3171	115 
3172	125 
3173	31 
3174	154 
3175	116 
3176	25 
3177	113 
3178	5 
3179	113 
3180	142 
3181	44 
3182	158 
3183	24 
3184	6 
3185	157 
3186	122 
3187	56 
3188	114 
3189	157 
3190	110 
3191	1 
3192	85 
3193	119 
3194	57 
3195	17 
3196	140 
3197	143 
3198	150 
3199	24 
3200	19 
3201	150 
3202	132 
3203	40 
3204	6 
3205	127 
3206	69 
3207	31 
3208	88 
3209	52 
3210	93 
3211	33 
3212	135 
3213	11 
3214	145 
3215	135 
3216	87 
3217	47 
3218	25 
3219	40 
3220	7 
3221	8 
3222	158 
3223	13 
3224	49 
3225	36 
3226	24 
3227	81 
3228	89 
3229	117 
3230	60 
3231	3 
3232	117 
3233	4 
3234	7 
3235	31 
3236	120 
3237	72 
3238	2 
3239	77 
3240	146 
3241	84 
3242	66 
3243	97 
3244	14 
3245	129 
3246	34 
3247	12 
3248	12 
3249	66 
3250	72 
3251	25 
3252	158 
3253	160 
3254	12 
3255	10 
3256	29 
3257	27 
3258	60 
3259	52 
3260	133 
3261	151 
3262	141 
3263	46 
3264	117 
3265	160 
3266	140 
3267	36 
3268	26 
3269	135 
3270	105 
3271	107 
3272	19 
3273	95 
3274	112 
3275	64 
3276	122 
3277	121 
3278	156 
3279	114 
3280	47 
3281	115 
3282	46 
3283	42 
3284	82 
3285	40 
3286	3 
3287	60 
3288	75 
3289	79 
3290	121 
3291	52 
3292	131 
3293	3 
3294	21 
3295	125 
3296	158 
3297	129 
3298	157 
3299	48 
3300	94 
3301	62 
3302	25 
3303	11 
3304	2 
3305	14 
3306	25 
3307	48 
3308	46 
3309	24 
3310	7 
3311	132 
3312	138 
3313	73 
3314	115 
3315	135 
3316	86 
3317	155 
3318	5 
3319	120 
3320	60 
3321	11 
3322	102 
3323	88 
3324	70 
3325	24 
3326	13 
3327	140 
3328	150 
3329	129 
3330	129 
3331	37 
3332	114 
3333	3 
3334	89 
3335	76 
3336	105 
3337	141 
3338	89 
3339	36 
3340	79 
3341	150 
3342	148 
3343	117 
3344	103 
3345	122 
3346	59 
3347	57 
3348	157 
3349	115 
3350	14 
3351	42 
3352	54 
3353	60 
3354	154 
3355	76 
3356	104 
3357	146 
3358	75 
3359	137 
3360	79 
3361	19 
3362	66 
3363	107 
3364	3 
3365	137 
3366	24 
3367	24 
3368	137 
3369	11 
3370	160 
3371	138 
3372	105 
3373	74 
3374	132 
3375	90 
3376	154 
3377	74 
3378	25 
3379	121 
3380	144 
3381	76 
3382	13 
3383	160 
3384	95 
3385	137 
3386	144 
3387	30 
3388	125 
3389	28 
3390	20 
3391	20 
3392	13 
3393	77 
3394	70 
3395	9 
3396	107 
3397	59 
3398	129 
3399	52 
3400	87 
3401	7 
3402	6 
3403	81 
3404	40 
3405	154 
3406	75 
3407	76 
3408	120 
3409	135 
3410	85 
3411	21 
3412	72 
3413	145 
3414	154 
3415	5 
3416	95 
3417	92 
3418	27 
3419	84 
3420	13 
3421	100 
3422	140 
3423	6 
3424	17 
3425	89 
3426	41 
3427	132 
3428	66 
3429	66 
3430	133 
3431	155 
3432	9 
3433	66 
3434	2 
3435	92 
3436	93 
3437	85 
3438	52 
3439	66 
3440	154 
3441	60 
3442	154 
3443	134 
3444	133 
3445	84 
3446	24 
3447	74 
3448	43 
3449	117 
3450	3 
3451	99 
3452	156 
3453	64 
3454	78 
3455	39 
3456	93 
3457	127 
3458	79 
3459	140 
3460	104 
3461	121 
3462	117 
3463	52 
3464	8 
3465	2 
3466	140 
3467	93 
3468	74 
3469	60 
3470	135 
3471	3 
3472	133 
3473	154 
3474	105 
3475	52 
3476	22 
3477	74 
3478	129 
3479	52 
3480	70 
3481	37 
3482	105 
3483	102 
3484	129 
3485	43 
3486	26 
3487	80 
3488	139 
3489	140 
3490	8 
3491	27 
3492	21 
3493	74 
3494	54 
3495	126 
3496	64 
3497	84 
3498	19 
3499	126 
3500	97 
3501	154 
3502	122 
3503	28 
3504	126 
3505	3 
3506	28 
3507	90 
3508	66 
3509	49 
3510	102 
3511	2 
3512	84 
3513	141 
3514	121 
3515	66 
3516	64 
3517	46 
3518	129 
3519	57 
3520	3 
3521	143 
3522	72 
3523	56 
3524	17 
3525	74 
3526	97 
3527	103 
3528	132 
3529	115 
3530	4 
3531	122 
3532	126 
3533	52 
3534	88 
3535	134 
3536	30 
3537	79 
3538	8 
3539	24 
3540	150 
3541	66 
3542	71 
3543	2 
3544	60 
3545	117 
3546	131 
3547	76 
3548	143 
3549	156 
3550	141 
3551	1 
3552	13 
3553	49 
3554	115 
3555	11 
3556	95 
3557	66 
3558	60 
3559	49 
3560	27 
3561	8 
3562	24 
3563	38 
3564	104 
3565	9 
3566	79 
3567	81 
3568	64 
3569	66 
3570	92 
3571	104 
3572	43 
3573	66 
3574	35 
3575	29 
3576	85 
3577	30 
3578	115 
3579	154 
3580	42 
3581	125 
3582	22 
3583	13 
3584	92 
3585	95 
3586	2 
3587	46 
3588	46 
3589	38 
3590	160 
3591	134 
3592	65 
3593	1 
3594	70 
3595	73 
3596	117 
3597	148 
3598	86 
3599	158 
3600	47 
3601	76 
3602	117 
3603	105 
3604	135 
3605	64 
3606	1 
3607	42 
3608	148 
3609	88 
3610	26 
3611	85 
3612	77 
3613	56 
3614	150 
3615	2 
3616	97 
3617	146 
3618	70 
3619	39 
3620	126 
3621	155 
3622	63 
3623	27 
3624	129 
3625	20 
3626	95 
3627	140 
3628	17 
3629	46 
3630	154 
3631	129 
3632	117 
3633	160 
3634	60 
3635	154 
3636	154 
3637	89 
3638	125 
3639	122 
3640	64 
3641	76 
3642	24 
3643	113 
3644	64 
3645	35 
3646	76 
3647	30 
3648	43 
3649	14 
3650	154 
3651	139 
3652	43 
3653	117 
3654	132 
3655	27 
3656	66 
3657	126 
3658	33 
3659	41 
3660	158 
3661	97 
3662	45 
3663	64 
3664	93 
3665	64 
3666	63 
3667	40 
3668	17 
3669	52 
3670	75 
3671	71 
3672	131 
3673	72 
3674	132 
3675	74 
3676	67 
3677	70 
3678	74 
3679	115 
3680	49 
3681	75 
3682	154 
3683	135 
3684	95 
3685	125 
3686	17 
3687	155 
3688	158 
3689	135 
3690	36 
3691	122 
3692	13 
3693	8 
3694	68 
3695	17 
3696	73 
3697	154 
3698	27 
3699	85 
3700	143 
3701	95 
3702	4 
3703	42 
3704	141 
3705	24 
3706	156 
3707	111 
3708	140 
3709	135 
3710	44 
3711	8 
3712	129 
3713	43 
3714	126 
3715	89 
3716	97 
3717	125 
3718	68 
3719	130 
3720	93 
3721	25 
3722	154 
3723	1 
3724	159 
3725	127 
3726	142 
3727	8 
3728	122 
3729	132 
3730	60 
3731	97 
3732	85 
3733	155 
3734	51 
3735	157 
3736	24 
3737	129 
3738	66 
3739	59 
3740	125 
3741	92 
3742	37 
3743	154 
3744	60 
3745	31 
3746	146 
3747	73 
3748	22 
3749	105 
3750	27 
3751	45 
3752	139 
3753	93 
3754	132 
3755	146 
3756	121 
3757	54 
3758	156 
3759	8 
3760	25 
3761	154 
3762	20 
3763	36 
3764	28 
3765	60 
3766	158 
3767	39 
3768	57 
3769	131 
3770	108 
3771	39 
3772	95 
3773	74 
3774	5 
3775	140 
3776	64 
3777	39 
3778	157 
3779	59 
3780	52 
3781	46 
3782	2 
3783	76 
3784	68 
3785	35 
3786	4 
3787	72 
3788	52 
3789	107 
3790	36 
3791	117 
3792	129 
3793	36 
3794	2 
3795	131 
3796	154 
3797	58 
3798	131 
3799	125 
3800	42 
3801	57 
3802	145 
3803	74 
3804	66 
3805	72 
3806	37 
3807	27 
3808	85 
3809	115 
3810	1 
3811	82 
3812	46 
3813	14 
3814	141 
3815	60 
3816	129 
3817	27 
3818	13 
3819	135 
3820	74 
3821	42 
3822	142 
3823	156 
3824	2 
3825	158 
3826	49 
3827	30 
3828	117 
3829	39 
3830	84 
3831	140 
3832	84 
3833	160 
3834	89 
3835	30 
3836	49 
3837	112 
3838	86 
3839	31 
3840	28 
3841	137 
3842	81 
3843	74 
3844	125 
3845	135 
3846	85 
3847	13 
3848	138 
3849	151 
3850	76 
3851	46 
3852	7 
3853	28 
3854	75 
3855	119 
3856	6 
3857	9 
3858	70 
3859	24 
3860	40 
3861	125 
3862	59 
3863	160 
3864	36 
3865	46 
3866	18 
3867	158 
3868	75 
3869	46 
3870	70 
3871	74 
3872	126 
3873	66 
3874	97 
3875	81 
3876	80 
3877	39 
3878	39 
3879	114 
3880	27 
3881	121 
3882	39 
3883	117 
3884	60 
3885	154 
3886	24 
3887	126 
3888	40 
3889	156 
3890	57 
3891	2 
3892	122 
3893	52 
3894	125 
3895	74 
3896	17 
3897	122 
3898	156 
3899	27 
3900	64 
3901	132 
3902	67 
3903	62 
3904	13 
3905	82 
3906	140 
3907	17 
3908	74 
3909	93 
3910	150 
3911	24 
3912	85 
3913	82 
3914	122 
3915	22 
3916	115 
3917	93 
3918	52 
3919	21 
3920	57 
3921	25 
3922	82 
3923	36 
3924	76 
3925	121 
3926	75 
3927	36 
3928	72 
3929	27 
3930	50 
3931	156 
3932	64 
3933	58 
3934	46 
3935	66 
3936	72 
3937	13 
3938	41 
3939	129 
3940	8 
3941	81 
3942	30 
3943	42 
3944	132 
3945	132 
3946	64 
3947	6 
3948	26 
3949	79 
3950	22 
3951	79 
3952	126 
3953	77 
3954	22 
3955	154 
3956	11 
3957	119 
3958	17 
3959	13 
3960	130 
3961	86 
3962	122 
3963	134 
3964	121 
3965	77 
3966	40 
3967	79 
3968	117 
3969	159 
3970	5 
3971	70 
3972	137 
3973	117 
3974	47 
3975	5 
3976	140 
3977	159 
3978	42 
3979	19 
3980	134 
3981	103 
3982	75 
3983	112 
3984	95 
3985	8 
3986	131 
3987	121 
3988	79 
3989	39 
3990	154 
3991	121 
3992	22 
3993	122 
3994	77 
3995	100 
3996	130 
3997	27 
3998	133 
3999	46 
4000	24 
4001	95 
4002	27 
4003	122 
4004	1 
4005	99 
4006	97 
4007	117 
4008	13 
4009	129 
4010	52 
4011	24 
4012	75 
4013	151 
4014	117 
4015	121 
4016	88 
4017	104 
4018	125 
4019	105 
4020	66 
4021	84 
4022	79 
4023	17 
4024	68 
4025	66 
4026	22 
4027	1 
4028	78 
4029	40 
4030	1 
4031	156 
4032	140 
4033	158 
4034	121 
4035	155 
4036	125 
4037	5 
4038	49 
4039	74 
4040	13 
4041	27 
4042	115 
4043	139 
4044	137 
4045	29 
4046	117 
4047	49 
4048	129 
4049	146 
4050	73 
4051	18 
4052	9 
4053	60 
4054	24 
4055	112 
4056	115 
4057	89 
4058	131 
4059	6 
4060	77 
4061	135 
4062	57 
4063	12 
4064	90 
4065	46 
4066	13 
4067	58 
4068	92 
4069	28 
4070	121 
4071	127 
4072	158 
4073	70 
4074	127 
4075	138 
4076	86 
4077	59 
4078	125 
4079	77 
4080	121 
4081	131 
4082	13 
4083	138 
4084	148 
4085	126 
4086	133 
4087	20 
4088	158 
4089	24 
4090	65 
4091	138 
4092	156 
4093	115 
4094	89 
4095	58 
4096	95 
4097	29 
4098	66 
4099	132 
4100	148 
4101	75 
4102	58 
4103	159 
4104	38 
4105	65 
4106	46 
4107	103 
4108	97 
4109	159 
4110	52 
4111	25 
4112	15 
4113	76 
4114	30 
4115	51 
4116	57 
4117	67 
4118	60 
4119	154 
4120	36 
4121	158 
4122	1 
4123	6 
4124	158 
4125	142 
4126	126 
4127	6 
4128	111 
4129	30 
4130	138 
4131	86 
4132	64 
4133	93 
4134	42 
4135	87 
4136	84 
4137	64 
4138	107 
4139	52 
4140	59 
4141	2 
4142	34 
4143	66 
4144	117 
4145	27 
4146	27 
4147	27 
4148	36 
4149	71 
4150	24 
4151	84 
4152	112 
4153	13 
4154	111 
4155	39 
4156	135 
4157	19 
4158	86 
4159	52 
4160	73 
4161	52 
4162	66 
4163	70 
4164	43 
4165	13 
4166	58 
4167	40 
4168	34 
4169	98 
4170	6 
4171	66 
4172	14 
4173	151 
4174	100 
4175	122 
4176	160 
4177	80 
4178	122 
4179	122 
4180	75 
4181	93 
4182	104 
4183	115 
4184	103 
4185	20 
4186	155 
4187	74 
4188	58 
4189	64 
4190	39 
4191	103 
4192	115 
4193	52 
4194	4 
4195	105 
4196	140 
4197	135 
4198	132 
4199	9 
4200	26 
4201	57 
4202	82 
4203	135 
4204	97 
4205	14 
4206	155 
4207	70 
4208	1 
4209	13 
4210	73 
4211	28 
4212	126 
4213	28 
4214	76 
4215	60 
4216	79 
4217	140 
4218	131 
4219	68 
4220	8 
4221	84 
4222	80 
4223	13 
4224	154 
4225	79 
4226	145 
4227	6 
4228	25 
4229	146 
4230	140 
4231	54 
4232	3 
4233	24 
4234	120 
4235	154 
4236	134 
4237	131 
4238	76 
4239	154 
4240	36 
4241	2 
4242	85 
4243	135 
4244	69 
4245	126 
4246	11 
4247	92 
4248	129 
4249	29 
4250	62 
4251	6 
4252	127 
4253	79 
4254	160 
4255	131 
4256	135 
4257	151 
4258	85 
4259	132 
4260	138 
4261	25 
4262	160 
4263	142 
4264	26 
4265	33 
4266	117 
4267	89 
4268	95 
4269	154 
4270	1 
4271	112 
4272	37 
4273	108 
4274	24 
4275	140 
4276	88 
4277	42 
4278	105 
4279	150 
4280	141 
4281	132 
4282	117 
4283	156 
4284	39 
4285	97 
4286	119 
4287	129 
4288	159 
4289	2 
4290	22 
4291	106 
4292	84 
4293	14 
4294	151 
4295	146 
4296	158 
4297	142 
4298	150 
4299	160 
4300	132 
4301	132 
4302	158 
4303	114 
4304	8 
4305	74 
4306	89 
4307	6 
4308	41 
4309	5 
4310	159 
4311	17 
4312	100 
4313	27 
4314	36 
4315	84 
4316	59 
4317	66 
4318	69 
4319	156 
4320	76 
4321	75 
4322	37 
4323	77 
4324	79 
4325	132 
4326	138 
4327	64 
4328	117 
4329	4 
4330	89 
4331	68 
4332	154 
4333	134 
4334	127 
4335	27 
4336	154 
4337	108 
4338	70 
4339	4 
4340	28 
4341	92 
4342	115 
4343	31 
4344	154 
4345	87 
4346	25 
4347	46 
4348	88 
4349	49 
4350	56 
4351	132 
4352	81 
4353	64 
4354	27 
4355	79 
4356	138 
4357	85 
4358	121 
4359	126 
4360	135 
4361	62 
4362	8 
4363	131 
4364	156 
4365	76 
4366	5 
4367	68 
4368	115 
4369	65 
4370	71 
4371	67 
4372	52 
4373	95 
4374	40 
4375	151 
4376	121 
4377	158 
4378	85 
4379	75 
4380	130 
4381	76 
4382	158 
4383	67 
4384	141 
4385	129 
4386	105 
4387	6 
4388	87 
4389	92 
4390	94 
4391	66 
4392	84 
4393	125 
4394	84 
4395	41 
4396	81 
4397	46 
4398	39 
4399	107 
4400	39 
4401	151 
4402	155 
4403	85 
4404	100 
4405	43 
4406	49 
4407	33 
4408	11 
4409	65 
4410	117 
4411	54 
4412	89 
4413	21 
4414	117 
4415	64 
4416	39 
4417	42 
4418	31 
4419	42 
4420	25 
4421	148 
4422	88 
4423	62 
4424	24 
4425	148 
4426	25 
4427	86 
4428	127 
4429	22 
4430	56 
4431	9 
4432	85 
4433	93 
4434	94 
4435	37 
4436	37 
4437	132 
4438	43 
4439	138 
4440	14 
4441	140 
4442	39 
4443	74 
4444	13 
4445	85 
4446	27 
4447	97 
4448	8 
4449	155 
4450	92 
4451	76 
4452	30 
4453	49 
4454	17 
4455	46 
4456	30 
4457	77 
4458	2 
4459	4 
4460	117 
4461	79 
4462	36 
4463	28 
4464	70 
4465	158 
4466	130 
4467	158 
4468	46 
4469	83 
4470	4 
4471	140 
4472	135 
4473	64 
4474	81 
4475	64 
4476	156 
4477	14 
4478	11 
4479	68 
4480	92 
4481	5 
4482	8 
4483	56 
4484	126 
4485	56 
4486	3 
4487	111 
4488	138 
4489	95 
4490	49 
4491	138 
4492	75 
4493	154 
4494	99 
4495	105 
4496	133 
4497	24 
4498	142 
4499	92 
4500	135 
4501	115 
4502	117 
4503	60 
4504	1 
4505	1 
4506	76 
4507	13 
4508	75 
4509	2 
4510	76 
4511	154 
4512	125 
4513	130 
4514	126 
4515	17 
4516	36 
4517	38 
4518	43 
4519	158 
4520	5 
4521	122 
4522	2 
4523	117 
4524	76 
4525	132 
4526	117 
4527	75 
4528	158 
4529	24 
4530	69 
4531	122 
4532	70 
4533	24 
4534	95 
4535	127 
4536	129 
4537	133 
4538	121 
4539	92 
4540	46 
4541	66 
4542	65 
4543	154 
4544	28 
4545	4 
4546	1 
4547	155 
4548	17 
4549	71 
4550	82 
4551	76 
4552	82 
4553	115 
4554	88 
4555	64 
4556	24 
4557	46 
4558	47 
4559	93 
4560	49 
4561	43 
4562	99 
4563	86 
4564	60 
4565	81 
4566	27 
4567	154 
4568	131 
4569	25 
4570	37 
4571	42 
4572	5 
4573	84 
4574	74 
4575	125 
4576	13 
4577	132 
4578	45 
4579	88 
4580	87 
4581	103 
4582	25 
4583	160 
4584	66 
4585	24 
4586	4 
4587	67 
4588	157 
4589	2 
4590	120 
4591	121 
4592	158 
4593	39 
4594	111 
4595	3 
4596	117 
4597	4 
4598	94 
4599	22 
4600	58 
4601	2 
4602	117 
4603	92 
4604	8 
4605	125 
4606	39 
4607	34 
4608	151 
4609	150 
4610	67 
4611	56 
4612	57 
4613	115 
4614	140 
4615	30 
4616	158 
4617	37 
4618	134 
4619	34 
4620	70 
4621	151 
4622	104 
4623	8 
4624	73 
4625	57 
4626	140 
4627	27 
4628	123 
4629	75 
4630	95 
4631	28 
4632	129 
4633	67 
4634	30 
4635	27 
4636	43 
4637	154 
4638	156 
4639	81 
4640	115 
4641	84 
4642	85 
4643	100 
4644	125 
4645	85 
4646	88 
4647	125 
4648	56 
4649	79 
4650	77 
4651	40 
4652	27 
4653	158 
4654	84 
4655	154 
4656	89 
4657	29 
4658	87 
4659	115 
4660	85 
4661	121 
4662	83 
4663	22 
4664	77 
4665	89 
4666	93 
4667	122 
4668	2 
4669	75 
4670	64 
4671	74 
4672	127 
4673	88 
4674	121 
4675	140 
4676	5 
4677	86 
4678	62 
4679	8 
4680	131 
4681	60 
4682	93 
4683	111 
4684	60 
4685	64 
4686	67 
4687	131 
4688	138 
4689	76 
4690	1 
4691	89 
4692	156 
4693	125 
4694	74 
4695	117 
4696	25 
4697	52 
4698	145 
4699	47 
4700	46 
4701	1 
4702	5 
4703	122 
4704	11 
4705	50 
4706	93 
4707	160 
4708	69 
4709	82 
4710	117 
4711	60 
4712	111 
4713	74 
4714	134 
4715	76 
4716	15 
4717	129 
4718	72 
4719	66 
4720	50 
4721	74 
4722	17 
4723	39 
4724	24 
4725	58 
4726	148 
4727	70 
4728	92 
4729	64 
4730	1 
4731	84 
4732	76 
4733	74 
4734	30 
4735	79 
4736	133 
4737	6 
4738	86 
4739	127 
4740	79 
4741	70 
4742	131 
4743	75 
4744	158 
4745	76 
4746	4 
4747	74 
4748	117 
4749	11 
4750	90 
4751	24 
4752	72 
4753	42 
4754	123 
4755	17 
4756	20 
4757	155 
4758	131 
4759	80 
4760	60 
4761	6 
4762	87 
4763	27 
4764	159 
4765	72 
4766	70 
4767	76 
4768	36 
4769	131 
4770	66 
4771	104 
4772	13 
4773	39 
4774	24 
4775	74 
4776	66 
4777	74 
4778	114 
4779	22 
4780	19 
4781	50 
4782	6 
4783	64 
4784	74 
4785	115 
4786	87 
4787	26 
4788	33 
4789	155 
4790	31 
4791	154 
4792	74 
4793	84 
4794	105 
4795	66 
4796	73 
4797	125 
4798	36 
4799	130 
4800	68 
4801	122 
4802	22 
4803	107 
4804	62 
4805	20 
4806	125 
4807	79 
4808	30 
4809	146 
4810	70 
4811	87 
4812	121 
4813	90 
4814	46 
4815	34 
4816	66 
4817	94 
4818	27 
4819	132 
4820	105 
4821	157 
4822	132 
4823	3 
4824	121 
4825	87 
4826	79 
4827	97 
4828	42 
4829	49 
4830	132 
4831	135 
4832	37 
4833	151 
4834	46 
4835	36 
4836	158 
4837	42 
4838	74 
4839	80 
4840	117 
4841	77 
4842	39 
4843	134 
4844	155 
4845	57 
4846	120 
4847	27 
4848	80 
4849	138 
4850	35 
4851	37 
4852	74 
4853	49 
4854	24 
4855	66 
4856	130 
4857	2 
4858	89 
4859	154 
4860	105 
4861	86 
4862	117 
4863	92 
4864	17 
4865	17 
4866	88 
4867	132 
4868	155 
4869	129 
4870	36 
4871	46 
4872	72 
4873	59 
4874	121 
4875	60 
4876	34 
4877	92 
4878	24 
4879	27 
4880	132 
4881	20 
4882	134 
4883	40 
4884	64 
4885	81 
4886	111 
4887	28 
4888	154 
4889	13 
4890	81 
4891	39 
4892	130 
4893	66 
4894	14 
4895	6 
4896	129 
4897	70 
4898	14 
4899	107 
4900	140 
4901	158 
4902	156 
4903	154 
4904	64 
4905	70 
4906	64 
4907	13 
4908	114 
4909	126 
4910	41 
4911	3 
4912	36 
4913	49 
4914	63 
4915	117 
4916	135 
4917	100 
4918	105 
4919	77 
4920	115 
4921	49 
4922	104 
4923	76 
4924	42 
4925	75 
4926	141 
4927	11 
4928	5 
4929	135 
4930	140 
4931	154 
4932	24 
4933	139 
4934	4 
4935	24 
4936	92 
4937	126 
4938	77 
4939	160 
4940	117 
4941	141 
4942	74 
4943	154 
4944	6 
4945	74 
4946	34 
4947	100 
4948	132 
4949	71 
4950	28 
4951	74 
4952	58 
4953	154 
4954	52 
4955	154 
4956	41 
4957	130 
4958	57 
4959	156 
4960	145 
4961	121 
4962	140 
4963	121 
4964	129 
4965	30 
4966	94 
4967	125 
4968	56 
4969	19 
4970	129 
4971	141 
4972	31 
4973	142 
4974	13 
4975	127 
4976	64 
4977	74 
4978	140 
4979	117 
4980	84 
4981	126 
4982	123 
4983	5 
4984	54 
4985	115 
4986	60 
4987	27 
4988	31 
4989	4 
4990	146 
4991	87 
4992	140 
4993	98 
4994	24 
4995	105 
4996	38 
4997	135 
4998	85 
4999	117 
5000	60 
5001	74 
5002	148 
5003	125 
5004	146 
5005	1 
5006	26 
5007	138 
5008	25 
5009	85 
5010	1 
5011	75 
5012	42 
5013	46 
5014	92 
5015	25 
5016	150 
5017	151 
5018	92 
5019	70 
5020	43 
5021	82 
5022	68 
5023	131 
5024	155 
5025	9 
5026	40 
5027	115 
5028	130 
5029	135 
5030	43 
5031	120 
5032	132 
5033	25 
5034	117 
5035	129 
5036	139 
5037	65 
5038	79 
5039	81 
5040	156 
5041	39 
5042	141 
5043	150 
5044	142 
5045	97 
5046	24 
5047	87 
5048	49 
5049	66 
5050	156 
5051	52 
5052	122 
5053	20 
5054	75 
5055	65 
5056	77 
5057	151 
5058	134 
5059	131 
5060	4 
5061	82 
5062	27 
5063	122 
5064	49 
5065	137 
5066	74 
5067	38 
5068	84 
5069	70 
5070	5 
5071	36 
5072	14 
5073	129 
5074	121 
5075	127 
5076	9 
5077	77 
5078	117 
5079	140 
5080	68 
5081	160 
5082	27 
5083	40 
5084	24 
5085	28 
5086	117 
5087	156 
5088	120 
5089	46 
5090	93 
5091	154 
5092	37 
5093	126 
5094	11 
5095	111 
5096	117 
5097	52 
5098	71 
5099	24 
5100	158 
5101	84 
5102	58 
5103	39 
5104	38 
5105	35 
5106	3 
5107	97 
5108	52 
5109	20 
5110	14 
5111	4 
5112	125 
5113	65 
5114	84 
5115	104 
5116	24 
5117	97 
5118	126 
5119	132 
5120	66 
5121	72 
5122	13 
5123	86 
5124	67 
5125	160 
5126	132 
5127	42 
5128	140 
5129	156 
5130	135 
5131	126 
5132	131 
5133	117 
5134	135 
5135	58 
5136	104 
5137	117 
5138	129 
5139	137 
5140	140 
5141	159 
5142	2 
5143	36 
5144	129 
5145	156 
5146	130 
5147	5 
5148	89 
5149	76 
5150	64 
5151	140 
5152	67 
5153	6 
5154	8 
5155	155 
5156	64 
5157	121 
5158	76 
5159	29 
5160	26 
5161	66 
5162	115 
5163	150 
5164	115 
5165	98 
5166	150 
5167	64 
5168	62 
5169	115 
5170	14 
5171	158 
5172	79 
5173	74 
5174	86 
5175	34 
5176	84 
5177	14 
5178	156 
5179	154 
5180	81 
5181	123 
5182	129 
5183	117 
5184	13 
5185	20 
5186	2 
5187	150 
5188	42 
5189	27 
5190	71 
5191	28 
5192	126 
5193	5 
5194	64 
5195	46 
5196	11 
5197	129 
5198	159 
5199	72 
5200	22 
5201	85 
5202	99 
5203	104 
5204	1 
5205	95 
5206	157 
5207	94 
5208	8 
5209	70 
5210	93 
5211	21 
5212	89 
5213	117 
5214	115 
5215	49 
5216	60 
5217	22 
5218	121 
5219	93 
5220	157 
5221	39 
5222	131 
5223	151 
5224	43 
5225	86 
5226	2 
5227	115 
5228	42 
5229	60 
5230	121 
5231	92 
5232	1 
5233	151 
5234	132 
5235	84 
5236	122 
5237	62 
5238	154 
5239	126 
5240	22 
5241	1 
5242	64 
5243	8 
5244	38 
5245	8 
5246	25 
5247	127 
5248	115 
5249	154 
5250	139 
5251	132 
5252	5 
5253	6 
5254	31 
5255	13 
5256	49 
5257	46 
5258	67 
5259	47 
5260	140 
5261	107 
5262	1 
5263	120 
5264	26 
5265	20 
5266	82 
5267	158 
5268	126 
5269	84 
5270	24 
5271	100 
5272	117 
5273	130 
5274	60 
5275	97 
5276	97 
5277	131 
5278	150 
5279	42 
5280	39 
5281	84 
5282	154 
5283	43 
5284	138 
5285	12 
5286	46 
5287	56 
5288	33 
5289	87 
5290	60 
5291	93 
5292	22 
5293	134 
5294	52 
5295	148 
5296	104 
5297	40 
5298	132 
5299	87 
5300	145 
5301	86 
5302	86 
5303	14 
5304	46 
5305	5 
5306	100 
5307	123 
5308	17 
5309	49 
5310	74 
5311	123 
5312	93 
5313	132 
5314	111 
5315	134 
5316	26 
5317	24 
5318	1 
5319	107 
5320	1 
5321	132 
5322	138 
5323	60 
5324	135 
5325	95 
5326	14 
5327	36 
5328	66 
5329	141 
5330	6 
5331	117 
5332	28 
5333	126 
5334	36 
5335	57 
5336	126 
5337	155 
5338	11 
5339	134 
5340	45 
5341	117 
5342	82 
5343	15 
5344	137 
5345	74 
5346	125 
5347	58 
5348	6 
5349	94 
5350	120 
5351	64 
5352	85 
5353	81 
5354	87 
5355	133 
5356	156 
5357	107 
5358	56 
5359	105 
5360	11 
5361	40 
5362	17 
5363	139 
5364	77 
5365	127 
5366	39 
5367	2 
5368	126 
5369	129 
5370	31 
5371	36 
5372	42 
5373	135 
5374	4 
5375	1 
5376	157 
5377	115 
5378	151 
5379	11 
5380	99 
5381	20 
5382	8 
5383	27 
5384	4 
5385	97 
5386	25 
5387	70 
5388	6 
5389	148 
5390	92 
5391	87 
5392	92 
5393	27 
5394	141 
5395	157 
5396	135 
5397	140 
5398	115 
5399	132 
5400	141 
5401	93 
5402	46 
5403	9 
5404	121 
5405	70 
5406	21 
5407	77 
5408	24 
5409	95 
5410	56 
5411	27 
5412	28 
5413	3 
5414	6 
5415	17 
5416	8 
5417	70 
5418	49 
5419	140 
5420	72 
5421	68 
5422	137 
5423	33 
5424	93 
5425	64 
5426	89 
5427	1 
5428	42 
5429	76 
5430	22 
5431	13 
5432	11 
5433	138 
5434	30 
5435	87 
5436	135 
5437	35 
5438	69 
5439	84 
5440	140 
5441	160 
5442	132 
5443	156 
5444	85 
5445	36 
5446	20 
5447	154 
5448	52 
5449	117 
5450	121 
5451	131 
5452	62 
5453	52 
5454	74 
5455	5 
5456	6 
5457	98 
5458	72 
5459	131 
5460	62 
5461	81 
5462	79 
5463	115 
5464	81 
5465	17 
5466	13 
5467	27 
5468	140 
5469	46 
5470	11 
5471	5 
5472	36 
5473	5 
5474	132 
5475	20 
5476	38 
5477	154 
5478	56 
5479	77 
5480	150 
5481	27 
5482	75 
5483	100 
5484	66 
5485	135 
5486	129 
5487	84 
5488	139 
5489	27 
5490	46 
5491	120 
5492	4 
5493	70 
5494	127 
5495	5 
5496	66 
5497	49 
5498	46 
5499	126 
5500	30 
5501	6 
5502	15 
5503	154 
5504	1 
5505	33 
5506	126 
5507	49 
5508	33 
5509	33 
5510	120 
5511	28 
5512	81 
5513	76 
5514	64 
5515	121 
5516	28 
5517	129 
5518	131 
5519	49 
5520	85 
5521	24 
5522	126 
5523	74 
5524	148 
5525	71 
5526	117 
5527	77 
5528	1 
5529	111 
5530	6 
5531	135 
5532	140 
5533	157 
5534	97 
5535	97 
5536	62 
5537	156 
5538	39 
5539	155 
5540	75 
5541	14 
5542	84 
5543	66 
5544	64 
5545	67 
5546	27 
5547	150 
5548	121 
5549	15 
5550	22 
5551	68 
5552	129 
5553	19 
5554	52 
5555	24 
5556	70 
5557	140 
5558	157 
5559	36 
5560	73 
5561	1 
5562	27 
5563	140 
5564	111 
5565	142 
5566	13 
5567	70 
5568	154 
5569	22 
5570	115 
5571	46 
5572	84 
5573	122 
5574	70 
5575	28 
5576	120 
5577	93 
5578	58 
5579	64 
5580	129 
5581	95 
5582	59 
5583	30 
5584	160 
5585	34 
5586	37 
5587	6 
5588	26 
5589	8 
5590	14 
5591	60 
5592	111 
5593	129 
5594	154 
5595	67 
5596	70 
5597	40 
5598	89 
5599	157 
5600	4 
5601	66 
5602	20 
5603	84 
5604	29 
5605	11 
5606	27 
5607	134 
5608	131 
5609	160 
5610	1 
5611	40 
5612	40 
5613	135 
5614	121 
5615	92 
5616	43 
5617	2 
5618	115 
5619	159 
5620	52 
5621	42 
5622	104 
5623	117 
5624	151 
5625	33 
5626	154 
5627	93 
5628	5 
5629	13 
5630	120 
5631	138 
5632	64 
5633	79 
5634	84 
5635	93 
5636	126 
5637	65 
5638	150 
5639	13 
5640	52 
5641	132 
5642	36 
5643	58 
5644	70 
5645	4 
5646	9 
5647	70 
5648	70 
5649	142 
5650	17 
5651	75 
5652	121 
5653	155 
5654	38 
5655	140 
5656	70 
5657	28 
5658	66 
5659	49 
5660	89 
5661	74 
5662	14 
5663	107 
5664	24 
5665	28 
5666	14 
5667	100 
5668	160 
5669	1 
5670	154 
5671	85 
5672	122 
5673	74 
5674	160 
5675	3 
5676	132 
5677	92 
5678	66 
5679	66 
5680	3 
5681	148 
5682	127 
5683	104 
5684	88 
5685	85 
5686	66 
5687	56 
5688	85 
5689	70 
5690	36 
5691	68 
5692	111 
5693	27 
5694	13 
5695	117 
5696	154 
5697	104 
5698	126 
5699	43 
5700	2 
5701	66 
5702	97 
5703	27 
5704	64 
5705	85 
5706	73 
5707	100 
5708	29 
5709	99 
5710	33 
5711	37 
5712	52 
5713	1 
5714	131 
5715	131 
5716	95 
5717	156 
5718	67 
5719	89 
5720	142 
5721	155 
5722	20 
5723	132 
5724	73 
5725	127 
5726	72 
5727	127 
5728	74 
5729	154 
5730	107 
5731	125 
5732	74 
5733	92 
5734	49 
5735	117 
5736	67 
5737	62 
5738	68 
5739	27 
5740	72 
5741	92 
5742	74 
5743	100 
5744	135 
5745	140 
5746	20 
5747	17 
5748	140 
5749	52 
5750	6 
5751	34 
5752	154 
5753	127 
5754	56 
5755	137 
5756	157 
5757	129 
5758	111 
5759	137 
5760	43 
5761	150 
5762	64 
5763	93 
5764	111 
5765	129 
5766	4 
5767	33 
5768	49 
5769	64 
5770	126 
5771	107 
5772	38 
5773	115 
5774	121 
5775	105 
5776	43 
5777	88 
5778	64 
5779	36 
5780	111 
5781	13 
5782	125 
5783	25 
5784	1 
5785	134 
5786	138 
5787	89 
5788	56 
5789	21 
5790	114 
5791	13 
5792	154 
5793	29 
5794	1 
5795	46 
5796	58 
5797	155 
5798	126 
5799	98 
5800	86 
5801	31 
5802	64 
5803	58 
5804	43 
5805	117 
5806	79 
5807	76 
5808	36 
5809	30 
5810	132 
5811	74 
5812	74 
5813	88 
5814	13 
5815	148 
5816	84 
5817	121 
5818	126 
5819	93 
5820	64 
5821	24 
5822	22 
5823	138 
5824	42 
5825	117 
5826	31 
5827	76 
5828	121 
5829	11 
5830	158 
5831	24 
5832	36 
5833	82 
5834	155 
5835	39 
5836	70 
5837	85 
5838	122 
5839	75 
5840	6 
5841	138 
5842	37 
5843	49 
5844	22 
5845	66 
5846	27 
5847	66 
5848	99 
5849	6 
5850	6 
5851	111 
5852	89 
5853	57 
5854	132 
5855	39 
5856	58 
5857	154 
5858	85 
5859	126 
5860	86 
5861	125 
5862	59 
5863	121 
5864	24 
5865	67 
5866	85 
5867	74 
5868	46 
5869	24 
5870	155 
5871	77 
5872	126 
5873	5 
5874	87 
5875	126 
5876	5 
5877	98 
5878	46 
5879	93 
5880	46 
5881	42 
5882	64 
5883	74 
5884	148 
5885	39 
5886	79 
5887	122 
5888	36 
5889	79 
5890	8 
5891	66 
5892	129 
5893	39 
5894	5 
5895	117 
5896	125 
5897	95 
5898	79 
5899	24 
5900	5 
5901	88 
5902	125 
5903	59 
5904	157 
5905	139 
5906	81 
5907	24 
5908	8 
5909	122 
5910	81 
5911	140 
5912	67 
5913	66 
5914	66 
5915	138 
5916	107 
5917	140 
5918	73 
5919	132 
5920	33 
5921	21 
5922	127 
5923	125 
5924	36 
5925	22 
5926	138 
5927	138 
5928	52 
5929	111 
5930	92 
5931	79 
5932	1 
5933	154 
5934	140 
5935	13 
5936	74 
5937	27 
5938	24 
5939	30 
5940	81 
5941	8 
5942	76 
5943	85 
5944	121 
5945	22 
5946	133 
5947	148 
5948	129 
5949	132 
5950	104 
5951	76 
5952	14 
5953	92 
5954	49 
5955	62 
5956	31 
5957	24 
5958	86 
5959	49 
5960	81 
5961	134 
5962	121 
5963	115 
5964	84 
5965	13 
5966	85 
5967	77 
5968	86 
5969	64 
5970	156 
5971	89 
5972	37 
5973	120 
5974	140 
5975	121 
5976	9 
5977	157 
5978	52 
5979	133 
5980	126 
5981	127 
5982	85 
5983	9 
5984	70 
5985	4 
5986	70 
5987	125 
5988	64 
5989	46 
5990	64 
5991	92 
5992	52 
5993	95 
5994	154 
5995	49 
5996	115 
5997	13 
5998	155 
5999	66 
6000	141 
6001	49 
6002	76 
6003	160 
6004	160 
6005	60 
6006	62 
6007	13 
6008	132 
6009	46 
6010	121 
6011	87 
6012	81 
6013	134 
6014	158 
6015	100 
6016	27 
6017	141 
6018	81 
6019	93 
6020	2 
6021	6 
6022	127 
6023	21 
6024	46 
6025	121 
6026	141 
6027	64 
6028	58 
6029	39 
6030	62 
6031	46 
6032	93 
6033	60 
6034	126 
6035	129 
6036	120 
6037	66 
6038	24 
6039	64 
6040	36 
6041	59 
6042	17 
6043	28 
6044	132 
6045	95 
6046	28 
6047	104 
6048	1 
6049	52 
6050	132 
6051	11 
6052	40 
6053	158 
6054	81 
6055	59 
6056	156 
6057	9 
6058	27 
6059	13 
6060	159 
6061	2 
6062	122 
6063	39 
6064	97 
6065	131 
6066	129 
6067	2 
6068	156 
6069	154 
6070	62 
6071	72 
6072	64 
6073	100 
6074	141 
6075	64 
6076	92 
6077	93 
6078	9 
6079	14 
6080	49 
6081	17 
6082	49 
6083	27 
6084	22 
6085	148 
6086	130 
6087	132 
6088	139 
6089	13 
6090	64 
6091	27 
6092	58 
6093	24 
6094	141 
6095	24 
6096	154 
6097	85 
6098	59 
6099	132 
6100	135 
6101	129 
6102	127 
6103	4 
6104	93 
6105	26 
6106	74 
6107	138 
6108	72 
6109	79 
6110	140 
6111	159 
6112	42 
6113	84 
6114	129 
6115	33 
6116	95 
6117	27 
6118	117 
6119	26 
6120	67 
6121	26 
6122	59 
6123	117 
6124	138 
6125	14 
6126	158 
6127	148 
6128	11 
6129	68 
6130	122 
6131	81 
6132	24 
6133	82 
6134	131 
6135	86 
6136	64 
6137	77 
6138	133 
6139	127 
6140	138 
6141	74 
6142	36 
6143	9 
6144	27 
6145	46 
6146	5 
6147	85 
6148	66 
6149	134 
6150	132 
6151	154 
6152	8 
6153	79 
6154	154 
6155	131 
6156	89 
6157	52 
6158	39 
6159	127 
6160	36 
6161	154 
6162	30 
6163	93 
6164	85 
6165	156 
6166	79 
6167	129 
6168	93 
6169	6 
6170	157 
6171	66 
6172	111 
6173	156 
6174	60 
6175	131 
6176	75 
6177	76 
6178	67 
6179	14 
6180	89 
6181	1 
6182	40 
6183	129 
6184	74 
6185	8 
6186	117 
6187	140 
6188	17 
6189	46 
6190	121 
6191	84 
6192	121 
6193	140 
6194	1 
6195	42 
6196	30 
6197	86 
6198	64 
6199	9 
6200	42 
6201	36 
6202	75 
6203	28 
6204	39 
6205	74 
6206	1 
6207	52 
6208	117 
6209	133 
6210	121 
6211	117 
6212	13 
6213	122 
6214	82 
6215	27 
6216	28 
6217	117 
6218	77 
6219	27 
6220	150 
6221	76 
6222	59 
6223	155 
6224	107 
6225	73 
6226	30 
6227	115 
6228	74 
6229	68 
6230	72 
6231	17 
6232	42 
6233	27 
6234	81 
6235	121 
6236	20 
6237	105 
6238	30 
6239	74 
6240	117 
6241	131 
6242	25 
6243	131 
6244	132 
6245	8 
6246	127 
6247	46 
6248	30 
6249	28 
6250	156 
6251	135 
6252	39 
6253	132 
6254	138 
6255	70 
6256	49 
6257	155 
6258	115 
6259	115 
6260	89 
6261	66 
6262	56 
6263	138 
6264	85 
6265	25 
6266	115 
6267	5 
6268	11 
6269	117 
6270	104 
6271	97 
6272	84 
6273	2 
6274	64 
6275	64 
6276	111 
6277	1 
6278	84 
6279	89 
6280	160 
6281	70 
6282	30 
6283	129 
6284	1 
6285	73 
6286	129 
6287	126 
6288	125 
6289	76 
6290	26 
6291	154 
6292	125 
6293	8 
6294	72 
6295	2 
6296	37 
6297	13 
6298	115 
6299	140 
6300	132 
6301	141 
6302	95 
6303	64 
6304	84 
6305	120 
6306	5 
6307	74 
6308	92 
6309	135 
6310	132 
6311	157 
6312	121 
6313	126 
6314	82 
6315	52 
6316	120 
6317	84 
6318	97 
6319	129 
6320	5 
6321	140 
6322	92 
6323	150 
6324	154 
6325	36 
6326	77 
6327	27 
6328	154 
6329	154 
6330	30 
6331	24 
6332	27 
6333	85 
6334	140 
6335	14 
6336	117 
6337	121 
6338	5 
6339	93 
6340	27 
6341	92 
6342	13 
6343	84 
6344	97 
6345	157 
6346	37 
6347	126 
6348	11 
6349	75 
6350	154 
6351	11 
6352	131 
6353	74 
6354	13 
6355	60 
6356	87 
6357	126 
6358	121 
6359	13 
6360	24 
6361	125 
6362	24 
6363	121 
6364	27 
6365	60 
6366	117 
6367	70 
6368	24 
6369	87 
6370	122 
6371	156 
6372	81 
6373	28 
6374	97 
6375	127 
6376	121 
6377	9 
6378	132 
6379	58 
6380	75 
6381	42 
6382	155 
6383	86 
6384	49 
6385	6 
6386	13 
6387	42 
6388	13 
6389	24 
6390	22 
6391	154 
6392	154 
6393	140 
6394	134 
6395	156 
6396	117 
6397	160 
6398	24 
6399	28 
6400	74 
6401	121 
6402	115 
6403	87 
6404	127 
6405	64 
6406	46 
6407	131 
6408	11 
6409	150 
6410	64 
6411	131 
6412	134 
6413	72 
6414	151 
6415	27 
6416	56 
6417	79 
6418	2 
6419	64 
6420	5 
6421	154 
6422	125 
6423	79 
6424	42 
6425	20 
6426	141 
6427	17 
6428	93 
6429	11 
6430	70 
6431	129 
6432	77 
6433	24 
6434	36 
6435	52 
6436	81 
6437	36 
6438	8 
6439	70 
6440	155 
6441	24 
6442	157 
6443	121 
6444	122 
6445	121 
6446	134 
6447	37 
6448	39 
6449	97 
6450	67 
6451	115 
6452	156 
6453	64 
6454	129 
6455	79 
6456	64 
6457	125 
6458	97 
6459	52 
6460	84 
6461	49 
6462	160 
6463	43 
6464	30 
6465	79 
6466	2 
6467	76 
6468	1 
6469	131 
6470	70 
6471	127 
6472	25 
6473	140 
6474	141 
6475	72 
6476	20 
6477	42 
6478	13 
6479	22 
6480	2 
6481	135 
6482	135 
6483	52 
6484	135 
6485	27 
6486	158 
6487	75 
6488	20 
6489	129 
6490	6 
6491	97 
6492	81 
6493	8 
6494	64 
6495	66 
6496	111 
6497	121 
6498	129 
6499	20 
6500	93 
6501	46 
6502	77 
6503	158 
6504	75 
6505	131 
6506	89 
6507	67 
6508	140 
6509	6 
6510	121 
6511	156 
6512	93 
6513	122 
6514	4 
6515	135 
6516	24 
6517	156 
6518	81 
6519	67 
6520	122 
6521	14 
6522	27 
6523	5 
6524	121 
6525	158 
6526	60 
6527	14 
6528	13 
6529	84 
6530	115 
6531	27 
6532	27 
6533	122 
6534	42 
6535	8 
6536	132 
6537	131 
6538	36 
6539	60 
6540	85 
6541	42 
6542	127 
6543	36 
6544	64 
6545	2 
6546	122 
6547	20 
6548	25 
6549	150 
6550	156 
6551	84 
6552	2 
6553	56 
6554	140 
6555	140 
6556	46 
6557	84 
6558	27 
6559	89 
6560	24 
6561	150 
6562	46 
6563	154 
6564	42 
6565	84 
6566	85 
6567	158 
6568	131 
6569	121 
6570	1 
6571	1 
6572	84 
6573	125 
6574	129 
6575	46 
6576	89 
6577	17 
6578	49 
6579	75 
6580	140 
6581	4 
6582	154 
6583	4 
6584	158 
6585	20 
6586	24 
6587	89 
6588	117 
6589	76 
6590	20 
6591	70 
6592	46 
6593	25 
6594	67 
6595	121 
6596	1 
6597	158 
6598	43 
6599	64 
6600	140 
6601	85 
6602	13 
6603	150 
6604	39 
6605	135 
6606	141 
6607	74 
6608	49 
6609	52 
6610	67 
6611	122 
6612	84 
6613	125 
6614	132 
6615	64 
6616	140 
6617	22 
6618	64 
6619	49 
6620	154 
6621	135 
6622	155 
6623	121 
6624	129 
6625	117 
6626	121 
6627	156 
6628	154 
6629	13 
6630	64 
6631	77 
6632	28 
6633	27 
6634	27 
6635	138 
6636	1 
6637	160 
6638	84 
6639	28 
6640	13 
6641	122 
6642	17 
6643	125 
6644	125 
6645	140 
6646	39 
6647	46 
6648	157 
6649	158 
6650	46 
6651	141 
6652	125 
6653	46 
6654	20 
6655	135 
6656	66 
6657	156 
6658	84 
6659	17 
6660	84 
6661	42 
6662	81 
6663	135 
6664	43 
6665	22 
6666	42 
6667	89 
6668	64 
6669	28 
6670	131 
6671	156 
6672	97 
6673	121 
6674	8 
6675	132 
6676	85 
6677	13 
6678	52 
6679	8 
6680	127 
6681	17 
6682	67 
6683	49 
6684	121 
6685	46 
6686	117 
6687	46 
6688	131 
6689	20 
6690	97 
6691	75 
6692	17 
6693	125 
6694	132 
6695	17 
6696	1 
6697	129 
6698	70 
6699	121 
6700	121 
6701	36 
6702	24 
6703	135 
6704	129 
6705	75 
6706	28 
6707	135 
6708	28 
6709	129 
6710	97 
6711	39 
6712	93 
6713	25 
6714	84 
6715	36 
6716	8 
6717	28 
6718	20 
6719	154 
6720	85 
6721	1 
6722	28 
6723	74 
6724	17 
6725	11 
6726	64 
6727	64 
6728	1 
6729	115 
6730	60 
6731	66 
6732	132 
6733	132 
6734	126 
6735	125 
6736	22 
6737	24 
6738	125 
6739	132 
6740	5 
6741	27 
6742	66 
6743	27 
6744	121 
6745	49 
6746	25 
6747	117 
6748	129 
6749	64 
6750	6 
6751	20 
6752	28 
6753	27 
6754	154 
6755	140 
6756	93 
6757	70 
6758	6 
6759	122 
6760	36 
6761	64 
6762	75 
6763	24 
6764	1 
6765	85 
6766	140 
6767	117 
6768	60 
6769	93 
6770	84 
6771	74 
6772	75 
6773	52 
6774	135 
6775	36 
6776	64 
6777	13 
6778	132 
6779	27 
6780	27 
6781	36 
6782	24 
6783	52 
6784	1 
6785	24 
6786	74 
6787	84 
6788	5 
6789	74 
6790	5 
6791	126 
6792	117 
6793	125 
6794	46 
6795	52 
6796	156 
6797	46 
6798	11 
6799	121 
6800	121 
6801	156 
6802	66 
6803	11 
6804	129 
6805	126 
6806	46 
6807	46 
6808	46 
6809	46 
6810	158 
6811	52 
6812	115 
6813	132 
6814	1 
6815	135 
6816	132 
6817	156 
6818	1 
6819	156 
6820	27 
6821	126 
6822	27 
6823	64 
6824	132 
6825	39 
6826	11 
6827	11 
6828	74 
6829	121 
6830	24 
6831	60 
6832	156 
6833	60 
6834	125 
6835	135 
6836	46 
6837	24 
6838	135 
6839	140 
6840	74 
6841	27 
6842	24 
6843	129 
6844	140 
6845	52 
6846	24 
6847	52 
6848	46 
6849	1 
6850	132 
6851	36 
6852	27 
6853	154 
6854	66 
6855	140 
6856	154 
6857	64 
6858	36 
6859	132 
6860	115 
6861	125 
6862	5 
6863	121 
6864	13 
6865	46 
6866	5 
6867	117 
6868	154 
6869	39 
6870	36 
6871	36 
6872	70 
6873	117 
6874	79 
6875	8 
6876	125 
6877	13 
6878	1 
6879	6 
6880	1 
6881	117 
6882	129 
6883	46 
6884	6 
6885	125 
6886	1 
6887	70 
6888	70 
6889	140 
6890	129 
6891	131 
6892	135 
6893	156 
6894	140 
6895	140 
6896	13 
6897	24 
6898	132 
6899	64 
6900	140 
6901	66 
6902	154 
6903	154 
6904	46 
6905	115 
6906	117 
6907	135 
6908	74 
6909	74 
6910	64 
6911	6 
6912	64 
6913	46 
6914	27 
6915	49 
6916	84 
6917	70 
6918	117 
6919	74 
6920	70 
6921	46 
6922	74 
6923	132 
6924	117 
6925	1 
6926	60 
6927	132 
6928	70 
6929	70 
6930	49 
6931	129 
6932	121 
6933	84 
6934	24 
6935	135 
6936	36 
6937	74 
6938	36 
6939	154 
6940	60 
6941	60 
6942	84 
6943	36 
6944	13 
6945	46 
6946	135 
6947	52 
6948	27 
6949	36 
6950	117 
6951	74 
6952	49 
6953	117 
6954	13 
6955	66 
6956	74 
6957	74 
6958	27 
6959	52 
6960	121 
6961	36 
6962	64 
6963	74 
6964	132 
6965	117 
6966	132 
6967	46 
6968	24 
6969	52 
6970	13 
6971	49 
6972	74 
6973	52 
6974	52 
6975	27 
6976	24 
6977	27 
6978	129 
6979	129 
6980	13 
6981	121 
6982	24 
6983	121 
6984	121 
6985	74 
6986	129 
6987	117 
6988	132 
6989	1 
6990	36 
6991	117 
6992	74 
6993	24 
6994	132 
6995	36 
6996	154 
6997	36 
6998	117 
6999	1 
7000	66 
