1	15 
2	46 
3	9 
4	138 
5	111 
6	130 
7	32 
8	103 
9	86 
10	127 
11	51 
12	23 
13	49 
14	39 
15	97 
16	54 
17	60 
18	73 
19	115 
20	89 
21	16 
22	135 
23	20 
24	100 
25	90 
26	44 
27	67 
28	4 
29	84 
30	67 
31	10 
32	40 
33	12 
34	87 
35	65 
36	119 
37	130 
38	91 
39	96 
40	81 
41	11 
42	18 
43	110 
44	49 
45	19 
46	94 
47	53 
48	67 
49	101 
50	1 
51	1 
52	16 
53	84 
54	32 
55	16 
56	46 
57	11 
58	10 
59	30 
60	20 
61	73 
62	58 
63	97 
64	136 
65	74 
66	57 
67	135 
68	111 
69	71 
70	34 
71	20 
72	16 
73	97 
74	132 
75	12 
76	70 
77	1 
78	109 
79	89 
80	141 
81	28 
82	90 
83	35 
84	106 
85	133 
86	93 
87	91 
88	53 
89	70 
90	125 
91	90 
92	54 
93	77 
94	1 
95	80 
96	76 
97	1 
98	14 
99	125 
100	121 
101	81 
102	53 
103	82 
104	58 
105	86 
106	49 
107	84 
108	69 
109	5 
110	1 
111	126 
112	108 
113	63 
114	91 
115	41 
116	47 
117	118 
118	37 
119	64 
120	127 
121	32 
122	91 
123	125 
124	66 
125	56 
126	105 
127	27 
128	69 
129	34 
130	69 
131	1 
132	29 
133	74 
134	64 
135	89 
136	67 
137	130 
138	91 
139	1 
140	32 
141	126 
142	105 
143	2 
144	38 
145	103 
146	68 
147	131 
148	90 
149	64 
150	117 
151	25 
152	90 
153	106 
154	85 
155	96 
156	132 
157	43 
158	46 
159	128 
160	29 
161	103 
162	13 
163	76 
164	70 
165	61 
166	70 
167	135 
168	100 
169	49 
170	48 
171	94 
172	4 
173	135 
174	9 
175	74 
176	130 
177	47 
178	58 
179	86 
180	20 
181	133 
182	100 
183	45 
184	130 
185	127 
186	67 
187	76 
188	100 
189	60 
190	37 
191	48 
192	41 
193	81 
194	11 
195	2 
196	131 
197	141 
198	54 
199	29 
200	68 
201	23 
202	105 
203	44 
204	58 
205	51 
206	2 
207	70 
208	104 
209	7 
210	40 
211	135 
212	133 
213	62 
214	60 
215	48 
216	5 
217	58 
218	77 
219	6 
220	23 
221	81 
222	67 
223	34 
224	123 
225	20 
226	64 
227	126 
228	41 
229	68 
230	81 
231	10 
232	105 
233	31 
234	73 
235	61 
236	5 
237	112 
238	89 
239	1 
240	87 
241	135 
242	73 
243	1 
244	5 
245	138 
246	91 
247	10 
248	63 
249	1 
250	111 
251	122 
252	125 
253	5 
254	64 
255	130 
256	21 
257	110 
258	110 
259	66 
260	127 
261	45 
262	104 
263	70 
264	32 
265	81 
266	10 
267	6 
268	82 
269	40 
270	47 
271	6 
272	11 
273	40 
274	4 
275	110 
276	1 
277	84 
278	33 
279	71 
280	12 
281	97 
282	71 
283	49 
284	101 
285	67 
286	67 
287	87 
288	29 
289	35 
290	58 
291	143 
292	123 
293	105 
294	19 
295	53 
296	50 
297	35 
298	68 
299	11 
300	32 
301	1 
302	23 
303	128 
304	130 
305	130 
306	63 
307	70 
308	29 
309	96 
310	79 
311	6 
312	16 
313	141 
314	57 
315	44 
316	69 
317	16 
318	76 
319	77 
320	72 
321	34 
322	105 
323	135 
324	110 
325	128 
326	123 
327	89 
328	138 
329	42 
330	139 
331	133 
332	69 
333	114 
334	44 
335	143 
336	117 
337	64 
338	99 
339	4 
340	77 
341	73 
342	136 
343	71 
344	133 
345	98 
346	70 
347	81 
348	29 
349	61 
350	133 
351	89 
352	96 
353	89 
354	66 
355	25 
356	10 
357	115 
358	97 
359	53 
360	138 
361	43 
362	70 
363	133 
364	81 
365	69 
366	4 
367	63 
368	84 
369	105 
370	70 
371	1 
372	122 
373	39 
374	107 
375	45 
376	143 
377	135 
378	139 
379	63 
380	29 
381	133 
382	133 
383	83 
384	65 
385	123 
386	103 
387	53 
388	133 
389	63 
390	10 
391	56 
392	111 
393	66 
394	70 
395	67 
396	75 
397	142 
398	128 
399	114 
400	115 
401	70 
402	19 
403	73 
404	76 
405	133 
406	53 
407	90 
408	11 
409	90 
410	100 
411	3 
412	46 
413	110 
414	82 
415	114 
416	62 
417	77 
418	46 
419	140 
420	74 
421	84 
422	99 
423	91 
424	90 
425	71 
426	93 
427	99 
428	53 
429	68 
430	93 
431	74 
432	60 
433	4 
434	4 
435	90 
436	13 
437	121 
438	12 
439	97 
440	61 
441	25 
442	34 
443	66 
444	1 
445	124 
446	63 
447	90 
448	5 
449	33 
450	90 
451	10 
452	105 
453	133 
454	74 
455	47 
456	107 
457	24 
458	29 
459	15 
460	83 
461	66 
462	20 
463	46 
464	135 
465	87 
466	29 
467	74 
468	57 
469	43 
470	10 
471	13 
472	108 
473	105 
474	5 
475	69 
476	64 
477	69 
478	134 
479	33 
480	82 
481	130 
482	40 
483	67 
484	61 
485	84 
486	76 
487	113 
488	11 
489	133 
490	117 
491	81 
492	10 
493	67 
494	49 
495	130 
496	77 
497	42 
498	35 
499	81 
500	54 
501	127 
502	99 
503	84 
504	139 
505	10 
506	100 
507	53 
508	53 
509	5 
510	35 
511	74 
512	19 
513	141 
514	132 
515	66 
516	29 
517	11 
518	120 
519	85 
520	63 
521	79 
522	110 
523	7 
524	12 
525	71 
526	11 
527	74 
528	41 
529	18 
530	44 
531	69 
532	60 
533	11 
534	74 
535	139 
536	60 
537	90 
538	133 
539	17 
540	5 
541	67 
542	131 
543	133 
544	15 
545	47 
546	78 
547	33 
548	96 
549	70 
550	49 
551	124 
552	10 
553	63 
554	117 
555	20 
556	53 
557	71 
558	4 
559	11 
560	94 
561	20 
562	97 
563	11 
564	38 
565	67 
566	105 
567	68 
568	60 
569	66 
570	91 
571	20 
572	109 
573	64 
574	138 
575	105 
576	82 
577	77 
578	128 
579	91 
580	90 
581	23 
582	105 
583	43 
584	75 
585	67 
586	31 
587	83 
588	87 
589	4 
590	69 
591	99 
592	29 
593	5 
594	108 
595	106 
596	118 
597	47 
598	70 
599	105 
600	12 
601	47 
602	47 
603	24 
604	1 
605	139 
606	61 
607	130 
608	67 
609	87 
610	127 
611	47 
612	137 
613	111 
614	44 
615	11 
616	12 
617	70 
618	5 
619	23 
620	53 
621	35 
622	138 
623	107 
624	109 
625	103 
626	133 
627	16 
628	29 
629	97 
630	43 
631	5 
632	78 
633	103 
634	77 
635	12 
636	11 
637	127 
638	128 
639	90 
640	105 
641	134 
642	112 
643	84 
644	49 
645	138 
646	1 
647	96 
648	29 
649	32 
650	102 
651	135 
652	105 
653	63 
654	101 
655	10 
656	49 
657	84 
658	128 
659	26 
660	143 
661	135 
662	63 
663	76 
664	26 
665	98 
666	23 
667	14 
668	15 
669	75 
670	4 
671	77 
672	82 
673	34 
674	88 
675	84 
676	35 
677	135 
678	133 
679	133 
680	105 
681	111 
682	90 
683	126 
684	32 
685	70 
686	53 
687	82 
688	124 
689	19 
690	21 
691	63 
692	47 
693	117 
694	96 
695	87 
696	135 
697	105 
698	64 
699	10 
700	58 
701	103 
702	133 
703	133 
704	5 
705	102 
706	4 
707	142 
708	29 
709	105 
710	53 
711	111 
712	57 
713	74 
714	111 
715	107 
716	143 
717	10 
718	90 
719	89 
720	72 
721	64 
722	89 
723	133 
724	57 
725	89 
726	69 
727	127 
728	85 
729	135 
730	4 
731	19 
732	32 
733	85 
734	46 
735	46 
736	47 
737	7 
738	110 
739	98 
740	46 
741	70 
742	99 
743	22 
744	135 
745	95 
746	103 
747	32 
748	57 
749	34 
750	8 
751	40 
752	120 
753	110 
754	41 
755	68 
756	92 
757	133 
758	131 
759	44 
760	86 
761	29 
762	98 
763	77 
764	50 
765	121 
766	111 
767	140 
768	110 
769	63 
770	52 
771	72 
772	3 
773	113 
774	68 
775	100 
776	87 
777	90 
778	100 
779	95 
780	45 
781	132 
782	69 
783	20 
784	57 
785	20 
786	35 
787	48 
788	115 
789	89 
790	130 
791	90 
792	111 
793	63 
794	20 
795	110 
796	91 
797	77 
798	105 
799	100 
800	135 
801	18 
802	60 
803	61 
804	140 
805	29 
806	81 
807	138 
808	29 
809	11 
810	70 
811	41 
812	117 
813	63 
814	53 
815	91 
816	67 
817	58 
818	35 
819	25 
820	107 
821	4 
822	35 
823	83 
824	67 
825	4 
826	68 
827	53 
828	57 
829	83 
830	49 
831	10 
832	117 
833	41 
834	12 
835	1 
836	133 
837	105 
838	13 
839	138 
840	4 
841	100 
842	68 
843	71 
844	90 
845	91 
846	105 
847	120 
848	4 
849	23 
850	20 
851	141 
852	10 
853	108 
854	18 
855	49 
856	113 
857	36 
858	19 
859	31 
860	109 
861	64 
862	81 
863	7 
864	87 
865	74 
866	35 
867	83 
868	66 
869	7 
870	9 
871	48 
872	32 
873	26 
874	10 
875	10 
876	34 
877	35 
878	117 
879	81 
880	66 
881	52 
882	43 
883	100 
884	24 
885	65 
886	133 
887	21 
888	35 
889	69 
890	98 
891	19 
892	34 
893	76 
894	1 
895	135 
896	29 
897	110 
898	69 
899	108 
900	63 
901	81 
902	89 
903	43 
904	105 
905	84 
906	62 
907	132 
908	90 
909	103 
910	52 
911	63 
912	124 
913	56 
914	63 
915	64 
916	30 
917	82 
918	23 
919	112 
920	94 
921	121 
922	114 
923	14 
924	82 
925	86 
926	102 
927	47 
928	4 
929	23 
930	135 
931	66 
932	47 
933	43 
934	60 
935	77 
936	11 
937	49 
938	103 
939	65 
940	74 
941	133 
942	43 
943	58 
944	43 
945	58 
946	42 
947	66 
948	4 
949	132 
950	105 
951	91 
952	84 
953	53 
954	128 
955	110 
956	43 
957	95 
958	119 
959	58 
960	64 
961	5 
962	83 
963	11 
964	44 
965	47 
966	31 
967	143 
968	41 
969	80 
970	110 
971	85 
972	110 
973	4 
974	126 
975	11 
976	110 
977	46 
978	90 
979	120 
980	74 
981	10 
982	57 
983	3 
984	47 
985	5 
986	87 
987	6 
988	66 
989	127 
990	12 
991	90 
992	41 
993	67 
994	6 
995	110 
996	20 
997	10 
998	70 
999	118 
1000	132 
1001	109 
1002	29 
1003	134 
1004	32 
1005	25 
1006	130 
1007	10 
1008	26 
1009	133 
1010	43 
1011	114 
1012	25 
1013	117 
1014	49 
1015	120 
1016	42 
1017	133 
1018	143 
1019	117 
1020	132 
1021	4 
1022	85 
1023	115 
1024	96 
1025	67 
1026	135 
1027	91 
1028	1 
1029	91 
1030	99 
1031	33 
1032	127 
1033	100 
1034	117 
1035	135 
1036	17 
1037	37 
1038	45 
1039	135 
1040	57 
1041	16 
1042	28 
1043	77 
1044	52 
1045	63 
1046	75 
1047	7 
1048	43 
1049	52 
1050	124 
1051	5 
1052	91 
1053	105 
1054	110 
1055	63 
1056	54 
1057	87 
1058	2 
1059	103 
1060	12 
1061	19 
1062	44 
1063	90 
1064	53 
1065	81 
1066	100 
1067	74 
1068	54 
1069	102 
1070	86 
1071	122 
1072	77 
1073	10 
1074	133 
1075	120 
1076	44 
1077	4 
1078	107 
1079	5 
1080	97 
1081	138 
1082	71 
1083	4 
1084	70 
1085	54 
1086	29 
1087	121 
1088	10 
1089	118 
1090	64 
1091	41 
1092	70 
1093	110 
1094	90 
1095	84 
1096	89 
1097	92 
1098	103 
1099	118 
1100	109 
1101	41 
1102	134 
1103	2 
1104	32 
1105	103 
1106	73 
1107	46 
1108	136 
1109	19 
1110	68 
1111	20 
1112	128 
1113	18 
1114	8 
1115	82 
1116	92 
1117	67 
1118	5 
1119	128 
1120	123 
1121	11 
1122	90 
1123	70 
1124	110 
1125	66 
1126	124 
1127	69 
1128	133 
1129	20 
1130	120 
1131	133 
1132	84 
1133	126 
1134	73 
1135	5 
1136	130 
1137	96 
1138	87 
1139	96 
1140	110 
1141	96 
1142	115 
1143	80 
1144	84 
1145	57 
1146	103 
1147	95 
1148	44 
1149	135 
1150	49 
1151	90 
1152	11 
1153	12 
1154	111 
1155	113 
1156	128 
1157	28 
1158	88 
1159	41 
1160	63 
1161	67 
1162	120 
1163	69 
1164	141 
1165	37 
1166	38 
1167	50 
1168	69 
1169	58 
1170	99 
1171	70 
1172	11 
1173	11 
1174	95 
1175	124 
1176	103 
1177	76 
1178	37 
1179	135 
1180	8 
1181	93 
1182	130 
1183	77 
1184	94 
1185	98 
1186	64 
1187	138 
1188	10 
1189	32 
1190	57 
1191	23 
1192	96 
1193	91 
1194	125 
1195	130 
1196	141 
1197	10 
1198	63 
1199	46 
1200	130 
1201	47 
1202	41 
1203	23 
1204	139 
1205	44 
1206	93 
1207	51 
1208	81 
1209	89 
1210	34 
1211	47 
1212	19 
1213	53 
1214	58 
1215	133 
1216	20 
1217	34 
1218	16 
1219	67 
1220	83 
1221	129 
1222	91 
1223	67 
1224	129 
1225	1 
1226	23 
1227	133 
1228	143 
1229	30 
1230	58 
1231	48 
1232	127 
1233	132 
1234	126 
1235	115 
1236	14 
1237	61 
1238	62 
1239	133 
1240	110 
1241	14 
1242	91 
1243	54 
1244	91 
1245	12 
1246	47 
1247	35 
1248	131 
1249	68 
1250	83 
1251	32 
1252	63 
1253	89 
1254	43 
1255	102 
1256	10 
1257	53 
1258	110 
1259	91 
1260	69 
1261	117 
1262	123 
1263	1 
1264	113 
1265	58 
1266	46 
1267	32 
1268	141 
1269	77 
1270	139 
1271	65 
1272	116 
1273	77 
1274	7 
1275	49 
1276	65 
1277	49 
1278	19 
1279	98 
1280	95 
1281	103 
1282	81 
1283	131 
1284	68 
1285	103 
1286	74 
1287	86 
1288	103 
1289	89 
1290	19 
1291	49 
1292	12 
1293	58 
1294	22 
1295	5 
1296	66 
1297	29 
1298	68 
1299	82 
1300	32 
1301	17 
1302	82 
1303	67 
1304	113 
1305	135 
1306	79 
1307	129 
1308	35 
1309	126 
1310	26 
1311	143 
1312	140 
1313	120 
1314	91 
1315	53 
1316	84 
1317	29 
1318	91 
1319	41 
1320	87 
1321	69 
1322	67 
1323	127 
1324	23 
1325	23 
1326	1 
1327	63 
1328	126 
1329	58 
1330	76 
1331	19 
1332	11 
1333	37 
1334	76 
1335	135 
1336	127 
1337	32 
1338	61 
1339	57 
1340	21 
1341	1 
1342	77 
1343	44 
1344	66 
1345	90 
1346	93 
1347	4 
1348	47 
1349	117 
1350	66 
1351	74 
1352	71 
1353	81 
1354	32 
1355	111 
1356	99 
1357	19 
1358	68 
1359	100 
1360	40 
1361	33 
1362	143 
1363	96 
1364	109 
1365	67 
1366	100 
1367	57 
1368	40 
1369	4 
1370	68 
1371	32 
1372	87 
1373	135 
1374	88 
1375	10 
1376	56 
1377	61 
1378	70 
1379	105 
1380	68 
1381	83 
1382	42 
1383	75 
1384	104 
1385	50 
1386	29 
1387	27 
1388	83 
1389	14 
1390	113 
1391	121 
1392	10 
1393	10 
1394	51 
1395	20 
1396	98 
1397	17 
1398	58 
1399	43 
1400	31 
1401	35 
1402	53 
1403	4 
1404	29 
1405	56 
1406	58 
1407	132 
1408	50 
1409	8 
1410	24 
1411	74 
1412	44 
1413	127 
1414	12 
1415	11 
1416	55 
1417	69 
1418	86 
1419	67 
1420	44 
1421	135 
1422	93 
1423	135 
1424	58 
1425	66 
1426	47 
1427	59 
1428	82 
1429	116 
1430	69 
1431	27 
1432	19 
1433	76 
1434	10 
1435	83 
1436	90 
1437	57 
1438	15 
1439	54 
1440	83 
1441	23 
1442	89 
1443	125 
1444	97 
1445	105 
1446	135 
1447	51 
1448	36 
1449	63 
1450	84 
1451	57 
1452	131 
1453	81 
1454	8 
1455	5 
1456	63 
1457	47 
1458	135 
1459	69 
1460	99 
1461	67 
1462	105 
1463	84 
1464	61 
1465	21 
1466	133 
1467	84 
1468	41 
1469	90 
1470	132 
1471	127 
1472	4 
1473	54 
1474	30 
1475	97 
1476	68 
1477	71 
1478	88 
1479	69 
1480	130 
1481	110 
1482	31 
1483	82 
1484	45 
1485	54 
1486	89 
1487	87 
1488	10 
1489	113 
1490	104 
1491	114 
1492	64 
1493	58 
1494	47 
1495	119 
1496	41 
1497	43 
1498	46 
1499	32 
1500	24 
1501	43 
1502	105 
1503	25 
1504	13 
1505	74 
1506	127 
1507	130 
1508	136 
1509	105 
1510	90 
1511	51 
1512	70 
1513	49 
1514	84 
1515	117 
1516	98 
1517	77 
1518	130 
1519	9 
1520	21 
1521	90 
1522	67 
1523	74 
1524	69 
1525	133 
1526	5 
1527	138 
1528	83 
1529	57 
1530	5 
1531	37 
1532	90 
1533	49 
1534	139 
1535	9 
1536	100 
1537	4 
1538	60 
1539	90 
1540	28 
1541	44 
1542	77 
1543	33 
1544	90 
1545	135 
1546	10 
1547	133 
1548	58 
1549	78 
1550	11 
1551	90 
1552	11 
1553	11 
1554	11 
1555	28 
1556	78 
1557	11 
1558	81 
1559	96 
1560	121 
1561	70 
1562	99 
1563	63 
1564	90 
1565	126 
1566	105 
1567	32 
1568	77 
1569	83 
1570	44 
1571	103 
1572	19 
1573	24 
1574	53 
1575	74 
1576	17 
1577	66 
1578	1 
1579	89 
1580	91 
1581	27 
1582	1 
1583	125 
1584	61 
1585	71 
1586	70 
1587	23 
1588	24 
1589	57 
1590	28 
1591	25 
1592	41 
1593	110 
1594	121 
1595	81 
1596	119 
1597	62 
1598	112 
1599	23 
1600	39 
1601	137 
1602	61 
1603	135 
1604	90 
1605	107 
1606	11 
1607	113 
1608	135 
1609	117 
1610	80 
1611	77 
1612	102 
1613	55 
1614	139 
1615	58 
1616	105 
1617	77 
1618	13 
1619	90 
1620	91 
1621	64 
1622	117 
1623	89 
1624	70 
1625	133 
1626	32 
1627	12 
1628	16 
1629	117 
1630	84 
1631	135 
1632	84 
1633	64 
1634	16 
1635	86 
1636	135 
1637	20 
1638	74 
1639	37 
1640	82 
1641	129 
1642	109 
1643	133 
1644	95 
1645	123 
1646	15 
1647	121 
1648	90 
1649	11 
1650	1 
1651	10 
1652	70 
1653	113 
1654	47 
1655	12 
1656	110 
1657	70 
1658	19 
1659	135 
1660	68 
1661	70 
1662	23 
1663	70 
1664	42 
1665	135 
1666	68 
1667	54 
1668	41 
1669	82 
1670	49 
1671	77 
1672	70 
1673	118 
1674	77 
1675	110 
1676	66 
1677	7 
1678	138 
1679	78 
1680	97 
1681	46 
1682	69 
1683	35 
1684	53 
1685	82 
1686	105 
1687	57 
1688	29 
1689	34 
1690	9 
1691	81 
1692	83 
1693	105 
1694	75 
1695	110 
1696	4 
1697	26 
1698	117 
1699	130 
1700	84 
1701	40 
1702	46 
1703	135 
1704	16 
1705	124 
1706	35 
1707	97 
1708	29 
1709	1 
1710	49 
1711	47 
1712	132 
1713	38 
1714	90 
1715	83 
1716	103 
1717	66 
1718	130 
1719	138 
1720	3 
1721	105 
1722	11 
1723	67 
1724	84 
1725	57 
1726	4 
1727	57 
1728	123 
1729	12 
1730	57 
1731	105 
1732	121 
1733	133 
1734	11 
1735	49 
1736	111 
1737	17 
1738	68 
1739	87 
1740	88 
1741	84 
1742	39 
1743	43 
1744	107 
1745	8 
1746	20 
1747	54 
1748	4 
1749	60 
1750	56 
1751	99 
1752	73 
1753	91 
1754	121 
1755	74 
1756	84 
1757	41 
1758	38 
1759	53 
1760	29 
1761	20 
1762	117 
1763	46 
1764	60 
1765	1 
1766	53 
1767	138 
1768	90 
1769	10 
1770	127 
1771	103 
1772	65 
1773	11 
1774	117 
1775	100 
1776	106 
1777	83 
1778	12 
1779	4 
1780	29 
1781	135 
1782	68 
1783	125 
1784	11 
1785	101 
1786	2 
1787	29 
1788	109 
1789	83 
1790	41 
1791	84 
1792	105 
1793	126 
1794	57 
1795	10 
1796	58 
1797	101 
1798	47 
1799	8 
1800	10 
1801	12 
1802	29 
1803	57 
1804	68 
1805	113 
1806	61 
1807	105 
1808	54 
1809	32 
1810	112 
1811	103 
1812	103 
1813	128 
1814	6 
1815	23 
1816	139 
1817	91 
1818	135 
1819	68 
1820	82 
1821	49 
1822	11 
1823	89 
1824	77 
1825	57 
1826	139 
1827	73 
1828	71 
1829	74 
1830	77 
1831	4 
1832	74 
1833	122 
1834	133 
1835	69 
1836	127 
1837	74 
1838	82 
1839	52 
1840	9 
1841	64 
1842	123 
1843	77 
1844	82 
1845	105 
1846	28 
1847	23 
1848	16 
1849	142 
1850	110 
1851	32 
1852	82 
1853	87 
1854	47 
1855	133 
1856	137 
1857	57 
1858	67 
1859	118 
1860	60 
1861	34 
1862	4 
1863	68 
1864	26 
1865	70 
1866	58 
1867	105 
1868	47 
1869	64 
1870	53 
1871	140 
1872	71 
1873	89 
1874	84 
1875	68 
1876	77 
1877	67 
1878	91 
1879	4 
1880	12 
1881	129 
1882	7 
1883	4 
1884	43 
1885	69 
1886	120 
1887	111 
1888	34 
1889	10 
1890	130 
1891	82 
1892	91 
1893	105 
1894	37 
1895	70 
1896	87 
1897	138 
1898	49 
1899	105 
1900	130 
1901	44 
1902	41 
1903	109 
1904	54 
1905	79 
1906	78 
1907	11 
1908	70 
1909	125 
1910	46 
1911	127 
1912	97 
1913	77 
1914	67 
1915	76 
1916	91 
1917	84 
1918	47 
1919	10 
1920	60 
1921	106 
1922	66 
1923	83 
1924	127 
1925	40 
1926	97 
1927	116 
1928	64 
1929	26 
1930	49 
1931	117 
1932	66 
1933	134 
1934	58 
1935	130 
1936	19 
1937	81 
1938	129 
1939	126 
1940	30 
1941	49 
1942	78 
1943	139 
1944	100 
1945	57 
1946	98 
1947	142 
1948	29 
1949	124 
1950	84 
1951	63 
1952	87 
1953	133 
1954	24 
1955	105 
1956	14 
1957	133 
1958	74 
1959	41 
1960	16 
1961	125 
1962	130 
1963	54 
1964	66 
1965	96 
1966	124 
1967	107 
1968	115 
1969	92 
1970	83 
1971	68 
1972	17 
1973	105 
1974	46 
1975	41 
1976	13 
1977	69 
1978	113 
1979	73 
1980	135 
1981	136 
1982	84 
1983	62 
1984	61 
1985	57 
1986	47 
1987	53 
1988	47 
1989	77 
1990	66 
1991	33 
1992	112 
1993	142 
1994	125 
1995	28 
1996	70 
1997	109 
1998	55 
1999	12 
2000	67 
2001	130 
2002	117 
2003	84 
2004	84 
2005	87 
2006	87 
2007	82 
2008	67 
2009	36 
2010	40 
2011	16 
2012	65 
2013	28 
2014	12 
2015	15 
2016	96 
2017	91 
2018	91 
2019	96 
2020	67 
2021	69 
2022	12 
2023	35 
2024	10 
2025	49 
2026	81 
2027	128 
2028	45 
2029	58 
2030	111 
2031	18 
2032	23 
2033	67 
2034	131 
2035	53 
2036	113 
2037	142 
2038	110 
2039	69 
2040	74 
2041	110 
2042	143 
2043	128 
2044	29 
2045	95 
2046	11 
2047	10 
2048	1 
2049	73 
2050	45 
2051	133 
2052	30 
2053	87 
2054	84 
2055	53 
2056	29 
2057	20 
2058	101 
2059	58 
2060	136 
2061	9 
2062	117 
2063	10 
2064	102 
2065	67 
2066	45 
2067	105 
2068	35 
2069	113 
2070	32 
2071	127 
2072	11 
2073	105 
2074	138 
2075	33 
2076	123 
2077	135 
2078	90 
2079	10 
2080	81 
2081	130 
2082	65 
2083	81 
2084	103 
2085	135 
2086	14 
2087	46 
2088	28 
2089	97 
2090	29 
2091	132 
2092	20 
2093	133 
2094	43 
2095	3 
2096	44 
2097	2 
2098	63 
2099	96 
2100	110 
2101	107 
2102	121 
2103	133 
2104	24 
2105	65 
2106	127 
2107	67 
2108	45 
2109	7 
2110	38 
2111	82 
2112	82 
2113	99 
2114	7 
2115	77 
2116	61 
2117	5 
2118	20 
2119	2 
2120	72 
2121	20 
2122	10 
2123	110 
2124	64 
2125	77 
2126	117 
2127	70 
2128	91 
2129	68 
2130	74 
2131	69 
2132	121 
2133	10 
2134	113 
2135	20 
2136	63 
2137	119 
2138	42 
2139	40 
2140	70 
2141	40 
2142	81 
2143	103 
2144	124 
2145	125 
2146	63 
2147	104 
2148	122 
2149	132 
2150	92 
2151	74 
2152	67 
2153	115 
2154	134 
2155	67 
2156	105 
2157	10 
2158	97 
2159	94 
2160	132 
2161	58 
2162	110 
2163	103 
2164	135 
2165	52 
2166	60 
2167	97 
2168	7 
2169	55 
2170	57 
2171	84 
2172	84 
2173	35 
2174	81 
2175	64 
2176	68 
2177	57 
2178	84 
2179	111 
2180	42 
2181	37 
2182	102 
2183	68 
2184	77 
2185	104 
2186	132 
2187	143 
2188	58 
2189	39 
2190	138 
2191	89 
2192	41 
2193	1 
2194	105 
2195	29 
2196	43 
2197	80 
2198	104 
2199	90 
2200	66 
2201	135 
2202	130 
2203	117 
2204	61 
2205	41 
2206	139 
2207	88 
2208	64 
2209	109 
2210	27 
2211	2 
2212	47 
2213	82 
2214	57 
2215	43 
2216	130 
2217	76 
2218	33 
2219	103 
2220	81 
2221	128 
2222	11 
2223	22 
2224	141 
2225	63 
2226	39 
2227	132 
2228	130 
2229	29 
2230	1 
2231	60 
2232	80 
2233	137 
2234	28 
2235	82 
2236	123 
2237	97 
2238	43 
2239	33 
2240	142 
2241	101 
2242	16 
2243	138 
2244	124 
2245	132 
2246	113 
2247	29 
2248	104 
2249	68 
2250	96 
2251	38 
2252	113 
2253	68 
2254	36 
2255	54 
2256	91 
2257	105 
2258	29 
2259	32 
2260	32 
2261	11 
2262	70 
2263	71 
2264	64 
2265	10 
2266	91 
2267	12 
2268	120 
2269	121 
2270	11 
2271	81 
2272	20 
2273	63 
2274	143 
2275	125 
2276	4 
2277	41 
2278	90 
2279	70 
2280	113 
2281	127 
2282	80 
2283	67 
2284	54 
2285	44 
2286	20 
2287	99 
2288	128 
2289	68 
2290	20 
2291	140 
2292	70 
2293	77 
2294	10 
2295	133 
2296	36 
2297	54 
2298	58 
2299	11 
2300	91 
2301	67 
2302	14 
2303	47 
2304	70 
2305	61 
2306	105 
2307	44 
2308	80 
2309	49 
2310	39 
2311	143 
2312	19 
2313	1 
2314	120 
2315	136 
2316	71 
2317	105 
2318	121 
2319	96 
2320	32 
2321	47 
2322	130 
2323	94 
2324	49 
2325	110 
2326	68 
2327	90 
2328	128 
2329	130 
2330	7 
2331	77 
2332	29 
2333	63 
2334	63 
2335	54 
2336	80 
2337	113 
2338	28 
2339	11 
2340	92 
2341	121 
2342	120 
2343	10 
2344	58 
2345	81 
2346	124 
2347	9 
2348	71 
2349	82 
2350	34 
2351	105 
2352	108 
2353	105 
2354	96 
2355	69 
2356	34 
2357	79 
2358	83 
2359	59 
2360	127 
2361	29 
2362	67 
2363	90 
2364	4 
2365	74 
2366	84 
2367	83 
2368	90 
2369	91 
2370	40 
2371	11 
2372	10 
2373	45 
2374	34 
2375	29 
2376	106 
2377	82 
2378	61 
2379	130 
2380	129 
2381	74 
2382	1 
2383	45 
2384	66 
2385	90 
2386	97 
2387	128 
2388	11 
2389	4 
2390	80 
2391	73 
2392	42 
2393	128 
2394	63 
2395	37 
2396	82 
2397	50 
2398	120 
2399	133 
2400	130 
2401	18 
2402	127 
2403	55 
2404	68 
2405	69 
2406	43 
2407	95 
2408	1 
2409	22 
2410	130 
2411	120 
2412	79 
2413	128 
2414	87 
2415	49 
2416	46 
2417	68 
2418	132 
2419	82 
2420	91 
2421	108 
2422	140 
2423	11 
2424	111 
2425	27 
2426	47 
2427	116 
2428	78 
2429	120 
2430	23 
2431	4 
2432	90 
2433	135 
2434	81 
2435	86 
2436	10 
2437	96 
2438	125 
2439	110 
2440	59 
2441	47 
2442	18 
2443	53 
2444	97 
2445	50 
2446	108 
2447	141 
2448	63 
2449	98 
2450	127 
2451	58 
2452	27 
2453	125 
2454	97 
2455	63 
2456	11 
2457	35 
2458	127 
2459	78 
2460	1 
2461	110 
2462	135 
2463	133 
2464	119 
2465	90 
2466	54 
2467	59 
2468	135 
2469	73 
2470	9 
2471	14 
2472	33 
2473	54 
2474	49 
2475	105 
2476	1 
2477	123 
2478	41 
2479	117 
2480	11 
2481	117 
2482	65 
2483	91 
2484	23 
2485	141 
2486	1 
2487	24 
2488	34 
2489	96 
2490	70 
2491	72 
2492	12 
2493	70 
2494	56 
2495	60 
2496	46 
2497	10 
2498	6 
2499	135 
2500	64 
2501	95 
2502	16 
2503	132 
2504	133 
2505	4 
2506	26 
2507	127 
2508	12 
2509	142 
2510	10 
2511	39 
2512	58 
2513	116 
2514	84 
2515	4 
2516	33 
2517	67 
2518	63 
2519	135 
2520	47 
2521	81 
2522	117 
2523	21 
2524	117 
2525	135 
2526	91 
2527	69 
2528	77 
2529	64 
2530	1 
2531	107 
2532	90 
2533	111 
2534	95 
2535	44 
2536	120 
2537	17 
2538	81 
2539	105 
2540	49 
2541	29 
2542	121 
2543	91 
2544	4 
2545	133 
2546	12 
2547	135 
2548	113 
2549	82 
2550	120 
2551	84 
2552	10 
2553	84 
2554	111 
2555	19 
2556	16 
2557	137 
2558	5 
2559	66 
2560	63 
2561	50 
2562	44 
2563	124 
2564	110 
2565	143 
2566	24 
2567	70 
2568	81 
2569	139 
2570	142 
2571	28 
2572	100 
2573	91 
2574	128 
2575	127 
2576	43 
2577	5 
2578	41 
2579	49 
2580	49 
2581	110 
2582	74 
2583	19 
2584	57 
2585	90 
2586	23 
2587	32 
2588	91 
2589	74 
2590	110 
2591	123 
2592	4 
2593	23 
2594	24 
2595	32 
2596	29 
2597	16 
2598	100 
2599	82 
2600	57 
2601	127 
2602	63 
2603	71 
2604	11 
2605	29 
2606	82 
2607	90 
2608	89 
2609	71 
2610	112 
2611	12 
2612	92 
2613	41 
2614	90 
2615	143 
2616	47 
2617	59 
2618	12 
2619	6 
2620	128 
2621	82 
2622	138 
2623	52 
2624	120 
2625	11 
2626	45 
2627	84 
2628	5 
2629	23 
2630	4 
2631	105 
2632	91 
2633	95 
2634	59 
2635	111 
2636	105 
2637	59 
2638	77 
2639	69 
2640	100 
2641	16 
2642	57 
2643	120 
2644	70 
2645	100 
2646	110 
2647	77 
2648	46 
2649	89 
2650	103 
2651	130 
2652	43 
2653	64 
2654	34 
2655	70 
2656	138 
2657	113 
2658	11 
2659	116 
2660	47 
2661	90 
2662	37 
2663	127 
2664	96 
2665	135 
2666	57 
2667	80 
2668	56 
2669	105 
2670	58 
2671	57 
2672	57 
2673	143 
2674	89 
2675	67 
2676	63 
2677	74 
2678	57 
2679	29 
2680	63 
2681	22 
2682	90 
2683	102 
2684	84 
2685	91 
2686	96 
2687	54 
2688	19 
2689	91 
2690	4 
2691	107 
2692	66 
2693	103 
2694	10 
2695	63 
2696	20 
2697	81 
2698	130 
2699	139 
2700	32 
2701	63 
2702	116 
2703	127 
2704	53 
2705	118 
2706	51 
2707	5 
2708	99 
2709	71 
2710	54 
2711	135 
2712	135 
2713	4 
2714	122 
2715	20 
2716	58 
2717	19 
2718	84 
2719	90 
2720	67 
2721	91 
2722	120 
2723	87 
2724	81 
2725	77 
2726	81 
2727	58 
2728	3 
2729	53 
2730	66 
2731	77 
2732	35 
2733	133 
2734	136 
2735	29 
2736	81 
2737	74 
2738	91 
2739	110 
2740	41 
2741	132 
2742	4 
2743	10 
2744	4 
2745	61 
2746	105 
2747	106 
2748	117 
2749	29 
2750	138 
2751	70 
2752	7 
2753	54 
2754	23 
2755	12 
2756	70 
2757	98 
2758	29 
2759	100 
2760	52 
2761	34 
2762	64 
2763	5 
2764	1 
2765	99 
2766	126 
2767	49 
2768	12 
2769	33 
2770	71 
2771	37 
2772	55 
2773	10 
2774	52 
2775	54 
2776	135 
2777	67 
2778	134 
2779	71 
2780	107 
2781	1 
2782	32 
2783	45 
2784	129 
2785	77 
2786	57 
2787	61 
2788	26 
2789	70 
2790	130 
2791	57 
2792	77 
2793	20 
2794	3 
2795	117 
2796	77 
2797	128 
2798	70 
2799	91 
2800	29 
2801	69 
2802	121 
2803	100 
2804	71 
2805	135 
2806	35 
2807	84 
2808	137 
2809	132 
2810	66 
2811	133 
2812	128 
2813	29 
2814	72 
2815	69 
2816	10 
2817	117 
2818	138 
2819	67 
2820	33 
2821	132 
2822	58 
2823	82 
2824	45 
2825	110 
2826	111 
2827	81 
2828	70 
2829	96 
2830	68 
2831	83 
2832	90 
2833	110 
2834	71 
2835	41 
2836	115 
2837	125 
2838	35 
2839	1 
2840	9 
2841	91 
2842	69 
2843	105 
2844	57 
2845	72 
2846	82 
2847	126 
2848	70 
2849	108 
2850	77 
2851	41 
2852	73 
2853	1 
2854	43 
2855	61 
2856	81 
2857	67 
2858	57 
2859	64 
2860	70 
2861	117 
2862	135 
2863	82 
2864	133 
2865	123 
2866	109 
2867	77 
2868	11 
2869	125 
2870	109 
2871	132 
2872	117 
2873	73 
2874	91 
2875	103 
2876	70 
2877	63 
2878	68 
2879	70 
2880	68 
2881	64 
2882	18 
2883	77 
2884	133 
2885	70 
2886	11 
2887	97 
2888	82 
2889	135 
2890	127 
2891	122 
2892	29 
2893	33 
2894	135 
2895	122 
2896	61 
2897	135 
2898	39 
2899	10 
2900	64 
2901	57 
2902	140 
2903	55 
2904	10 
2905	105 
2906	4 
2907	96 
2908	41 
2909	11 
2910	70 
2911	10 
2912	57 
2913	132 
2914	135 
2915	132 
2916	58 
2917	74 
2918	11 
2919	51 
2920	76 
2921	67 
2922	1 
2923	24 
2924	134 
2925	115 
2926	96 
2927	67 
2928	105 
2929	143 
2930	105 
2931	81 
2932	134 
2933	135 
2934	98 
2935	130 
2936	74 
2937	109 
2938	57 
2939	69 
2940	96 
2941	42 
2942	28 
2943	110 
2944	58 
2945	76 
2946	34 
2947	103 
2948	64 
2949	74 
2950	90 
2951	119 
2952	37 
2953	125 
2954	128 
2955	1 
2956	7 
2957	59 
2958	130 
2959	23 
2960	98 
2961	117 
2962	143 
2963	4 
2964	129 
2965	90 
2966	138 
2967	10 
2968	69 
2969	53 
2970	58 
2971	5 
2972	87 
2973	110 
2974	11 
2975	66 
2976	10 
2977	64 
2978	66 
2979	91 
2980	74 
2981	60 
2982	57 
2983	1 
2984	131 
2985	133 
2986	67 
2987	63 
2988	35 
2989	140 
2990	132 
2991	35 
2992	42 
2993	68 
2994	90 
2995	41 
2996	135 
2997	132 
2998	133 
2999	49 
3000	4 
3001	134 
3002	58 
3003	10 
3004	127 
3005	44 
3006	83 
3007	135 
3008	55 
3009	66 
3010	133 
3011	10 
3012	105 
3013	113 
3014	90 
3015	49 
3016	142 
3017	87 
3018	34 
3019	94 
3020	105 
3021	135 
3022	132 
3023	69 
3024	68 
3025	54 
3026	45 
3027	42 
3028	123 
3029	57 
3030	29 
3031	35 
3032	11 
3033	4 
3034	22 
3035	110 
3036	81 
3037	7 
3038	141 
3039	47 
3040	133 
3041	23 
3042	16 
3043	107 
3044	89 
3045	32 
3046	124 
3047	128 
3048	65 
3049	36 
3050	11 
3051	12 
3052	25 
3053	66 
3054	109 
3055	81 
3056	32 
3057	90 
3058	68 
3059	14 
3060	81 
3061	64 
3062	127 
3063	90 
3064	36 
3065	135 
3066	7 
3067	67 
3068	5 
3069	57 
3070	96 
3071	79 
3072	80 
3073	22 
3074	1 
3075	96 
3076	16 
3077	105 
3078	117 
3079	133 
3080	68 
3081	100 
3082	46 
3083	121 
3084	123 
3085	45 
3086	74 
3087	4 
3088	126 
3089	82 
3090	33 
3091	12 
3092	21 
3093	67 
3094	113 
3095	99 
3096	135 
3097	35 
3098	117 
3099	52 
3100	22 
3101	54 
3102	47 
3103	70 
3104	119 
3105	91 
3106	137 
3107	67 
3108	70 
3109	1 
3110	10 
3111	41 
3112	92 
3113	84 
3114	83 
3115	77 
3116	15 
3117	103 
3118	47 
3119	90 
3120	132 
3121	53 
3122	128 
3123	82 
3124	29 
3125	79 
3126	70 
3127	99 
3128	44 
3129	53 
3130	68 
3131	105 
3132	69 
3133	32 
3134	84 
3135	135 
3136	68 
3137	67 
3138	133 
3139	57 
3140	5 
3141	60 
3142	105 
3143	135 
3144	61 
3145	133 
3146	45 
3147	139 
3148	20 
3149	10 
3150	74 
3151	2 
3152	38 
3153	57 
3154	55 
3155	57 
3156	97 
3157	115 
3158	68 
3159	33 
3160	116 
3161	11 
3162	77 
3163	105 
3164	77 
3165	1 
3166	118 
3167	34 
3168	90 
3169	64 
3170	36 
3171	71 
3172	1 
3173	68 
3174	132 
3175	4 
3176	138 
3177	77 
3178	135 
3179	80 
3180	34 
3181	89 
3182	133 
3183	54 
3184	73 
3185	64 
3186	90 
3187	80 
3188	14 
3189	130 
3190	128 
3191	105 
3192	133 
3193	139 
3194	25 
3195	54 
3196	64 
3197	35 
3198	79 
3199	35 
3200	96 
3201	125 
3202	44 
3203	46 
3204	7 
3205	68 
3206	63 
3207	11 
3208	1 
3209	2 
3210	65 
3211	68 
3212	11 
3213	57 
3214	121 
3215	83 
3216	47 
3217	82 
3218	43 
3219	77 
3220	53 
3221	89 
3222	70 
3223	57 
3224	110 
3225	90 
3226	44 
3227	11 
3228	45 
3229	43 
3230	125 
3231	121 
3232	110 
3233	130 
3234	49 
3235	45 
3236	122 
3237	110 
3238	116 
3239	57 
3240	90 
3241	72 
3242	127 
3243	10 
3244	29 
3245	89 
3246	82 
3247	68 
3248	28 
3249	17 
3250	128 
3251	130 
3252	77 
3253	28 
3254	63 
3255	67 
3256	54 
3257	79 
3258	137 
3259	53 
3260	110 
3261	51 
3262	57 
3263	40 
3264	121 
3265	133 
3266	46 
3267	73 
3268	12 
3269	1 
3270	117 
3271	133 
3272	53 
3273	57 
3274	71 
3275	126 
3276	70 
3277	67 
3278	121 
3279	121 
3280	53 
3281	54 
3282	34 
3283	129 
3284	110 
3285	133 
3286	69 
3287	140 
3288	82 
3289	91 
3290	74 
3291	135 
3292	103 
3293	110 
3294	121 
3295	141 
3296	133 
3297	16 
3298	23 
3299	41 
3300	133 
3301	89 
3302	44 
3303	100 
3304	23 
3305	115 
3306	82 
3307	74 
3308	41 
3309	99 
3310	67 
3311	130 
3312	133 
3313	111 
3314	47 
3315	70 
3316	133 
3317	67 
3318	61 
3319	138 
3320	81 
3321	5 
3322	11 
3323	69 
3324	89 
3325	57 
3326	120 
3327	91 
3328	60 
3329	10 
3330	77 
3331	130 
3332	32 
3333	64 
3334	105 
3335	52 
3336	58 
3337	61 
3338	141 
3339	50 
3340	119 
3341	54 
3342	19 
3343	133 
3344	12 
3345	9 
3346	81 
3347	102 
3348	110 
3349	53 
3350	41 
3351	67 
3352	91 
3353	80 
3354	19 
3355	63 
3356	46 
3357	113 
3358	46 
3359	68 
3360	137 
3361	29 
3362	111 
3363	67 
3364	127 
3365	22 
3366	34 
3367	20 
3368	40 
3369	127 
3370	126 
3371	104 
3372	29 
3373	89 
3374	126 
3375	124 
3376	130 
3377	80 
3378	141 
3379	50 
3380	49 
3381	45 
3382	4 
3383	121 
3384	11 
3385	87 
3386	16 
3387	68 
3388	106 
3389	49 
3390	10 
3391	11 
3392	130 
3393	4 
3394	1 
3395	84 
3396	121 
3397	74 
3398	136 
3399	121 
3400	47 
3401	70 
3402	130 
3403	22 
3404	46 
3405	117 
3406	98 
3407	37 
3408	61 
3409	66 
3410	9 
3411	130 
3412	90 
3413	11 
3414	90 
3415	34 
3416	97 
3417	66 
3418	116 
3419	24 
3420	96 
3421	133 
3422	81 
3423	90 
3424	110 
3425	36 
3426	92 
3427	14 
3428	128 
3429	57 
3430	34 
3431	19 
3432	135 
3433	25 
3434	94 
3435	54 
3436	117 
3437	98 
3438	60 
3439	1 
3440	109 
3441	133 
3442	9 
3443	11 
3444	37 
3445	69 
3446	38 
3447	90 
3448	72 
3449	35 
3450	133 
3451	57 
3452	95 
3453	96 
3454	11 
3455	57 
3456	86 
3457	12 
3458	70 
3459	125 
3460	89 
3461	111 
3462	119 
3463	91 
3464	69 
3465	94 
3466	99 
3467	50 
3468	115 
3469	32 
3470	110 
3471	108 
3472	11 
3473	113 
3474	2 
3475	82 
3476	134 
3477	110 
3478	43 
3479	138 
3480	69 
3481	1 
3482	69 
3483	16 
3484	11 
3485	122 
3486	67 
3487	100 
3488	47 
3489	71 
3490	135 
3491	135 
3492	44 
3493	49 
3494	107 
3495	41 
3496	83 
3497	57 
3498	127 
3499	10 
3500	105 
3501	29 
3502	127 
3503	49 
3504	71 
3505	82 
3506	54 
3507	70 
3508	133 
3509	130 
3510	128 
3511	105 
3512	63 
3513	100 
3514	128 
3515	12 
3516	68 
3517	100 
3518	68 
3519	16 
3520	128 
3521	122 
3522	70 
3523	35 
3524	29 
3525	143 
3526	130 
3527	16 
3528	90 
3529	32 
3530	55 
3531	66 
3532	68 
3533	84 
3534	47 
3535	66 
3536	73 
3537	57 
3538	58 
3539	139 
3540	25 
3541	99 
3542	84 
3543	84 
3544	59 
3545	40 
3546	35 
3547	107 
3548	133 
3549	77 
3550	80 
3551	103 
3552	90 
3553	53 
3554	117 
3555	22 
3556	80 
3557	135 
3558	138 
3559	79 
3560	66 
3561	90 
3562	81 
3563	117 
3564	49 
3565	54 
3566	16 
3567	115 
3568	104 
3569	106 
3570	41 
3571	20 
3572	96 
3573	133 
3574	105 
3575	4 
3576	120 
3577	71 
3578	33 
3579	57 
3580	35 
3581	25 
3582	76 
3583	81 
3584	89 
3585	77 
3586	135 
3587	127 
3588	53 
3589	54 
3590	89 
3591	84 
3592	11 
3593	7 
3594	127 
3595	57 
3596	45 
3597	82 
3598	129 
3599	100 
3600	14 
3601	110 
3602	107 
3603	4 
3604	117 
3605	51 
3606	9 
3607	63 
3608	104 
3609	51 
3610	87 
3611	4 
3612	65 
3613	40 
3614	90 
3615	82 
3616	35 
3617	90 
3618	131 
3619	57 
3620	67 
3621	44 
3622	12 
3623	110 
3624	96 
3625	133 
3626	57 
3627	54 
3628	125 
3629	69 
3630	98 
3631	90 
3632	47 
3633	12 
3634	130 
3635	97 
3636	74 
3637	63 
3638	10 
3639	43 
3640	127 
3641	67 
3642	1 
3643	137 
3644	1 
3645	61 
3646	87 
3647	61 
3648	143 
3649	64 
3650	50 
3651	98 
3652	63 
3653	129 
3654	20 
3655	18 
3656	4 
3657	17 
3658	70 
3659	58 
3660	104 
3661	29 
3662	113 
3663	98 
3664	18 
3665	43 
3666	90 
3667	89 
3668	141 
3669	63 
3670	105 
3671	128 
3672	107 
3673	4 
3674	70 
3675	60 
3676	139 
3677	4 
3678	10 
3679	81 
3680	30 
3681	91 
3682	59 
3683	107 
3684	49 
3685	74 
3686	30 
3687	143 
3688	121 
3689	97 
3690	47 
3691	105 
3692	124 
3693	91 
3694	49 
3695	105 
3696	94 
3697	104 
3698	99 
3699	20 
3700	80 
3701	97 
3702	124 
3703	47 
3704	103 
3705	141 
3706	102 
3707	110 
3708	58 
3709	41 
3710	135 
3711	10 
3712	99 
3713	135 
3714	94 
3715	74 
3716	143 
3717	77 
3718	53 
3719	90 
3720	63 
3721	28 
3722	74 
3723	70 
3724	66 
3725	37 
3726	69 
3727	109 
3728	4 
3729	23 
3730	1 
3731	30 
3732	90 
3733	87 
3734	9 
3735	69 
3736	20 
3737	82 
3738	120 
3739	141 
3740	43 
3741	63 
3742	77 
3743	10 
3744	121 
3745	23 
3746	53 
3747	73 
3748	77 
3749	113 
3750	129 
3751	128 
3752	81 
3753	23 
3754	100 
3755	41 
3756	82 
3757	67 
3758	66 
3759	135 
3760	133 
3761	63 
3762	77 
3763	90 
3764	10 
3765	42 
3766	53 
3767	128 
3768	133 
3769	110 
3770	43 
3771	125 
3772	135 
3773	16 
3774	128 
3775	79 
3776	55 
3777	86 
3778	16 
3779	58 
3780	69 
3781	143 
3782	61 
3783	105 
3784	81 
3785	70 
3786	19 
3787	34 
3788	35 
3789	111 
3790	108 
3791	44 
3792	68 
3793	76 
3794	84 
3795	96 
3796	106 
3797	47 
3798	127 
3799	106 
3800	3 
3801	135 
3802	84 
3803	105 
3804	128 
3805	68 
3806	69 
3807	16 
3808	92 
3809	87 
3810	87 
3811	53 
3812	47 
3813	64 
3814	99 
3815	11 
3816	57 
3817	99 
3818	20 
3819	70 
3820	35 
3821	22 
3822	127 
3823	105 
3824	4 
3825	70 
3826	2 
3827	57 
3828	4 
3829	71 
3830	133 
3831	95 
3832	61 
3833	67 
3834	102 
3835	1 
3836	90 
3837	46 
3838	47 
3839	10 
3840	11 
3841	89 
3842	3 
3843	127 
3844	90 
3845	19 
3846	66 
3847	79 
3848	132 
3849	33 
3850	96 
3851	69 
3852	3 
3853	133 
3854	102 
3855	53 
3856	124 
3857	29 
3858	47 
3859	69 
3860	121 
3861	135 
3862	66 
3863	49 
3864	11 
3865	53 
3866	143 
3867	57 
3868	64 
3869	91 
3870	69 
3871	135 
3872	47 
3873	1 
3874	135 
3875	61 
3876	7 
3877	53 
3878	19 
3879	28 
3880	66 
3881	130 
3882	11 
3883	68 
3884	69 
3885	82 
3886	105 
3887	63 
3888	4 
3889	67 
3890	34 
3891	79 
3892	53 
3893	77 
3894	73 
3895	128 
3896	135 
3897	41 
3898	134 
3899	90 
3900	113 
3901	87 
3902	70 
3903	117 
3904	125 
3905	32 
3906	105 
3907	69 
3908	110 
3909	92 
3910	99 
3911	86 
3912	133 
3913	20 
3914	69 
3915	57 
3916	67 
3917	99 
3918	29 
3919	82 
3920	29 
3921	128 
3922	133 
3923	69 
3924	91 
3925	58 
3926	18 
3927	138 
3928	102 
3929	24 
3930	49 
3931	70 
3932	20 
3933	119 
3934	70 
3935	33 
3936	1 
3937	60 
3938	82 
3939	3 
3940	61 
3941	43 
3942	124 
3943	74 
3944	68 
3945	96 
3946	76 
3947	130 
3948	42 
3949	128 
3950	70 
3951	47 
3952	117 
3953	105 
3954	105 
3955	138 
3956	79 
3957	64 
3958	99 
3959	54 
3960	105 
3961	30 
3962	105 
3963	59 
3964	65 
3965	5 
3966	84 
3967	128 
3968	1 
3969	143 
3970	67 
3971	70 
3972	99 
3973	109 
3974	117 
3975	96 
3976	96 
3977	90 
3978	29 
3979	11 
3980	41 
3981	57 
3982	69 
3983	67 
3984	121 
3985	23 
3986	45 
3987	64 
3988	43 
3989	97 
3990	34 
3991	73 
3992	1 
3993	99 
3994	5 
3995	95 
3996	67 
3997	135 
3998	43 
3999	99 
4000	133 
4001	44 
4002	32 
4003	69 
4004	25 
4005	69 
4006	63 
4007	82 
4008	81 
4009	7 
4010	11 
4011	22 
4012	126 
4013	135 
4014	96 
4015	14 
4016	46 
4017	122 
4018	107 
4019	91 
4020	135 
4021	4 
4022	46 
4023	57 
4024	60 
4025	143 
4026	33 
4027	10 
4028	74 
4029	55 
4030	49 
4031	29 
4032	19 
4033	117 
4034	71 
4035	81 
4036	135 
4037	7 
4038	125 
4039	125 
4040	111 
4041	103 
4042	60 
4043	80 
4044	71 
4045	81 
4046	53 
4047	4 
4048	110 
4049	127 
4050	74 
4051	133 
4052	51 
4053	10 
4054	10 
4055	29 
4056	121 
4057	57 
4058	123 
4059	68 
4060	73 
4061	138 
4062	90 
4063	73 
4064	64 
4065	99 
4066	29 
4067	16 
4068	124 
4069	11 
4070	132 
4071	103 
4072	19 
4073	63 
4074	29 
4075	33 
4076	53 
4077	133 
4078	70 
4079	70 
4080	135 
4081	35 
4082	12 
4083	16 
4084	35 
4085	70 
4086	29 
4087	141 
4088	135 
4089	54 
4090	86 
4091	33 
4092	35 
4093	20 
4094	69 
4095	90 
4096	133 
4097	66 
4098	77 
4099	105 
4100	126 
4101	127 
4102	138 
4103	60 
4104	133 
4105	109 
4106	130 
4107	23 
4108	129 
4109	11 
4110	53 
4111	61 
4112	96 
4113	10 
4114	3 
4115	117 
4116	1 
4117	94 
4118	73 
4119	124 
4120	90 
4121	49 
4122	32 
4123	26 
4124	98 
4125	64 
4126	130 
4127	45 
4128	29 
4129	1 
4130	3 
4131	96 
4132	135 
4133	103 
4134	125 
4135	77 
4136	40 
4137	55 
4138	135 
4139	77 
4140	46 
4141	69 
4142	135 
4143	7 
4144	83 
4145	130 
4146	12 
4147	30 
4148	41 
4149	117 
4150	11 
4151	47 
4152	138 
4153	46 
4154	5 
4155	68 
4156	22 
4157	11 
4158	82 
4159	16 
4160	30 
4161	33 
4162	130 
4163	130 
4164	33 
4165	87 
4166	46 
4167	74 
4168	47 
4169	89 
4170	19 
4171	46 
4172	41 
4173	35 
4174	84 
4175	133 
4176	82 
4177	11 
4178	84 
4179	127 
4180	29 
4181	34 
4182	4 
4183	82 
4184	70 
4185	122 
4186	67 
4187	45 
4188	105 
4189	61 
4190	70 
4191	22 
4192	64 
4193	141 
4194	91 
4195	1 
4196	70 
4197	103 
4198	143 
4199	120 
4200	42 
4201	105 
4202	69 
4203	76 
4204	111 
4205	83 
4206	52 
4207	30 
4208	67 
4209	47 
4210	33 
4211	120 
4212	41 
4213	110 
4214	132 
4215	61 
4216	66 
4217	129 
4218	4 
4219	104 
4220	97 
4221	133 
4222	60 
4223	117 
4224	41 
4225	96 
4226	16 
4227	43 
4228	107 
4229	47 
4230	26 
4231	34 
4232	111 
4233	96 
4234	20 
4235	138 
4236	100 
4237	91 
4238	77 
4239	66 
4240	69 
4241	26 
4242	58 
4243	19 
4244	77 
4245	49 
4246	43 
4247	34 
4248	74 
4249	82 
4250	117 
4251	105 
4252	20 
4253	53 
4254	47 
4255	133 
4256	83 
4257	135 
4258	10 
4259	60 
4260	105 
4261	94 
4262	12 
4263	130 
4264	103 
4265	82 
4266	24 
4267	109 
4268	127 
4269	138 
4270	110 
4271	91 
4272	87 
4273	70 
4274	96 
4275	66 
4276	49 
4277	54 
4278	10 
4279	34 
4280	44 
4281	11 
4282	34 
4283	133 
4284	63 
4285	104 
4286	80 
4287	41 
4288	133 
4289	11 
4290	79 
4291	1 
4292	46 
4293	117 
4294	74 
4295	49 
4296	43 
4297	132 
4298	125 
4299	53 
4300	61 
4301	82 
4302	4 
4303	128 
4304	110 
4305	91 
4306	121 
4307	57 
4308	20 
4309	51 
4310	99 
4311	105 
4312	82 
4313	7 
4314	138 
4315	135 
4316	87 
4317	18 
4318	22 
4319	133 
4320	44 
4321	69 
4322	1 
4323	122 
4324	141 
4325	49 
4326	53 
4327	54 
4328	77 
4329	40 
4330	4 
4331	71 
4332	46 
4333	84 
4334	90 
4335	127 
4336	16 
4337	10 
4338	47 
4339	1 
4340	68 
4341	125 
4342	29 
4343	110 
4344	80 
4345	89 
4346	5 
4347	3 
4348	110 
4349	111 
4350	104 
4351	11 
4352	81 
4353	97 
4354	20 
4355	67 
4356	103 
4357	81 
4358	81 
4359	25 
4360	135 
4361	57 
4362	47 
4363	84 
4364	132 
4365	11 
4366	67 
4367	76 
4368	49 
4369	129 
4370	126 
4371	43 
4372	133 
4373	138 
4374	54 
4375	5 
4376	86 
4377	128 
4378	126 
4379	57 
4380	11 
4381	2 
4382	111 
4383	3 
4384	129 
4385	19 
4386	46 
4387	5 
4388	49 
4389	10 
4390	110 
4391	84 
4392	96 
4393	49 
4394	45 
4395	97 
4396	81 
4397	133 
4398	135 
4399	91 
4400	135 
4401	47 
4402	43 
4403	125 
4404	90 
4405	44 
4406	141 
4407	121 
4408	46 
4409	81 
4410	5 
4411	105 
4412	49 
4413	130 
4414	103 
4415	55 
4416	34 
4417	95 
4418	82 
4419	98 
4420	11 
4421	81 
4422	83 
4423	89 
4424	47 
4425	130 
4426	121 
4427	34 
4428	58 
4429	7 
4430	43 
4431	73 
4432	53 
4433	47 
4434	20 
4435	19 
4436	117 
4437	82 
4438	127 
4439	18 
4440	11 
4441	63 
4442	45 
4443	135 
4444	53 
4445	143 
4446	14 
4447	135 
4448	60 
4449	11 
4450	5 
4451	63 
4452	11 
4453	61 
4454	99 
4455	65 
4456	65 
4457	80 
4458	2 
4459	68 
4460	89 
4461	90 
4462	49 
4463	34 
4464	1 
4465	20 
4466	105 
4467	128 
4468	11 
4469	96 
4470	57 
4471	89 
4472	29 
4473	94 
4474	54 
4475	68 
4476	128 
4477	133 
4478	34 
4479	44 
4480	105 
4481	70 
4482	138 
4483	123 
4484	66 
4485	135 
4486	74 
4487	55 
4488	57 
4489	100 
4490	89 
4491	34 
4492	32 
4493	135 
4494	91 
4495	5 
4496	67 
4497	41 
4498	107 
4499	138 
4500	53 
4501	29 
4502	34 
4503	138 
4504	84 
4505	10 
4506	122 
4507	5 
4508	69 
4509	43 
4510	40 
4511	57 
4512	105 
4513	143 
4514	76 
4515	138 
4516	11 
4517	11 
4518	10 
4519	130 
4520	127 
4521	138 
4522	89 
4523	66 
4524	19 
4525	57 
4526	68 
4527	135 
4528	96 
4529	20 
4530	82 
4531	90 
4532	128 
4533	1 
4534	98 
4535	110 
4536	70 
4537	97 
4538	127 
4539	143 
4540	58 
4541	91 
4542	69 
4543	117 
4544	135 
4545	58 
4546	76 
4547	20 
4548	130 
4549	76 
4550	132 
4551	91 
4552	44 
4553	40 
4554	46 
4555	53 
4556	125 
4557	34 
4558	64 
4559	5 
4560	25 
4561	130 
4562	14 
4563	143 
4564	23 
4565	95 
4566	130 
4567	63 
4568	46 
4569	71 
4570	23 
4571	130 
4572	98 
4573	12 
4574	25 
4575	24 
4576	84 
4577	70 
4578	71 
4579	117 
4580	82 
4581	121 
4582	41 
4583	1 
4584	41 
4585	70 
4586	97 
4587	43 
4588	99 
4589	89 
4590	1 
4591	61 
4592	34 
4593	43 
4594	60 
4595	67 
4596	109 
4597	135 
4598	132 
4599	121 
4600	90 
4601	90 
4602	3 
4603	33 
4604	103 
4605	96 
4606	77 
4607	70 
4608	64 
4609	133 
4610	67 
4611	127 
4612	135 
4613	20 
4614	34 
4615	41 
4616	103 
4617	128 
4618	94 
4619	20 
4620	135 
4621	121 
4622	117 
4623	32 
4624	105 
4625	60 
4626	32 
4627	23 
4628	84 
4629	10 
4630	103 
4631	20 
4632	29 
4633	41 
4634	77 
4635	89 
4636	68 
4637	1 
4638	19 
4639	103 
4640	84 
4641	97 
4642	90 
4643	40 
4644	133 
4645	81 
4646	133 
4647	47 
4648	20 
4649	77 
4650	113 
4651	91 
4652	110 
4653	135 
4654	54 
4655	64 
4656	84 
4657	83 
4658	29 
4659	84 
4660	96 
4661	70 
4662	61 
4663	143 
4664	67 
4665	82 
4666	40 
4667	132 
4668	49 
4669	32 
4670	132 
4671	107 
4672	121 
4673	11 
4674	120 
4675	32 
4676	135 
4677	11 
4678	69 
4679	84 
4680	105 
4681	20 
4682	99 
4683	60 
4684	11 
4685	47 
4686	117 
4687	43 
4688	10 
4689	33 
4690	83 
4691	135 
4692	84 
4693	69 
4694	82 
4695	82 
4696	4 
4697	23 
4698	58 
4699	63 
4700	70 
4701	2 
4702	32 
4703	69 
4704	83 
4705	47 
4706	47 
4707	68 
4708	132 
4709	35 
4710	69 
4711	84 
4712	67 
4713	113 
4714	12 
4715	117 
4716	65 
4717	68 
4718	109 
4719	81 
4720	34 
4721	11 
4722	67 
4723	110 
4724	122 
4725	2 
4726	41 
4727	70 
4728	12 
4729	132 
4730	77 
4731	67 
4732	130 
4733	83 
4734	7 
4735	70 
4736	47 
4737	5 
4738	1 
4739	91 
4740	82 
4741	105 
4742	84 
4743	49 
4744	20 
4745	111 
4746	58 
4747	98 
4748	45 
4749	81 
4750	117 
4751	47 
4752	90 
4753	84 
4754	67 
4755	77 
4756	113 
4757	33 
4758	10 
4759	133 
4760	127 
4761	135 
4762	135 
4763	82 
4764	110 
4765	70 
4766	10 
4767	29 
4768	47 
4769	22 
4770	91 
4771	64 
4772	54 
4773	32 
4774	45 
4775	110 
4776	41 
4777	34 
4778	141 
4779	84 
4780	125 
4781	130 
4782	83 
4783	43 
4784	105 
4785	32 
4786	103 
4787	68 
4788	83 
4789	95 
4790	60 
4791	127 
4792	99 
4793	82 
4794	29 
4795	135 
4796	68 
4797	10 
4798	57 
4799	135 
4800	10 
4801	110 
4802	90 
4803	43 
4804	67 
4805	16 
4806	130 
4807	22 
4808	132 
4809	61 
4810	133 
4811	53 
4812	96 
4813	10 
4814	100 
4815	35 
4816	133 
4817	127 
4818	63 
4819	129 
4820	143 
4821	53 
4822	29 
4823	103 
4824	70 
4825	135 
4826	99 
4827	66 
4828	29 
4829	77 
4830	82 
4831	67 
4832	122 
4833	23 
4834	4 
4835	58 
4836	81 
4837	81 
4838	70 
4839	123 
4840	60 
4841	135 
4842	47 
4843	107 
4844	105 
4845	64 
4846	130 
4847	113 
4848	45 
4849	71 
4850	58 
4851	90 
4852	33 
4853	65 
4854	141 
4855	68 
4856	127 
4857	66 
4858	60 
4859	40 
4860	60 
4861	91 
4862	53 
4863	99 
4864	135 
4865	98 
4866	117 
4867	96 
4868	20 
4869	10 
4870	110 
4871	107 
4872	110 
4873	63 
4874	66 
4875	1 
4876	58 
4877	110 
4878	89 
4879	1 
4880	105 
4881	99 
4882	91 
4883	44 
4884	84 
4885	110 
4886	89 
4887	91 
4888	1 
4889	91 
4890	117 
4891	130 
4892	69 
4893	20 
4894	122 
4895	91 
4896	130 
4897	29 
4898	46 
4899	57 
4900	69 
4901	120 
4902	69 
4903	35 
4904	10 
4905	20 
4906	82 
4907	110 
4908	77 
4909	20 
4910	122 
4911	111 
4912	34 
4913	54 
4914	133 
4915	5 
4916	90 
4917	20 
4918	49 
4919	125 
4920	61 
4921	67 
4922	70 
4923	127 
4924	70 
4925	130 
4926	43 
4927	89 
4928	40 
4929	53 
4930	110 
4931	107 
4932	91 
4933	69 
4934	54 
4935	130 
4936	83 
4937	105 
4938	132 
4939	64 
4940	7 
4941	138 
4942	20 
4943	103 
4944	84 
4945	41 
4946	23 
4947	90 
4948	81 
4949	20 
4950	1 
4951	35 
4952	43 
4953	67 
4954	4 
4955	126 
4956	66 
4957	57 
4958	1 
4959	23 
4960	99 
4961	53 
4962	74 
4963	20 
4964	103 
4965	74 
4966	77 
4967	138 
4968	64 
4969	98 
4970	90 
4971	73 
4972	61 
4973	64 
4974	64 
4975	63 
4976	74 
4977	122 
4978	1 
4979	77 
4980	74 
4981	35 
4982	19 
4983	125 
4984	57 
4985	4 
4986	67 
4987	82 
4988	68 
4989	43 
4990	121 
4991	99 
4992	44 
4993	103 
4994	64 
4995	128 
4996	58 
4997	77 
4998	54 
4999	117 
5000	68 
5001	111 
5002	100 
5003	133 
5004	110 
5005	47 
5006	32 
5007	83 
5008	16 
5009	105 
5010	83 
5011	132 
5012	57 
5013	135 
5014	11 
5015	20 
5016	91 
5017	68 
5018	66 
5019	45 
5020	69 
5021	117 
5022	41 
5023	74 
5024	76 
5025	65 
5026	81 
5027	20 
5028	110 
5029	130 
5030	133 
5031	103 
5032	110 
5033	1 
5034	77 
5035	4 
5036	128 
5037	133 
5038	67 
5039	81 
5040	77 
5041	32 
5042	7 
5043	110 
5044	83 
5045	57 
5046	73 
5047	66 
5048	141 
5049	77 
5050	4 
5051	57 
5052	77 
5053	80 
5054	60 
5055	16 
5056	68 
5057	57 
5058	130 
5059	49 
5060	91 
5061	70 
5062	105 
5063	67 
5064	63 
5065	58 
5066	61 
5067	83 
5068	46 
5069	105 
5070	1 
5071	47 
5072	90 
5073	90 
5074	67 
5075	117 
5076	74 
5077	67 
5078	69 
5079	68 
5080	53 
5081	74 
5082	58 
5083	32 
5084	54 
5085	109 
5086	71 
5087	46 
5088	47 
5089	53 
5090	71 
5091	40 
5092	105 
5093	54 
5094	74 
5095	90 
5096	77 
5097	117 
5098	44 
5099	11 
5100	83 
5101	74 
5102	33 
5103	67 
5104	53 
5105	83 
5106	64 
5107	4 
5108	109 
5109	91 
5110	132 
5111	33 
5112	80 
5113	70 
5114	127 
5115	67 
5116	103 
5117	57 
5118	60 
5119	54 
5120	63 
5121	44 
5122	43 
5123	121 
5124	133 
5125	1 
5126	71 
5127	121 
5128	67 
5129	5 
5130	53 
5131	74 
5132	82 
5133	5 
5134	110 
5135	12 
5136	12 
5137	54 
5138	128 
5139	135 
5140	20 
5141	141 
5142	135 
5143	66 
5144	64 
5145	124 
5146	135 
5147	67 
5148	110 
5149	141 
5150	4 
5151	1 
5152	84 
5153	53 
5154	20 
5155	4 
5156	63 
5157	32 
5158	127 
5159	117 
5160	90 
5161	10 
5162	74 
5163	49 
5164	110 
5165	10 
5166	105 
5167	133 
5168	29 
5169	57 
5170	90 
5171	69 
5172	11 
5173	46 
5174	105 
5175	10 
5176	57 
5177	135 
5178	4 
5179	11 
5180	10 
5181	4 
5182	71 
5183	83 
5184	41 
5185	120 
5186	141 
5187	43 
5188	35 
5189	113 
5190	130 
5191	110 
5192	74 
5193	138 
5194	127 
5195	127 
5196	110 
5197	60 
5198	32 
5199	105 
5200	70 
5201	47 
5202	100 
5203	33 
5204	82 
5205	64 
5206	41 
5207	83 
5208	138 
5209	60 
5210	12 
5211	99 
5212	111 
5213	111 
5214	12 
5215	70 
5216	74 
5217	84 
5218	4 
5219	20 
5220	58 
5221	77 
5222	127 
5223	41 
5224	128 
5225	80 
5226	73 
5227	47 
5228	105 
5229	90 
5230	44 
5231	87 
5232	133 
5233	57 
5234	84 
5235	41 
5236	66 
5237	105 
5238	16 
5239	121 
5240	47 
5241	47 
5242	105 
5243	98 
5244	69 
5245	113 
5246	110 
5247	49 
5248	47 
5249	77 
5250	135 
5251	130 
5252	34 
5253	130 
5254	64 
5255	46 
5256	49 
5257	87 
5258	91 
5259	53 
5260	81 
5261	77 
5262	105 
5263	127 
5264	40 
5265	16 
5266	132 
5267	41 
5268	43 
5269	105 
5270	10 
5271	84 
5272	10 
5273	96 
5274	64 
5275	98 
5276	63 
5277	91 
5278	69 
5279	47 
5280	90 
5281	57 
5282	87 
5283	132 
5284	40 
5285	135 
5286	128 
5287	60 
5288	133 
5289	58 
5290	70 
5291	11 
5292	4 
5293	98 
5294	105 
5295	11 
5296	110 
5297	84 
5298	4 
5299	53 
5300	90 
5301	96 
5302	4 
5303	84 
5304	49 
5305	66 
5306	33 
5307	58 
5308	45 
5309	11 
5310	74 
5311	23 
5312	70 
5313	80 
5314	121 
5315	90 
5316	77 
5317	63 
5318	127 
5319	87 
5320	46 
5321	10 
5322	5 
5323	29 
5324	133 
5325	138 
5326	143 
5327	58 
5328	133 
5329	45 
5330	121 
5331	105 
5332	23 
5333	99 
5334	117 
5335	99 
5336	82 
5337	111 
5338	32 
5339	111 
5340	40 
5341	69 
5342	135 
5343	83 
5344	97 
5345	58 
5346	83 
5347	1 
5348	130 
5349	113 
5350	1 
5351	98 
5352	32 
5353	1 
5354	127 
5355	70 
5356	34 
5357	68 
5358	96 
5359	67 
5360	67 
5361	77 
5362	58 
5363	57 
5364	49 
5365	127 
5366	29 
5367	81 
5368	105 
5369	143 
5370	57 
5371	46 
5372	121 
5373	96 
5374	66 
5375	67 
5376	133 
5377	81 
5378	10 
5379	20 
5380	34 
5381	103 
5382	141 
5383	33 
5384	77 
5385	80 
5386	57 
5387	97 
5388	16 
5389	41 
5390	111 
5391	58 
5392	105 
5393	121 
5394	73 
5395	47 
5396	10 
5397	130 
5398	141 
5399	12 
5400	20 
5401	34 
5402	83 
5403	80 
5404	41 
5405	100 
5406	1 
5407	80 
5408	82 
5409	128 
5410	41 
5411	68 
5412	90 
5413	125 
5414	133 
5415	127 
5416	98 
5417	57 
5418	77 
5419	133 
5420	97 
5421	90 
5422	91 
5423	110 
5424	34 
5425	23 
5426	105 
5427	66 
5428	49 
5429	19 
5430	113 
5431	66 
5432	29 
5433	54 
5434	41 
5435	68 
5436	141 
5437	10 
5438	53 
5439	32 
5440	47 
5441	11 
5442	143 
5443	74 
5444	68 
5445	141 
5446	32 
5447	53 
5448	70 
5449	49 
5450	4 
5451	1 
5452	29 
5453	67 
5454	5 
5455	67 
5456	67 
5457	121 
5458	90 
5459	82 
5460	4 
5461	5 
5462	41 
5463	53 
5464	84 
5465	69 
5466	73 
5467	97 
5468	68 
5469	133 
5470	57 
5471	99 
5472	57 
5473	143 
5474	49 
5475	12 
5476	83 
5477	34 
5478	41 
5479	133 
5480	53 
5481	70 
5482	35 
5483	19 
5484	99 
5485	11 
5486	68 
5487	117 
5488	110 
5489	132 
5490	23 
5491	20 
5492	90 
5493	67 
5494	125 
5495	44 
5496	100 
5497	69 
5498	81 
5499	84 
5500	127 
5501	133 
5502	4 
5503	143 
5504	81 
5505	74 
5506	58 
5507	53 
5508	66 
5509	53 
5510	61 
5511	130 
5512	34 
5513	1 
5514	1 
5515	81 
5516	103 
5517	68 
5518	99 
5519	1 
5520	12 
5521	103 
5522	1 
5523	33 
5524	70 
5525	135 
5526	63 
5527	43 
5528	63 
5529	63 
5530	23 
5531	54 
5532	58 
5533	138 
5534	61 
5535	34 
5536	67 
5537	84 
5538	130 
5539	81 
5540	63 
5541	44 
5542	69 
5543	69 
5544	130 
5545	81 
5546	130 
5547	35 
5548	90 
5549	91 
5550	34 
5551	33 
5552	133 
5553	91 
5554	34 
5555	110 
5556	20 
5557	70 
5558	57 
5559	133 
5560	66 
5561	58 
5562	105 
5563	128 
5564	54 
5565	138 
5566	74 
5567	70 
5568	23 
5569	53 
5570	12 
5571	43 
5572	47 
5573	132 
5574	135 
5575	90 
5576	69 
5577	105 
5578	87 
5579	4 
5580	91 
5581	23 
5582	29 
5583	90 
5584	11 
5585	19 
5586	63 
5587	60 
5588	4 
5589	35 
5590	135 
5591	132 
5592	60 
5593	127 
5594	90 
5595	143 
5596	74 
5597	105 
5598	133 
5599	90 
5600	90 
5601	19 
5602	81 
5603	63 
5604	57 
5605	111 
5606	90 
5607	66 
5608	23 
5609	32 
5610	90 
5611	143 
5612	74 
5613	117 
5614	91 
5615	46 
5616	49 
5617	66 
5618	89 
5619	68 
5620	111 
5621	5 
5622	70 
5623	1 
5624	68 
5625	105 
5626	77 
5627	127 
5628	99 
5629	16 
5630	66 
5631	23 
5632	84 
5633	89 
5634	54 
5635	110 
5636	29 
5637	4 
5638	12 
5639	54 
5640	54 
5641	132 
5642	105 
5643	82 
5644	105 
5645	71 
5646	63 
5647	41 
5648	34 
5649	46 
5650	71 
5651	133 
5652	49 
5653	77 
5654	68 
5655	11 
5656	32 
5657	60 
5658	68 
5659	67 
5660	105 
5661	41 
5662	67 
5663	91 
5664	70 
5665	54 
5666	47 
5667	34 
5668	61 
5669	11 
5670	81 
5671	90 
5672	82 
5673	133 
5674	64 
5675	10 
5676	58 
5677	127 
5678	5 
5679	70 
5680	61 
5681	105 
5682	68 
5683	121 
5684	103 
5685	11 
5686	110 
5687	70 
5688	133 
5689	128 
5690	99 
5691	138 
5692	82 
5693	29 
5694	103 
5695	32 
5696	29 
5697	91 
5698	128 
5699	23 
5700	81 
5701	5 
5702	77 
5703	11 
5704	74 
5705	89 
5706	121 
5707	110 
5708	32 
5709	67 
5710	64 
5711	32 
5712	133 
5713	135 
5714	58 
5715	138 
5716	23 
5717	103 
5718	77 
5719	47 
5720	41 
5721	66 
5722	132 
5723	105 
5724	77 
5725	105 
5726	63 
5727	127 
5728	81 
5729	46 
5730	133 
5731	133 
5732	32 
5733	127 
5734	29 
5735	138 
5736	34 
5737	70 
5738	67 
5739	135 
5740	68 
5741	63 
5742	117 
5743	81 
5744	96 
5745	77 
5746	90 
5747	57 
5748	4 
5749	90 
5750	67 
5751	57 
5752	53 
5753	133 
5754	66 
5755	53 
5756	96 
5757	70 
5758	90 
5759	117 
5760	34 
5761	84 
5762	130 
5763	117 
5764	68 
5765	90 
5766	91 
5767	105 
5768	82 
5769	57 
5770	135 
5771	128 
5772	117 
5773	135 
5774	90 
5775	64 
5776	81 
5777	90 
5778	54 
5779	91 
5780	67 
5781	133 
5782	90 
5783	127 
5784	1 
5785	77 
5786	68 
5787	133 
5788	127 
5789	68 
5790	135 
5791	69 
5792	70 
5793	10 
5794	105 
5795	47 
5796	1 
5797	81 
5798	110 
5799	74 
5800	1 
5801	57 
5802	63 
5803	4 
5804	133 
5805	58 
5806	20 
5807	10 
5808	96 
5809	110 
5810	1 
5811	41 
5812	74 
5813	11 
5814	32 
5815	69 
5816	74 
5817	1 
5818	64 
5819	64 
5820	82 
5821	32 
5822	11 
5823	96 
5824	11 
5825	66 
5826	82 
5827	66 
5828	117 
5829	63 
5830	117 
5831	58 
5832	130 
5833	66 
5834	133 
5835	41 
5836	66 
5837	47 
5838	117 
5839	133 
5840	110 
5841	110 
5842	57 
5843	63 
5844	10 
5845	11 
5846	29 
5847	1 
5848	64 
5849	29 
5850	66 
5851	57 
5852	135 
5853	11 
5854	110 
5855	133 
5856	67 
5857	105 
5858	90 
5859	77 
5860	63 
5861	63 
5862	63 
5863	135 
5864	82 
5865	74 
5866	135 
5867	110 
5868	81 
5869	130 
5870	110 
5871	29 
5872	57 
5873	63 
5874	69 
5875	57 
5876	110 
5877	20 
5878	127 
5879	105 
5880	135 
5881	4 
5882	10 
5883	66 
5884	57 
5885	57 
5886	67 
5887	20 
5888	68 
5889	91 
5890	133 
5891	81 
5892	74 
5893	68 
5894	29 
5895	135 
5896	81 
5897	91 
5898	66 
5899	29 
5900	69 
5901	67 
5902	110 
5903	29 
5904	81 
5905	53 
5906	11 
5907	130 
5908	130 
5909	74 
5910	133 
5911	81 
5912	82 
5913	130 
5914	47 
5915	4 
5916	1 
5917	29 
5918	57 
5919	91 
5920	53 
5921	70 
5922	133 
5923	68 
5924	84 
5925	70 
5926	133 
5927	84 
5928	67 
5929	110 
5930	84 
5931	90 
5932	91 
5933	70 
5934	57 
5935	29 
5936	82 
5937	10 
5938	57 
5939	135 
5940	130 
5941	70 
5942	47 
5943	135 
5944	67 
5945	133 
5946	84 
5947	10 
5948	29 
5949	81 
5950	29 
5951	105 
5952	47 
5953	130 
5954	70 
5955	135 
5956	4 
5957	11 
5958	29 
5959	133 
5960	135 
5961	57 
5962	47 
5963	105 
5964	69 
5965	90 
5966	29 
5967	70 
5968	110 
5969	90 
5970	90 
5971	47 
5972	133 
5973	70 
5974	10 
5975	90 
5976	1 
5977	77 
5978	11 
5979	67 
5980	70 
5981	110 
5982	67 
5983	1 
5984	110 
5985	135 
5986	77 
5987	70 
5988	135 
5989	110 
5990	1 
5991	133 
5992	133 
5993	135 
5994	10 
5995	110 
5996	10 
5997	135 
5998	67 
5999	133 
6000	11 
